           0            0            0            0            0            0            0            0            0            0            0            0            0            0            0            0
           0  -0.00644513   -0.0068814  -0.00653028  -0.00581114  -0.00499015   -0.0042414  -0.00367549   -0.0033516   -0.0032819  -0.00343281   -0.0037244  -0.00402717  -0.00415229   -0.0038277            0
           0  -0.00483578   0.00532424     0.021224    0.0401507    0.0591192    0.0752365    0.0860896    0.0900837    0.0866714    0.0764334    0.0609979    0.0428094    0.0247872   0.00993126            0
           0  -0.00106496    0.0252075    0.0644313     0.110549     0.156569     0.195572     0.221723     0.231141      0.22248     0.197133     0.159028     0.114047    0.0691558    0.0313844            0
           0   0.00395078    0.0493687     0.116161     0.194354     0.272257     0.338217     0.382377     0.398164     0.383291     0.340105     0.275241     0.198623     0.121976    0.0570656            0
           0   0.00924869    0.0738987     0.168309     0.278599     0.388389     0.481302     0.543461     0.565604     0.544504     0.483462     0.391815     0.283527     0.175074    0.0829518            0
           0    0.0139136    0.0949341     0.212807     0.350343      0.48719     0.602966     0.680388     0.707917     0.681526     0.605326     0.490944     0.355767       0.2203     0.105047            0
           0    0.0171895     0.109221     0.242836     0.398633     0.553604      0.68469      0.77233     0.803461     0.773522     0.687163     0.557547     0.404347     0.250761     0.119977            0
           0    0.0185797     0.114596     0.253853     0.416167     0.577591     0.714121      0.80539     0.837795     0.806589     0.716611     0.581564     0.421932     0.261864     0.125495            0
           0    0.0179156     0.110311     0.244279     0.400402     0.555654     0.686956     0.774728     0.805893     0.775887     0.689363     0.559494     0.405972     0.252012     0.120822            0
           0    0.0153797    0.0971417     0.215738     0.353949     0.491383     0.607612     0.685313     0.712917     0.686387     0.609841     0.494934     0.359088      0.22285     0.106766            0
           0    0.0114775     0.077273     0.172817      0.28418     0.394914     0.488563     0.551178     0.573448     0.552127      0.49053      0.39804     0.288687     0.179019    0.0855986            0
           0   0.00696271    0.0539687     0.122369     0.202116     0.281407     0.348464     0.393312     0.409299     0.394105     0.350103     0.284003     0.205838     0.127451    0.0607114            0
           0    0.0027264    0.0310778    0.0724789      0.12076     0.168755      0.20934     0.236499      0.24622      0.23711     0.210603     0.170746     0.123598    0.0763165    0.0360959            0
           0 -0.000332746    0.0124501    0.0312332    0.0531327    0.0748823    0.0932677     0.105585     0.110036        0.106    0.0941225    0.0762258    0.0550357    0.0337816    0.0157293            0
           0            0            0            0            0            0            0            0            0            0            0            0            0            0            0            0
