          0           0           0           0           0           0           0           0           0           0           0           0           0           0           0           0
          0 -0.00418882 -0.00275492 0.000559992  0.00503446  0.00982034   0.0140718   0.0170735   0.0183487   0.0177299    0.015383   0.0117783  0.00761345   0.0036958 0.000799531           0
          0 -0.00589851 0.000604025   0.0120534   0.0263942   0.0411976   0.0540361    0.062855   0.0662835    0.063842   0.0560136   0.0441666   0.0303405   0.0169233  0.00626375           0
          0 -0.00780327  0.00600471   0.0289422   0.0570991   0.0858629    0.110626    0.127488    0.133846    0.128793    0.113249   0.0898254   0.0624195    0.035615   0.0139664           0
          0  -0.0098573   0.0124466   0.0486551   0.0927211    0.137529    0.175975    0.202048    0.211737    0.203645    0.179196    0.142424   0.0993588   0.0571066   0.0227684           0
          0  -0.0118497   0.0188951   0.0682527    0.128059    0.188724    0.240685    0.275845    0.288807    0.277692    0.244421    0.194434    0.135865    0.078317   0.0314147           0
          0  -0.0135074   0.0243755   0.0848353     0.15792    0.231956    0.295304    0.338116    0.353829    0.340154    0.299436    0.238295    0.166643   0.0961863   0.0386813           0
          0  -0.0145753   0.0280852   0.0959607    0.177906    0.260858    0.331797    0.379708    0.397249    0.381862     0.33617    0.267586    0.187202    0.108127    0.043541           0
          0  -0.0148754   0.0294958    0.100002    0.185079    0.271177    0.344789    0.394492    0.412671    0.396675    0.349225     0.27801    0.194538    0.112412     0.04531           0
          0  -0.0143434   0.0284234   0.0963898    0.178408    0.261414    0.332387    0.380311    0.397845    0.382434    0.336699    0.268055    0.187595    0.108432   0.0437474           0
          0  -0.0130412   0.0250537   0.0856938    0.158922    0.233062    0.296475    0.339313    0.355012    0.341287    0.300482    0.239224    0.167423   0.0967915   0.0390909           0
          0  -0.0111437   0.0199179    0.069541    0.129555     0.19037     0.24242    0.277612    0.290552     0.27936    0.245964    0.195803    0.137016   0.0792116   0.0320208           0
          0  -0.0089006   0.0138224   0.0503739   0.0947016     0.13969    0.178241    0.204345    0.213998    0.205804    0.181193    0.144199    0.100855   0.0582727   0.0235604           0
          0 -0.00657419  0.00774961   0.0310924   0.0595443   0.0885004    0.113364    0.130243    0.136546    0.131367    0.115632   0.0919505   0.0642196   0.0370255   0.0149291           0
          0 -0.00435325  0.00274939   0.0146382   0.0292719   0.0442432   0.0571475     0.06595   0.0692942   0.0667077   0.0586735   0.0465546    0.032383   0.0185412   0.0073797           0
          0           0           0           0           0           0           0           0           0           0           0           0           0           0           0           0
