           0            0            0            0            0            0            0            0            0            0            0            0            0            0            0            0
           0 -0.000102843   0.00159291   0.00430128   0.00761371    0.0110122     0.013963    0.0160065    0.0168321    0.0163269     0.014592    0.0119234   0.00875924   0.00560077   0.00291458            0
           0 -0.000452748   0.00338609   0.00946153    0.0168335    0.0243466    0.0308251    0.0352635    0.0369855     0.035749    0.0317817    0.0257419     0.018609    0.0115188   0.00556488            0
           0  -0.00116418   0.00547791    0.0159739    0.0286703    0.0415702    0.0526567    0.0602113    0.0630811    0.0608567    0.0539335    0.0434467    0.0310892    0.0188395   0.00863526            0
           0  -0.00214847   0.00761526     0.023058     0.041715    0.0606424    0.0768801    0.0879115    0.0920516    0.0887051    0.0784562    0.0629758      0.04476    0.0267379    0.0118075            0
           0  -0.00322705   0.00956652    0.0298301    0.0543002    0.0791053     0.100364     0.114781     0.120152     0.115702       0.1022    0.0818412    0.0579075    0.0342606    0.0147437            0
           0  -0.00419267    0.0111266    0.0354208    0.0647538    0.0944759     0.119934      0.13718     0.143578       0.1382     0.121971    0.0975267    0.0688074    0.0404583    0.0171177            0
           0  -0.00485927    0.0121311    0.0390968    0.0716543     0.104637     0.132878     0.151999     0.159075     0.153079      0.13504     0.107884    0.0759906    0.0445253    0.0186555            0
           0   -0.0051001    0.0124716    0.0403676    0.0740476     0.108164     0.137373     0.157145     0.164455     0.158242      0.13957     0.111469    0.0784695    0.0459202    0.0191729            0
           0  -0.00487164    0.0121078    0.0390566    0.0715923      0.10455     0.132769     0.151872     0.158937     0.152938     0.134906     0.107764    0.0758899    0.0444476    0.0186022            0
           0  -0.00422154     0.011072    0.0353269    0.0646099    0.0942774     0.119684      0.13689     0.143264     0.137882     0.121669    0.0972575    0.0685834    0.0402865    0.0170007            0
           0   -0.0032795   0.00946551     0.029656    0.0540342    0.0787402    0.0999067     0.114252     0.119584      0.11513     0.101661    0.0813642    0.0575139    0.0339617    0.0145424            0
           0  -0.00223151   0.00744847    0.0227653    0.0412653    0.0600252    0.0761094    0.0870244    0.0911024    0.0877561    0.0775678    0.0621977    0.0441254    0.0262623    0.0114919            0
           0  -0.00127862   0.00522723    0.0155152    0.0279526    0.0405783    0.0514166    0.0587867    0.0615632    0.0593486    0.0525338    0.0422345     0.030115    0.0181222   0.00816876            0
           0 -0.000580855   0.00304539   0.00878566    0.0157396    0.0228124    0.0288964     0.033047    0.0346309    0.0334238    0.0296437    0.0239151    0.0171676     0.010483   0.00491056            0
           0            0            0            0            0            0            0            0            0            0            0            0            0            0            0            0
