           0            0            0            0            0            0            0            0            0            0            0            0            0            0            0            0
           0   -0.0119819   -0.0126177   -0.0108441  -0.00755856  -0.00367014 -2.57865e-05    0.0026829   0.00400535   0.00379068   0.00220695 -0.000283708  -0.00299134  -0.00509586    -0.005761            0
           0    -0.014584   -0.0045275    0.0140457    0.0375437    0.0618656    0.0829738    0.0974747     0.103117    0.0991212    0.0862998    0.0669315    0.0444224    0.0227952   0.00608451            0
           0   -0.0160622    0.0102905    0.0537496     0.106869     0.160973     0.207443     0.238999     0.250798     0.241158     0.211815     0.167665     0.116028    0.0655431    0.0248689            0
           0   -0.0168369    0.0288966     0.101646     0.189481     0.278411     0.354491     0.405925     0.424856     0.408549      0.35982     0.286609     0.200789      0.11638    0.0474341            0
           0   -0.0171606    0.0480499      0.15009     0.272566     0.396206     0.501772     0.572983     0.598985        0.576     0.507916     0.405698      0.28575     0.167442     0.070201            0
           0   -0.0171869     0.064608      0.19151     0.343351      0.49639     0.626918     0.714861     0.746832     0.718175     0.633678     0.506872     0.357987      0.21092    0.0896481            0
           0   -0.0170063    0.0759499     0.219527     0.391033     0.563744     0.710966     0.810092     0.846046     0.813582     0.718096     0.574823     0.406556     0.240214     0.102813            0
           0   -0.0166633    0.0803428     0.229894      0.40841     0.588114     0.741259     0.844346     0.881703     0.847876     0.748475     0.599339     0.424162     0.250929     0.107729            0
           0   -0.0161652     0.077191      0.22114     0.392976      0.56596     0.713382     0.812622     0.848594      0.81605     0.720389     0.576858     0.408261     0.241536     0.103713            0
           0   -0.0154848     0.067123     0.194785     0.347303     0.500904     0.631845     0.720025     0.752036     0.723214     0.638359     0.511019     0.361457     0.213605    0.0914738            0
           0   -0.0145596    0.0519021      0.15512     0.278657     0.403183     0.509408     0.580998     0.607067     0.583827     0.515176     0.412119     0.291109     0.171576    0.0730037            0
           0   -0.0132866    0.0341742     0.108571     0.197907     0.288109     0.365143     0.417135     0.436172     0.419503     0.369963     0.295549     0.208218     0.122083    0.0512831            0
           0   -0.0115091    0.0170947    0.0627403     0.117891     0.173747      0.22155     0.253898     0.265862      0.25573     0.225271      0.17947     0.125773     0.072966    0.0298398            0
           0  -0.00898985   0.00389446    0.0252924    0.0514867    0.0781846     0.101134     0.116748     0.122643     0.117993     0.103659    0.0820538    0.0567838    0.0320966    0.0122322            0
           0            0            0            0            0            0            0            0            0            0            0            0            0            0            0            0
