           0            0            0            0            0            0            0            0            0            0            0            0            0            0            0            0
           0  -0.00734053   -0.0062798  -0.00329619  0.000751482   0.00504015   0.00882311    0.0114982    0.0126755     0.012225    0.0102932   0.00728196   0.00379637  0.000567858  -0.00162787            0
           0  -0.00667723   0.00696662    0.0287774    0.0550527    0.0815949     0.104281     0.119648     0.125398     0.120734     0.106483    0.0849675    0.0596647    0.0346909    0.0141974            0
           0  -0.00434982    0.0280203     0.077463     0.136194     0.195151     0.245325     0.279108     0.291433     0.280537      0.24823     0.199623     0.142359     0.085466    0.0379934            0
           0  -0.00111983    0.0533121     0.135146     0.231844     0.328678     0.410949     0.466217     0.486183     0.467958       0.4145     0.334172      0.23948      0.14518    0.0660457            0
           0   0.00232235    0.0788178     0.192969     0.327509     0.462074     0.576304     0.652952     0.680508     0.654959     0.580407     0.468452     0.336437     0.204824    0.0940896            0
           0   0.00536936     0.100594     0.242136     0.408726     0.575233     0.716513     0.811249     0.845218     0.813457     0.721034     0.582288     0.418657     0.255427     0.117905            0
           0   0.00753948     0.115332     0.275217     0.463251     0.651119      0.81048     0.917305     0.955554     0.919632     0.815252     0.658583     0.473795     0.289401     0.133931            0
           0   0.00852383     0.120837     0.287263     0.482916     0.678359     0.844125     0.955226     0.994984      0.95758     0.848955     0.685921     0.493615     0.301686       0.1398            0
           0   0.00822097     0.116349     0.276552     0.464875     0.652987     0.812532     0.919465     0.957737     0.921749     0.817218     0.660322     0.475247      0.29052     0.134687            0
           0   0.00674845     0.102656     0.244851     0.412037     0.579051     0.720713     0.815677     0.849695     0.817799     0.725063     0.585847     0.421621     0.257707     0.119442            0
           0   0.00442785    0.0819783     0.197149     0.332631     0.468006     0.582853      0.65987     0.687511     0.661748     0.586695     0.473992     0.341035     0.208346    0.0964553            0
           0   0.00174564    0.0576392      0.14091     0.238961     0.336975     0.420157     0.475977     0.496076     0.477543     0.423356     0.341941     0.245889     0.150056    0.0693002            0
           0 -0.000700925    0.0335799    0.0849516     0.145543     0.206156     0.257629     0.292213     0.304743      0.29342     0.260089     0.209957      0.15081     0.091827    0.0421942            0
           0  -0.00225786    0.0137884    0.0381216    0.0669128    0.0957527     0.120274     0.136791     0.142853     0.137607     0.121932    0.0983052    0.0704256    0.0426565    0.0193644            0
           0            0            0            0            0            0            0            0            0            0            0            0            0            0            0            0
