           0            0            0            0            0            0            0            0            0            0            0            0            0            0            0            0
           0  -0.00870118   -0.0081223  -0.00544934  -0.00156279   0.00267766   0.00648457   0.00921965    0.0104679    0.0100896   0.00823732   0.00533447    0.0020177 -0.000946369  -0.00275295            0
           0  -0.00892913   0.00385526    0.0250316    0.0508782    0.0771651     0.099733     0.115087     0.120907     0.116387     0.102358      0.08116    0.0562967     0.031914    0.0121876            0
           0  -0.00759264    0.0234858    0.0719021      0.12986     0.188277     0.238124     0.271776     0.284152     0.273484     0.241582     0.193565     0.137088    0.0811929    0.0349423            0
           0  -0.00537508    0.0473181     0.127709     0.223257     0.319231     0.400935     0.455929     0.475917     0.458007     0.405155     0.325716     0.232189     0.139325    0.0618961            0
           0  -0.00286545    0.0714776     0.183795     0.316825      0.45022     0.563646     0.639877     0.667422     0.642269     0.568513     0.457733     0.327244     0.197483    0.0889083            0
           0 -0.000565867    0.0921742     0.231566     0.396351     0.561433      0.70171     0.795911     0.829837     0.798538     0.707066     0.569729     0.407919     0.246879     0.111886            0
           0   0.00113253     0.106231     0.263764     0.449805     0.636082     0.794313     0.900523     0.938709     0.903289      0.79996     0.644849     0.462071     0.280083     0.127378            0
           0   0.00198144     0.111541     0.275557      0.46916     0.662962     0.827557     0.938018     0.977705     0.940814     0.833269     0.671839     0.481599     0.292139     0.133087            0
           0   0.00189979     0.107374     0.265261     0.451618     0.638161     0.796589     0.902913     0.941121     0.905626     0.802131     0.646771     0.463676     0.281321     0.128214            0
           0  0.000981985    0.0944842     0.234596     0.400032     0.565662     0.706347     0.800786     0.834759     0.803307     0.711492     0.573642     0.411181     0.249391      0.11358            0
           0 -0.000513275    0.0749988     0.188432     0.322481     0.456742     0.570819     0.647434     0.675056     0.649665     0.575367     0.463777     0.332268     0.201337    0.0914995            0
           0  -0.00219124    0.0521078     0.134055     0.231048     0.328266     0.410918     0.466477     0.486589     0.468341     0.414708     0.334109     0.239129     0.144617    0.0654346            0
           0  -0.00355889    0.0295983    0.0800773     0.139993     0.200129     0.251308     0.285767     0.298333     0.287204     0.254223     0.204605     0.146145    0.0880348    0.0394744            0
           0  -0.00405854    0.0113136    0.0351489    0.0636002    0.0922322     0.116651     0.133148     0.139257     0.134119     0.118616    0.0952391    0.0677068    0.0404061    0.0177247            0
           0            0            0            0            0            0            0            0            0            0            0            0            0            0            0            0
