          0           0           0           0           0           0           0           0           0           0           0           0           0           0           0           0
          0  -0.0092434 -0.00885772  -0.0063096 -0.00248821  0.00173154  0.00554524  0.00829965  0.00956974  0.00921225  0.00738354  0.00451718  0.00126447 -0.00159206 -0.00323491           0
          0   -0.009865  0.00252283   0.0233732   0.0489658   0.0750679   0.0975165    0.112813    0.118635    0.114177     0.10027   0.0792562   0.0546444   0.0305829   0.0112481           0
          0 -0.00898646   0.0214412   0.0692656    0.126707    0.184703    0.234244    0.267721    0.280065    0.269513    0.237871    0.190247    0.134281   0.0789956   0.0334339           0
          0   -0.007251   0.0445146    0.124016     0.21875     0.31403    0.395208    0.449887    0.469801    0.452067    0.399632    0.320826    0.228106    0.136177    0.059768           0
          0 -0.00519525   0.0679548    0.179095    0.311017    0.443448    0.556131    0.631909    0.659335    0.634417    0.561233     0.45132    0.321929     0.19342   0.0861855           0
          0  -0.0032668   0.0880609    0.226035    0.389468    0.553358    0.692709    0.786337    0.820108    0.789092    0.698323     0.56205    0.401579    0.242058    0.108671           0
          0 -0.00180966    0.101733     0.25769    0.442216    0.627151    0.784334    0.889893    0.927898    0.892792    0.790252    0.636336    0.455058    0.274763    0.123839           0
          0 -0.00104025    0.106915    0.269301    0.461334    0.653742    0.817246    0.927028    0.966525    0.929959    0.823233    0.663042    0.474358     0.28665    0.129439           0
          0 -0.00102821    0.102896    0.259211    0.444057     0.62926     0.78664    0.892313    0.930339    0.895158    0.792449    0.638281    0.456684    0.276017    0.124687           0
          0 -0.00168989    0.090412    0.229115    0.393205    0.557646    0.697406    0.791272    0.825088    0.793916      0.7028     0.56601    0.404883    0.244602    0.110388           0
          0  -0.0027976   0.0715399    0.183809    0.316759    0.450059    0.563394    0.639554    0.667055    0.641895    0.568164    0.457435    0.327015    0.197324   0.0888118           0
          0 -0.00400237   0.0493943     0.13047    0.226657    0.323185     0.40531    0.460551    0.480584    0.462507    0.409286    0.329312    0.235129    0.141538   0.0633556           0
          0 -0.00486351   0.0276758   0.0775835    0.136992    0.196707    0.247574    0.281852    0.294379    0.283359    0.250634    0.201404    0.143444   0.0859281   0.0380322           0
          0 -0.00487203   0.0101453   0.0336774   0.0618801   0.0903207    0.114607    0.131034    0.137134    0.132052     0.11667    0.093476    0.066189   0.0391936   0.0168747           0
          0           0           0           0           0           0           0           0           0           0           0           0           0           0           0           0
