          0           0           0           0           0           0           0           0           0           0           0           0           0           0           0           0
          0  -0.0115013  -0.0120237  -0.0101254 -0.00671135 -0.00270365    0.001036  0.00380253  0.00513575   0.0048806  0.00320708 0.000585059 -0.00228299 -0.00456122 -0.00539526           0
          0  -0.0139583 -0.00379637   0.0149073   0.0385479   0.0630061   0.0842249   0.0987937    0.104448    0.100404   0.0874756   0.0679497   0.0452473   0.0234092  0.00649012           0
          0  -0.0152711   0.0111876   0.0547969     0.10809    0.162365    0.208975    0.240619    0.252436    0.242735    0.213256    0.168905     0.11702   0.0662627   0.0253128           0
          0  -0.0158727   0.0299717    0.102899    0.190948    0.280092     0.35635    0.407897    0.426851     0.41047     0.36157    0.288106    0.201973    0.117216   0.0479128           0
          0   -0.016034   0.0492935     0.15154    0.274271    0.398169    0.503952      0.5753    0.601332     0.57826     0.50997    0.407448    0.287121    0.168389   0.0707083           0
          0   -0.015929   0.0659882    0.193121    0.345252    0.498586    0.629363    0.717464    0.749472    0.720714    0.635984    0.508828    0.359509    0.211956   0.0901747           0
          0  -0.0156662    0.077415    0.221238    0.393056    0.566087    0.713578    0.812876     0.84887    0.816297    0.720558    0.576909    0.408171    0.241302    0.103347           0
          0  -0.0153029   0.0818271    0.231628    0.410461    0.590491     0.74391    0.847172    0.884569    0.850631    0.750972    0.601451    0.425793    0.252021    0.108254           0
          0  -0.0148517   0.0786228     0.22281     0.39495    0.568245    0.715929    0.815336    0.851346    0.818695    0.722785    0.578883    0.409824     0.24258    0.104212           0
          0  -0.0142822   0.0684329    0.196308    0.349097    0.502975    0.634149    0.722476    0.754519      0.7256     0.64052    0.512846    0.362868    0.214549   0.0919289           0
          0   -0.013521   0.0530315    0.156425    0.280182    0.404933    0.511346    0.583054    0.609146    0.585823    0.516985    0.413649    0.292293    0.172373   0.0733957           0
          0  -0.0124476   0.0350819    0.109604    0.199097    0.289456    0.366621    0.418692    0.437741    0.421007    0.371327    0.296707    0.209119    0.122695   0.0515942           0
          0   -0.010884   0.0177613   0.0634739    0.118705    0.174639    0.222504    0.254886    0.266848    0.256673    0.226129    0.180203    0.126352   0.0733681   0.0300547           0
          0  -0.0085682  0.00432562   0.0257229   0.0519088   0.0785936    0.101527    0.117124    0.123001    0.118332    0.103973   0.0823365   0.0570232   0.0322783   0.0123422           0
          0           0           0           0           0           0           0           0           0           0           0           0           0           0           0           0
