          0           0           0           0           0           0           0           0           0           0           0           0           0           0           0           0
          0   -0.011109  -0.0114565 -0.00942361 -0.00591597 -0.00185028  0.00191933    0.004695  0.00602147  0.00574534  0.00403465  0.00135414  -0.0016008 -0.00400125 -0.00499647           0
          0  -0.0132181 -0.00257934   0.0166215   0.0407419   0.0656232   0.0871708    0.101943    0.107653    0.103512   0.0903381   0.0704403   0.0472703    0.024907   0.0074457           0
          0  -0.0141087   0.0132354   0.0578499    0.112176    0.167404    0.214782    0.246916    0.258885    0.248977    0.218953    0.173778    0.120879   0.0690252   0.0270037           0
          0  -0.0142566   0.0329355    0.107451    0.197174    0.287889    0.365427    0.417801    0.437021    0.420308    0.370514    0.295699     0.20792    0.121408   0.0504273           0
          0  -0.0139857   0.0531422    0.157553    0.282592    0.408675    0.516247    0.588759    0.615172    0.591643    0.522112    0.417718    0.295118     0.17398   0.0740255           0
          0  -0.0135243    0.070573    0.200355    0.355329    0.511366    0.644364    0.733913    0.766399     0.73708    0.650816    0.521348    0.369227    0.218719   0.0941628           0
          0  -0.0130271    0.082486     0.22928    0.404299    0.580378    0.730379    0.831314    0.867852    0.834649    0.737181    0.590925    0.419033    0.248844     0.10778           0
          0   -0.012583   0.0870671    0.239952    0.422111    0.605311    0.761341    0.866308    0.904272     0.86968    0.768224    0.615993    0.437057    0.259837    0.112843           0
          0  -0.0122156   0.0836904    0.230849     0.40619    0.582536    0.732731    0.833777    0.870331     0.83705    0.739412    0.592903    0.420688    0.250123    0.108646           0
          0   -0.011884     0.07301    0.203534    0.359169    0.515754    0.649154    0.738931    0.771454    0.741975    0.655361    0.525372     0.37259    0.221315   0.0959174           0
          0  -0.0114844   0.0568666    0.162425    0.288495    0.415438    0.523648    0.596525    0.623001    0.599222    0.529141    0.423929    0.300295    0.177965   0.0767125           0
          0  -0.0108513   0.0380226    0.114136     0.20531    0.297252    0.375708    0.428617    0.447937    0.430871    0.380292    0.304314    0.215072    0.126887   0.0541062           0
          0 -0.00975442    0.019771   0.0664939    0.122771    0.179678    0.228329    0.261217    0.273339    0.262957    0.231859    0.185096    0.130217   0.0761271   0.0317378           0
          0 -0.00788263  0.00547968   0.0273832   0.0540724   0.0812116    0.104505    0.120329    0.126275    0.121505    0.106887   0.0848556   0.0590511   0.0337633   0.0132786           0
          0           0           0           0           0           0           0           0           0           0           0           0           0           0           0           0
