           0            0            0            0            0            0            0            0            0            0            0            0            0            0            0            0
           0   -0.0102334   -0.0102202  -0.00792464   -0.0042478 -8.95014e-05   0.00371722   0.00649373   0.00779784   0.00748053   0.00570473   0.00292167  -0.00019226  -0.00282768  -0.00414682            0
           0   -0.0116157 -6.81208e-05    0.0200279    0.0449763    0.0705645    0.0926471      0.10774      0.11353     0.109214    0.0956233    0.0750915    0.0511124    0.0278167    0.0093566            0
           0   -0.0116349    0.0173477    0.0637351     0.119828     0.176655     0.225299     0.258231     0.270436     0.260168     0.229219     0.182645      0.12801    0.0742432    0.0302961            0
           0   -0.0108516    0.0387988     0.116091     0.208665     0.302016     0.381677     0.435409     0.455053     0.437766     0.386458     0.309358      0.21877     0.129218    0.0552574            0
           0  -0.00969637    0.0606896     0.168863     0.297828     0.427576     0.538124     0.612554     0.639578     0.615264     0.543637     0.436078     0.309609     0.184321    0.0803489            0
           0  -0.00850699    0.0795169     0.213891     0.373695     0.534267     0.670961     0.762901     0.796158     0.765878     0.677027     0.543654     0.386769     0.231176     0.101732            0
           0  -0.00753259    0.0923502     0.244288     0.424738     0.605932      0.76011     0.863754     0.901169     0.866887     0.766505     0.615851       0.4386     0.262703     0.116174            0
           0  -0.00692548    0.0972481      0.25547     0.443271      0.63179     0.792167     0.899953     0.938834     0.903122     0.798636     0.641834      0.45733     0.274184     0.121524            0
           0  -0.00673222    0.0935396      0.24584     0.426614     0.608076     0.762451     0.866206     0.903641     0.869282     0.768729     0.617821     0.440248     0.263975     0.117035            0
           0  -0.00689061    0.0819225     0.217036     0.377502     0.538625     0.675727     0.767901     0.801199      0.77076     0.681559     0.547664     0.390117     0.233757     0.103476            0
           0  -0.00723507    0.0643618      0.17368     0.303678     0.434294      0.54549     0.620294     0.647388     0.622827     0.550649      0.44227     0.314764     0.188284    0.0830179            0
           0  -0.00750859     0.043806     0.122691     0.216725     0.311318     0.391915     0.446198     0.465952     0.448314     0.396218     0.317948      0.22589     0.134664    0.0589074            0
           0  -0.00737585    0.0237632    0.0722558     0.130316     0.188849     0.238799     0.272511     0.284884     0.274143     0.242111     0.193933     0.137303    0.0812924    0.0349838            0
           0  -0.00642643   0.00781002    0.0306101    0.0581589    0.0860546     0.109936     0.126124     0.132171     0.127227      0.11217    0.0894724    0.0628274    0.0365899    0.0151127            0
           0            0            0            0            0            0            0            0            0            0            0            0            0            0            0            0
