           0            0            0            0            0            0            0            0            0            0            0            0            0            0            0            0
           0    -0.004385  -0.00263072   0.00095452   0.00552139     0.010228    0.0142932    0.0170784    0.0181653    0.0174115    0.0149699    0.0112696   0.00696112   0.00283976 -0.000230046            0
           0  -0.00263072    0.0115854    0.0337847    0.0603052    0.0869717     0.109669     0.124934     0.130461     0.125448     0.110714    0.0885806    0.0625269    0.0366849     0.015246            0
           0   0.00095452    0.0337847    0.0834396     0.142199     0.201051     0.251025     0.284534     0.296521     0.285215     0.252407     0.203179     0.145138    0.0872741    0.0386139            0
           0   0.00552139    0.0603052     0.142199     0.238749     0.335294     0.417195     0.472047     0.491572     0.472871      0.41887     0.337876     0.242321     0.146871    0.0662081            0
           0     0.010228    0.0869717     0.201051     0.335294      0.46942     0.583141     0.659259     0.686286       0.6602     0.585056     0.472375     0.339391     0.206429    0.0938062            0
           0    0.0142932     0.109669     0.251025     0.417195     0.583141     0.723801     0.817918      0.85129     0.818942     0.725889     0.586368     0.421679     0.256934     0.117222            0
           0    0.0170784     0.124934     0.284534     0.472047     0.659259     0.817918     0.924057     0.961664     0.925128     0.820102      0.66264     0.476756     0.290756      0.13292            0
           0    0.0181653     0.130461     0.296521     0.491572     0.686286      0.85129     0.961664      1.00076     0.962742     0.853489     0.689693     0.496321     0.302804     0.138545            0
           0    0.0174115     0.125448     0.285215     0.472871       0.6602     0.818942     0.925128     0.962742     0.926172     0.821071     0.663497     0.477468     0.291298     0.133273            0
           0    0.0149699     0.110714     0.252407      0.41887     0.585056     0.725889     0.820102     0.853489     0.821071     0.727864     0.588114     0.423131     0.258038     0.117939            0
           0    0.0112696    0.0885806     0.203179     0.337876     0.472375     0.586368      0.66264     0.689693     0.663497     0.588114     0.475076     0.341635     0.208135    0.0949146            0
           0   0.00696112    0.0625269     0.145138     0.242321     0.339391     0.421679     0.476756     0.496321     0.477468     0.423131     0.341635     0.245439     0.149239    0.0677475            0
           0   0.00283976    0.0366849    0.0872741     0.146871     0.206429     0.256934     0.290756     0.302804     0.291298     0.258038     0.208135     0.149239    0.0903864    0.0406395            0
           0 -0.000230046     0.015246    0.0386139    0.0662081    0.0938062     0.117222      0.13292     0.138545     0.133273     0.117939    0.0949146    0.0677475    0.0406395    0.0178309            0
           0            0            0            0            0            0            0            0            0            0            0            0            0            0            0            0
