           0            0            0            0            0            0            0            0            0            0            0            0            0            0            0            0
           0  -0.00440159  -0.00265639  0.000920726   0.00548071    0.0101819    0.0142435    0.0170268    0.0181138    0.0173619     0.014924    0.0112291   0.00692755   0.00281429 -0.000246508            0
           0  -0.00265639    0.0115457    0.0337323    0.0602422    0.0869003     0.109592     0.124853     0.130381     0.125371     0.110643    0.0885179    0.0624748    0.0366455    0.0152205            0
           0  0.000920726    0.0337323    0.0833705     0.142116     0.200957     0.250923     0.284429     0.296415     0.285113     0.252313     0.203096     0.145069    0.0872221    0.0385804            0
           0   0.00548071    0.0602422     0.142116     0.238649     0.335181     0.417072      0.47192     0.491445     0.472749     0.418757     0.337777     0.242238     0.146808    0.0661678            0
           0    0.0101819    0.0869003     0.200957     0.335181     0.469292     0.583003     0.659115     0.686143     0.660062     0.584928     0.472262     0.339298     0.206358    0.0937605            0
           0    0.0142435     0.109592     0.250923     0.417072     0.583003     0.723651     0.817762     0.851134     0.818793     0.725751     0.586246     0.421578     0.256857     0.117173            0
           0    0.0170268     0.124853     0.284429      0.47192     0.659115     0.817762     0.923895     0.961503     0.924974     0.819959     0.662514     0.476651     0.290677     0.132869            0
           0    0.0181138     0.130381     0.296415     0.491445     0.686143     0.851134     0.961503       1.0006     0.962588     0.853346     0.689567     0.496216     0.302725     0.138494            0
           0    0.0173619     0.125371     0.285113     0.472749     0.660062     0.818793     0.924974     0.962588     0.926023     0.820933     0.663376     0.477367     0.291222     0.133223            0
           0     0.014924     0.110643     0.252313     0.418757     0.584928     0.725751     0.819959     0.853346     0.820933     0.727737     0.588002     0.423038     0.257967     0.117894            0
           0    0.0112291    0.0885179     0.203096     0.337777     0.472262     0.586246     0.662514     0.689567     0.663376     0.588002     0.474977     0.341553     0.208073    0.0948745            0
           0   0.00692755    0.0624748     0.145069     0.242238     0.339298     0.421578     0.476651     0.496216     0.477367     0.423038     0.341553      0.24537     0.149188    0.0677142            0
           0   0.00281429    0.0366455    0.0872221     0.146808     0.206358     0.256857     0.290677     0.302725     0.291222     0.257967     0.208073     0.149188    0.0903472    0.0406143            0
           0 -0.000246508    0.0152205    0.0385804    0.0661678    0.0937605     0.117173     0.132869     0.138494     0.133223     0.117894    0.0948745    0.0677142    0.0406143    0.0178145            0
           0            0            0            0            0            0            0            0            0            0            0            0            0            0            0            0
