           0            0            0            0            0            0            0            0            0            0            0            0            0            0            0            0
           0  -0.00412511   -0.0022316    0.0014738   0.00613697     0.010913    0.0150196    0.0178183    0.0188921    0.0181004    0.0155986    0.0118181    0.0074125   0.00318009 -1.11804e-05            0
           0   -0.0022316    0.0121994    0.0345836    0.0612519    0.0880246     0.110785     0.126069     0.131576     0.126505     0.111678    0.0894215    0.0632186    0.0372061    0.0155806            0
           0    0.0014738    0.0345836    0.0844788      0.14343      0.20242     0.252474     0.286009     0.297967     0.286584     0.253656     0.204268     0.146034    0.0879488    0.0390469            0
           0   0.00613697    0.0612519      0.14343     0.240206     0.336913     0.418907     0.473788     0.493279     0.474487     0.420342      0.33916     0.243376     0.147666    0.0667182            0
           0     0.010913    0.0880246      0.20242     0.336913     0.471216      0.58504     0.661188     0.688176     0.661987     0.586684     0.473793     0.340557     0.207307    0.0943698            0
           0    0.0150196     0.110785     0.252474     0.418907      0.58504     0.725807     0.819954     0.853283     0.820826     0.727604     0.587862     0.422907     0.257858     0.117815            0
           0    0.0178183     0.126069     0.286009     0.473788     0.661188     0.819954     0.926121     0.963683     0.927036     0.821838     0.664151     0.477997     0.291691      0.13352            0
           0    0.0188921     0.131576     0.297967     0.493279     0.688176     0.853283     0.963683      1.00273     0.964605     0.855183     0.691167     0.497531     0.303716      0.13913            0
           0    0.0181004     0.126505     0.286584     0.474487     0.661987     0.820826     0.927036     0.964605      0.92793     0.822668     0.664886     0.478609     0.292157     0.133824            0
           0    0.0155986     0.111678     0.253656     0.420342     0.586684     0.727604     0.821838     0.855183     0.822668     0.729315     0.589376     0.424167     0.258817      0.11844            0
           0    0.0118181    0.0894215     0.204268      0.33916     0.473793     0.587862     0.664151     0.691167     0.664886     0.589376     0.476173     0.342535     0.208812    0.0953496            0
           0    0.0074125    0.0632186     0.146034     0.243376     0.340557     0.422907     0.477997     0.497531     0.478609     0.424167     0.342535     0.246177     0.149795    0.0681045            0
           0   0.00318009    0.0372061    0.0879488     0.147666     0.207307     0.257858     0.291691     0.303716     0.292157     0.258817     0.208812     0.149795    0.0908048    0.0409084            0
           0 -1.11804e-05    0.0155806    0.0390469    0.0667182    0.0943698     0.117815      0.13352      0.13913     0.133824      0.11844    0.0953496    0.0681045    0.0409084    0.0180039            0
           0            0            0            0            0            0            0            0            0            0            0            0            0            0            0            0
