           0            0            0            0            0            0            0            0            0            0            0            0            0            0            0            0
           0  -0.00439499  -0.00264618  0.000934173    0.0054969    0.0102002    0.0142633    0.0170474    0.0181343    0.0173817    0.0149423    0.0112453   0.00694096   0.00282447 -0.000239926            0
           0  -0.00264618    0.0115615    0.0337532    0.0602673    0.0869287     0.109623     0.124885     0.130413     0.125402     0.110672     0.088543    0.0624956    0.0366612    0.0152307            0
           0  0.000934173    0.0337532     0.083398     0.142149     0.200995     0.250964     0.284471     0.296457     0.285154     0.252351     0.203129     0.145097    0.0872429    0.0385938            0
           0    0.0054969    0.0602673     0.142149     0.238689     0.335226     0.417121     0.471971     0.491496     0.472798     0.418802     0.337817     0.242271     0.146833    0.0661839            0
           0    0.0102002    0.0869287     0.200995     0.335226     0.469343     0.583058     0.659173       0.6862     0.660117     0.584979     0.472307     0.339335     0.206386    0.0937788            0
           0    0.0142633     0.109623     0.250964     0.417121     0.583058     0.723711     0.817824     0.851196     0.818853     0.725806     0.586295     0.421619     0.256888     0.117192            0
           0    0.0170474     0.124885     0.284471     0.471971     0.659173     0.817824      0.92396     0.961567     0.925036     0.820016     0.662565     0.476693     0.290708      0.13289            0
           0    0.0181343     0.130413     0.296457     0.491496       0.6862     0.851196     0.961567      1.00066      0.96265     0.853403     0.689617     0.496258     0.302757     0.138514            0
           0    0.0173817     0.125402     0.285154     0.472798     0.660117     0.818853     0.925036      0.96265     0.926083     0.820989     0.663424     0.477408     0.291252     0.133243            0
           0    0.0149423     0.110672     0.252351     0.418802     0.584979     0.725806     0.820016     0.853403     0.820989     0.727788     0.588047     0.423075     0.257996     0.117912            0
           0    0.0112453     0.088543     0.203129     0.337817     0.472307     0.586295     0.662565     0.689617     0.663424     0.588047     0.475017     0.341586     0.208098    0.0948906            0
           0   0.00694096    0.0624956     0.145097     0.242271     0.339335     0.421619     0.476693     0.496258     0.477408     0.423075     0.341586     0.245398     0.149208    0.0677276            0
           0   0.00282447    0.0366612    0.0872429     0.146833     0.206386     0.256888     0.290708     0.302757     0.291252     0.257996     0.208098     0.149208    0.0903629    0.0406244            0
           0 -0.000239926    0.0152307    0.0385938    0.0661839    0.0937788     0.117192      0.13289     0.138514     0.133243     0.117912    0.0948906    0.0677276    0.0406244    0.0178211            0
           0            0            0            0            0            0            0            0            0            0            0            0            0            0            0            0
