           0            0            0            0            0            0            0            0            0            0            0            0            0            0            0            0
           0  -0.00439861  -0.00265177  0.000926808   0.00548804    0.0101902    0.0142524    0.0170361    0.0181231    0.0173708    0.0149323    0.0112365   0.00693362    0.0028189 -0.000243527            0
           0  -0.00265177    0.0115528    0.0337417    0.0602535    0.0869132     0.109606     0.124868     0.130395     0.125385     0.110656    0.0885293    0.0624843    0.0366526    0.0152252            0
           0  0.000926808    0.0337417     0.083383     0.142131     0.200974     0.250942     0.284448     0.296434     0.285131      0.25233     0.203111     0.145082    0.0872315    0.0385865            0
           0   0.00548804    0.0602535     0.142131     0.238667     0.335201     0.417094     0.471943     0.491468     0.472771     0.418778     0.337795     0.242253     0.146819    0.0661751            0
           0    0.0101902    0.0869132     0.200974     0.335201     0.469315     0.583028     0.659141     0.686169     0.660087     0.584951     0.472282     0.339314     0.206371    0.0937688            0
           0    0.0142524     0.109606     0.250942     0.417094     0.583028     0.723679      0.81779     0.851163      0.81882     0.725776     0.586268     0.421597     0.256871     0.117182            0
           0    0.0170361     0.124868     0.284448     0.471943     0.659141      0.81779     0.923925     0.961532     0.925002     0.819985     0.662537      0.47667     0.290691     0.132879            0
           0    0.0181231     0.130395     0.296434     0.491468     0.686169     0.851163     0.961532      1.00063     0.962616     0.853372     0.689589     0.496235      0.30274     0.138503            0
           0    0.0173708     0.125385     0.285131     0.472771     0.660087      0.81882     0.925002     0.962616      0.92605     0.820958     0.663398     0.477386     0.291236     0.133232            0
           0    0.0149323     0.110656      0.25233     0.418778     0.584951     0.725776     0.819985     0.853372     0.820958      0.72776     0.588022     0.423055      0.25798     0.117902            0
           0    0.0112365    0.0885293     0.203111     0.337795     0.472282     0.586268     0.662537     0.689589     0.663398     0.588022     0.474995     0.341568     0.208084    0.0948818            0
           0   0.00693362    0.0624843     0.145082     0.242253     0.339314     0.421597      0.47667     0.496235     0.477386     0.423055     0.341568     0.245383     0.149197    0.0677203            0
           0    0.0028189    0.0366526    0.0872315     0.146819     0.206371     0.256871     0.290691      0.30274     0.291236      0.25798     0.208084     0.149197    0.0903543    0.0406189            0
           0 -0.000243527    0.0152252    0.0385865    0.0661751    0.0937688     0.117182     0.132879     0.138503     0.133232     0.117902    0.0948818    0.0677203    0.0406189    0.0178175            0
           0            0            0            0            0            0            0            0            0            0            0            0            0            0            0            0
