           0            0            0            0            0            0            0            0            0            0            0            0            0            0            0            0
           0  -0.00439967  -0.00265341  0.000924648   0.00548544    0.0101872    0.0142493    0.0170328    0.0181198    0.0173676    0.0149294    0.0112339   0.00693147   0.00281727 -0.000244585            0
           0  -0.00265341    0.0115503    0.0337384    0.0602495    0.0869086     0.109601     0.124863      0.13039      0.12538     0.110652    0.0885252    0.0624809    0.0366501    0.0152235            0
           0  0.000924648    0.0337384    0.0833786     0.142126     0.200968     0.250935     0.284441     0.296427     0.285125     0.252324     0.203106     0.145078    0.0872281    0.0385843            0
           0   0.00548544    0.0602495     0.142126      0.23866     0.335194     0.417086     0.471935      0.49146     0.472763      0.41877     0.337789     0.242248     0.146815    0.0661725            0
           0    0.0101872    0.0869086     0.200968     0.335194     0.469307     0.583019     0.659132      0.68616     0.660078     0.584943     0.472275     0.339308     0.206366    0.0937659            0
           0    0.0142493     0.109601     0.250935     0.417086     0.583019     0.723669      0.81778     0.851153     0.818811     0.725767      0.58626      0.42159     0.256866     0.117178            0
           0    0.0170328     0.124863     0.284441     0.471935     0.659132      0.81778     0.923914     0.961521     0.924992     0.819976     0.662529     0.476663     0.290686     0.132875            0
           0    0.0181198      0.13039     0.296427      0.49146      0.68616     0.851153     0.961521      1.00062     0.962606     0.853363     0.689581     0.496228     0.302734       0.1385            0
           0    0.0173676      0.12538     0.285125     0.472763     0.660078     0.818811     0.924992     0.962606     0.926041      0.82095      0.66339     0.477379     0.291231     0.133229            0
           0    0.0149294     0.110652     0.252324      0.41877     0.584943     0.725767     0.819976     0.853363      0.82095     0.727752     0.588015     0.423049     0.257976     0.117899            0
           0    0.0112339    0.0885252     0.203106     0.337789     0.472275      0.58626     0.662529     0.689581      0.66339     0.588015     0.474989     0.341563      0.20808    0.0948792            0
           0   0.00693147    0.0624809     0.145078     0.242248     0.339308      0.42159     0.476663     0.496228     0.477379     0.423049     0.341563     0.245378     0.149194    0.0677181            0
           0   0.00281727    0.0366501    0.0872281     0.146815     0.206366     0.256866     0.290686     0.302734     0.291231     0.257976      0.20808     0.149194    0.0903518    0.0406172            0
           0 -0.000244585    0.0152235    0.0385843    0.0661725    0.0937659     0.117178     0.132875       0.1385     0.133229     0.117899    0.0948792    0.0677181    0.0406172    0.0178165            0
           0            0            0            0            0            0            0            0            0            0            0            0            0            0            0            0
