          0           0           0           0           0           0           0           0           0           0           0           0           0           0           0           0
          0 -0.00365046 -0.00151647  0.00237606  0.00716847   0.0120193   0.0161544   0.0189441   0.0199793    0.019124   0.0165352   0.0126439   0.0081018  0.00370697 0.000329826           0
          0 -0.00151647   0.0132754   0.0359355   0.0627891   0.0896636    0.112456    0.127719    0.133163    0.127995    0.113042   0.0906243   0.0642244   0.0379763   0.0160792           0
          0  0.00237606   0.0359355    0.086167    0.145335    0.204433     0.25451    0.288003    0.299874    0.288369    0.255286    0.205708     0.14724   0.0888755   0.0396486           0
          0  0.00716847   0.0627891    0.145335    0.242335    0.339139    0.421134    0.475947    0.495326    0.476392     0.42208    0.340696    0.244667    0.148662   0.0673677           0
          0   0.0120193   0.0896636    0.204433    0.339139    0.473516     0.58731    0.663362    0.690217    0.663875      0.5884    0.475312    0.341839    0.208301   0.0950213           0
          0   0.0161544    0.112456     0.25451    0.421134     0.58731    0.728016     0.82204    0.855219    0.822603    0.729214    0.589289    0.424116    0.258801    0.118437           0
          0   0.0189441    0.127719    0.288003    0.475947    0.663362     0.82204    0.928065    0.965465    0.928657    0.823302     0.66545    0.479103    0.292557    0.134095           0
          0   0.0199793    0.133163    0.299874    0.495326    0.690217    0.855219    0.965465     1.00435    0.966065    0.856497    0.692333    0.498528    0.304501    0.139653           0
          0    0.019124    0.127995    0.288369    0.476392    0.663875    0.822603    0.928657    0.966065     0.92924    0.823845    0.665931    0.479504    0.292864    0.134296           0
          0   0.0165352    0.113042    0.255286     0.42208      0.5884    0.729214    0.823302    0.856497    0.823845    0.730369    0.590312    0.424968    0.259451    0.118863           0
          0   0.0126439   0.0906243    0.205708    0.340696    0.475312    0.589289     0.66545    0.692333    0.665931    0.590312    0.477003    0.343245    0.209373   0.0957231           0
          0   0.0081018   0.0642244     0.14724    0.244667    0.341839    0.424116    0.479103    0.498528    0.479504    0.424968    0.343245    0.246783    0.150272   0.0684212           0
          0  0.00370697   0.0379763   0.0888755    0.148662    0.208301    0.258801    0.292557    0.304501    0.292864    0.259451    0.209373    0.150272   0.0911786   0.0411559           0
          0 0.000329826   0.0160792   0.0396486   0.0673677   0.0950213    0.118437    0.134095    0.139653    0.134296    0.118863   0.0957231   0.0684212   0.0411559   0.0181675           0
          0           0           0           0           0           0           0           0           0           0           0           0           0           0           0           0
