           0            0            0            0            0            0            0            0            0            0            0            0            0            0            0            0
           0  -0.00295482 -0.000490418   0.00363911   0.00858644    0.0135285     0.017707    0.0205022    0.0215091    0.0205921     0.017906    0.0138777   0.00915363   0.00452688  0.000866784            0
           0 -0.000490418    0.0147704    0.0377423    0.0647754     0.091734     0.114547     0.129788     0.135178     0.129925     0.114851    0.0922671    0.0656419    0.0390955    0.0168195            0
           0   0.00363911    0.0377423    0.0882943     0.147602      0.20672     0.256749     0.290164     0.301946     0.290346     0.257152     0.207428     0.148755    0.0900973    0.0404714            0
           0   0.00858644    0.0647754     0.147602     0.244658      0.34138      0.42323     0.477893     0.497145     0.478114     0.423723     0.342249     0.246079     0.149837    0.0681793            0
           0    0.0135285     0.091734      0.20672      0.34138     0.475559     0.589106     0.664932     0.691623     0.665188     0.589677      0.47657     0.343039     0.209344     0.095766            0
           0     0.017707     0.114547     0.256749      0.42323     0.589106     0.729473     0.823205     0.856189     0.823488     0.730104     0.590226     0.425078     0.259688     0.119095            0
           0    0.0205022     0.129788     0.290164     0.477893     0.664932     0.823205     0.928892     0.966078     0.929191     0.823873     0.666121      0.47986     0.293305     0.134672            0
           0    0.0215091     0.135178     0.301946     0.497145     0.691623     0.856189     0.966078      1.00474     0.966381     0.856868     0.692832     0.499148     0.305149     0.140169            0
           0    0.0205921     0.129925     0.290346     0.478114     0.665188     0.823488     0.929191     0.966381     0.929487     0.824148     0.666365     0.480063     0.293461     0.134776            0
           0     0.017906     0.114851     0.257152     0.423723     0.589677     0.730104     0.823873     0.856868     0.824148     0.730719     0.590771     0.425532     0.260036     0.119326            0
           0    0.0138777    0.0922671     0.207428     0.342249      0.47657     0.590226     0.666121     0.692832     0.666365     0.590771     0.477537     0.343844      0.20996    0.0961732            0
           0   0.00915363    0.0656419     0.148755     0.246079     0.343039     0.425078      0.47986     0.499148     0.480063     0.425532     0.343844     0.247402     0.150845    0.0688454            0
           0   0.00452688    0.0390955    0.0900973     0.149837     0.209344     0.259688     0.293305     0.305149     0.293461     0.260036      0.20996     0.150845    0.0916861    0.0415204            0
           0  0.000866784    0.0168195    0.0404714    0.0681793     0.095766     0.119095     0.134672     0.140169     0.134776     0.119326    0.0961732    0.0688454    0.0415204    0.0184242            0
           0            0            0            0            0            0            0            0            0            0            0            0            0            0            0            0
