           0            0            0            0            0            0            0            0            0            0            0            0            0            0            0            0
           0  -0.00376204   -0.0035378  -0.00261976   -0.0014138 -0.000200417   0.00081693    0.0014957   0.00175208   0.00156328  0.000969588  7.51098e-05 -0.000950732  -0.00186477  -0.00232096            0
           0  -0.00146814   0.00871206    0.0241831    0.0423934    0.0605273    0.0758496    0.0860746    0.0896885    0.0861689    0.0760628    0.0609116    0.0430362      0.02522    0.0103485            0
           0   0.00301777     0.028451    0.0659432     0.109792     0.153409     0.190268     0.214861     0.223521      0.21497     0.190515     0.153855     0.110534    0.0671272    0.0302857            0
           0   0.00876312    0.0523706     0.115973     0.190169     0.263931     0.326257     0.367838      0.38246     0.367951     0.326514     0.264394     0.190938     0.117192    0.0542388            0
           0    0.0147365    0.0766213     0.166416     0.271025     0.374982     0.462815     0.521406     0.541995     0.521515     0.463062     0.375429     0.271769     0.167595    0.0784189            0
           0    0.0199319    0.0973766     0.209431     0.339869     0.469463     0.578947     0.651975     0.677627     0.652074     0.579173     0.469876     0.340561     0.210531    0.0990549            0
           0    0.0235066     0.111404     0.238383     0.386124     0.532884     0.656862     0.739554     0.768592     0.739641     0.657064     0.533257     0.386755     0.239395     0.112958            0
           0    0.0249019     0.116548     0.248843     0.402729     0.555575     0.684688       0.7708     0.801035     0.770877     0.684868     0.555913     0.403308     0.249782     0.118003            0
           0    0.0239248      0.11206     0.239266     0.387217     0.534157     0.658273     0.741049     0.770111     0.741118     0.658436     0.534468     0.387758     0.240153     0.113449            0
           0    0.0207762    0.0987035     0.211223     0.342092     0.472058     0.581829     0.655035     0.680736     0.655099     0.581981     0.472351     0.342607     0.212077     0.100053            0
           0    0.0160205    0.0786467     0.169165     0.274452     0.379002     0.467297     0.526177     0.546849     0.526236     0.467439     0.379278     0.274942     0.169985    0.0799589            0
           0    0.0105015    0.0551286     0.119745     0.194909     0.269531     0.332538     0.374548       0.3893     0.374602     0.332667     0.269784      0.19536     0.120508    0.0563672            0
           0   0.00521728    0.0319696    0.0708099     0.115982     0.160803     0.198629     0.223843     0.232699     0.223888     0.198738     0.161017     0.116367    0.0714681    0.0330559            0
           0    0.0011778    0.0129916    0.0302041    0.0501926    0.0699904    0.0866763    0.0977906     0.101696    0.0978234    0.0867552    0.0701442    0.0504708    0.0306866    0.0138071            0
           0            0            0            0            0            0            0            0            0            0            0            0            0            0            0            0
