           0            0            0            0            0            0            0            0            0            0            0            0            0            0            0            0
           0  -0.00517595  -0.00329526  0.000928991   0.00650272    0.0123604    0.0174804    0.0210152    0.0224071    0.0214664    0.0183988    0.0137759   0.00845486   0.00345962 -0.000153748            0
           0  -0.00514625   0.00779762    0.0290267     0.054877    0.0811279     0.103607     0.118799     0.124367     0.119501     0.105039    0.0833406    0.0579408    0.0330194    0.0127837            0
           0   -0.0040598    0.0253201    0.0713901     0.126674     0.182435     0.229985     0.261979     0.273525     0.262918     0.231902     0.185407      0.13081    0.0768227    0.0321815            0
           0  -0.00243268    0.0462889     0.121427     0.211069     0.301236     0.377991      0.42954     0.448021     0.430691     0.380345       0.3049       0.2162     0.128227    0.0549947            0
           0 -0.000675596    0.0673698      0.17148      0.29533      0.41973     0.525531      0.59652     0.621884     0.597848     0.528254     0.423985     0.301323      0.17949    0.0777541            0
           0  0.000876215    0.0853043     0.213946     0.366742     0.520098      0.65046     0.737884     0.769061     0.739345     0.653462     0.524802     0.373398     0.222905    0.0970332            0
           0   0.00196719    0.0973606       0.2424     0.414532     0.587226     0.733986     0.832378     0.867432     0.833918     0.737153       0.5922     0.421594     0.251949     0.109942            0
           0   0.00243685     0.101725     0.252559     0.431511     0.611015     0.763547     0.865796     0.902209     0.867354     0.766753     0.616055     0.438678     0.262271     0.114556            0
           0   0.00223371    0.0977667     0.242927     0.415159     0.587927     0.734737     0.833154     0.868206     0.834665     0.737848     0.592817     0.422112     0.252346     0.110202            0
           0   0.00142112    0.0861328     0.215019     0.368013     0.521519     0.651981     0.739452     0.770626     0.740855     0.654867     0.526053     0.374448     0.223711    0.0975614            0
           0  0.000173186    0.0686549     0.173136     0.297284     0.421907     0.527854     0.598914     0.624271     0.600153       0.5304     0.425899     0.302933     0.180732    0.0785695            0
           0  -0.00123637    0.0480866     0.123725     0.213762      0.30422     0.381163     0.432801      0.45127     0.433828     0.383272     0.307519     0.218413     0.129942    0.0561284            0
           0  -0.00244378    0.0277168    0.0744137     0.130178     0.186286     0.234057     0.266151     0.277676      0.26693     0.235655      0.18878     0.133681    0.0790691    0.0336829            0
           0  -0.00298574    0.0109257    0.0328881    0.0592787    0.0859081     0.108622     0.123913      0.12945     0.124419     0.109657    0.0875207    0.0615374    0.0358773    0.0147342            0
           0            0            0            0            0            0            0            0            0            0            0            0            0            0            0            0
