          0           0           0           0           0           0           0           0           0           0           0           0           0           0           0           0
          0 -0.00250448 0.000254344  0.00465861  0.00986827   0.0150512   0.0194261   0.0223463   0.0233848   0.0223967   0.0195418   0.0152651   0.0102396  0.00528559  0.00129539           0
          0 4.19411e-06   0.0156014    0.038855   0.0661414   0.0933287    0.116328    0.131685    0.137097    0.131762    0.116503   0.0936539    0.066707   0.0398105   0.0171799           0
          0  0.00400424   0.0383965   0.0891426    0.148601    0.207849    0.257985    0.291463    0.303243    0.291565    0.258219    0.208283    0.149359   0.0904296   0.0405343           0
          0  0.00872016   0.0651043    0.147993    0.245054    0.341773    0.423623    0.478278    0.497498    0.478402     0.42391     0.34231    0.245998     0.14961   0.0678208           0
          0   0.0134004   0.0916955    0.206604    0.341122    0.475165    0.588606    0.664354    0.690985    0.664498    0.588941    0.475794    0.342235    0.208527   0.0949642           0
          0   0.0173449    0.114182    0.256187    0.422403    0.588031    0.728204    0.821802    0.854703    0.821962    0.728576    0.588733    0.423653    0.258361     0.11791           0
          0   0.0199754    0.129192     0.28929     0.47667    0.663386    0.821407    0.926922    0.964009    0.927092    0.821803    0.664135    0.478008    0.291628    0.133225           0
          0   0.0209105     0.13448    0.300935    0.495749    0.689873    0.854163    0.963863     1.00242    0.964036    0.854566    0.690637    0.497115    0.303327    0.138614           0
          0   0.0200209    0.129261     0.28938     0.47678    0.663513    0.821547     0.92707     0.96416    0.927239     0.82194    0.664257     0.47811    0.291707    0.133278           0
          0   0.0174495    0.114339    0.256395    0.422656    0.588325    0.728529    0.822146    0.855053    0.822303    0.728895    0.589016    0.423889    0.258544    0.118033           0
          0   0.0135948   0.0919883    0.206991    0.341596    0.475716    0.589217    0.665004    0.691646    0.665143    0.589541    0.476326    0.342679    0.208869   0.0951938           0
          0  0.00905972   0.0656156    0.148669    0.245887    0.342746    0.424708    0.479435    0.498678    0.479551    0.424978    0.343252    0.246782    0.150212   0.0682255           0
          0   0.0045829   0.0392645   0.0902925    0.150025    0.209525    0.259866    0.293477      0.3053    0.293566    0.260073    0.209913    0.150708   0.0914633    0.041229           0
          0 0.000977679   0.0170456   0.0407685   0.0685298    0.096166    0.119538     0.13514    0.140632      0.1352    0.119676    0.096425   0.0689852   0.0415473   0.0183513           0
          0           0           0           0           0           0           0           0           0           0           0           0           0           0           0           0
