           0            0            0            0            0            0            0            0            0            0            0            0            0            0            0            0
           0   0.00135357   0.00157362    0.0013442   0.00078319  6.33365e-05 -0.000632414  -0.00114676  -0.00137513  -0.00128261  -0.00090936 -0.000363729  0.000196879  0.000596872  0.000685453            0
           0   0.00298115   0.00415064   0.00486834   0.00520767   0.00527942   0.00519995   0.00506762   0.00494604   0.00485411   0.00476305   0.00460095   0.00426509   0.00364267   0.00264139            0
           0   0.00512649   0.00766344   0.00985182    0.0116748    0.0131097    0.0141276    0.0146983     0.014797    0.0144095    0.0135342    0.0121811    0.0103684    0.0081187   0.00545879            0
           0   0.00754244     0.011667    0.0156046    0.0192247    0.0223323    0.0247098    0.0261598    0.0265426    0.0258012      0.02397    0.0211662    0.0175652    0.0133642   0.00874123            0
           0   0.00990732     0.015606    0.0212958    0.0267297    0.0315348    0.0352977    0.0376475     0.038325    0.0372288    0.0344308    0.0301597     0.024754    0.0185916    0.0120052            0
           0    0.0118886    0.0189145     0.026089    0.0330658    0.0393188    0.0442661    0.0473867    0.0483185    0.0469218    0.0433009    0.0377806    0.0308401    0.0230124    0.0147629            0
           0    0.0132009    0.0211092    0.0292742    0.0372827     0.044506     0.050248    0.0538867    0.0549905    0.0533936    0.0492223    0.0428662    0.0348993    0.0259592    0.0166003            0
           0    0.0136525    0.0218669    0.0303776    0.0387483    0.0463134    0.0523364     0.056159    0.0573247    0.0556583    0.0512939    0.0446444    0.0363174    0.0269877    0.0172411            0
           0    0.0131764    0.0210747    0.0292348    0.0372437    0.0444711    0.0502191    0.0538638     0.054972    0.0533773    0.0492062    0.0428496    0.0348827    0.0259445      0.01659            0
           0    0.0118405    0.0188481    0.0260163    0.0329979    0.0392639    0.0442273    0.0473627    0.0483045    0.0469114    0.0432885    0.0377634    0.0308187    0.0229908    0.0147468            0
           0   0.00983588    0.0155118    0.0212008    0.0266536    0.0314907    0.0352892     0.037669    0.0383645    0.0372716    0.0344639    0.0301754     0.024752    0.0185785    0.0119915            0
           0   0.00744492    0.0115476    0.0155017    0.0191716    0.0223487    0.0247977    0.0263048    0.0267182    0.0259765    0.0241174    0.0212686    0.0176196    0.0133815   0.00874084            0
           0   0.00499078   0.00751321   0.00975475    0.0116866    0.0132598    0.0144133    0.0150875    0.0152368    0.0148395    0.0139006    0.0124493    0.0105302   0.00819262   0.00548144            0
           0   0.00277325   0.00394276   0.00478155   0.00533579   0.00566665   0.00583336   0.00588292   0.00584382   0.00572251   0.00550245   0.00514575   0.00459785   0.00379642   0.00268694            0
           0            0            0            0            0            0            0            0            0            0            0            0            0            0            0            0
