           0            0            0            0            0            0            0            0            0            0            0            0            0            0            0            0
           0  0.000604426   0.00170638   0.00330074   0.00518658   0.00709235   0.00873096   0.00985197    0.0102845   0.00996554   0.00894898   0.00739517   0.00554104   0.00365499   0.00198132            0
           0  0.000678689   0.00272345   0.00577388   0.00940966    0.0130891    0.0162494    0.0184041     0.019223     0.018586    0.0166003    0.0135814   0.00999713   0.00638455   0.00324896            0
           0  0.000478709    0.0036074   0.00839756    0.0141449    0.0199702    0.0249717    0.0283743    0.0296546    0.0286238    0.0254559    0.0206573    0.0149821   0.00930422   0.00446467            0
           0  6.20883e-05   0.00431219    0.0109552    0.0189687    0.0271027    0.0340859    0.0388305     0.040604    0.0391442    0.0346982    0.0279812    0.0200603    0.0121802   0.00555618            0
           0 -0.000462709   0.00482572    0.0132218    0.0233923    0.0337281    0.0426024    0.0486271    0.0508696    0.0489977    0.0433293    0.0347808    0.0247217    0.0147556   0.00646257            0
           0 -0.000970969   0.00515336    0.0149851    0.0269306    0.0390817     0.049516    0.0565966    0.0592254    0.0570123    0.0503343    0.0402753    0.0284561    0.0167798   0.00713139            0
           0  -0.00135075   0.00530634    0.0160699    0.0291734    0.0425113    0.0539666    0.0617384    0.0646197    0.0621828    0.0548438    0.0437972    0.0308295    0.0180416    0.0075207            0
           0   -0.0015253   0.00529413    0.0163598    0.0298457    0.0435784    0.0553744    0.0633773     0.066343    0.0638313    0.0562717    0.0448966    0.0315496    0.0183994   0.00760254            0
           0  -0.00146714    0.0051202    0.0158133    0.0288485    0.0421249    0.0535306    0.0612698    0.0641391    0.0617126    0.0544058    0.0434109    0.0305105    0.0178013   0.00736603            0
           0   -0.0012026   0.00478118    0.0144693    0.0262742    0.0382975    0.0486285    0.0556407     0.058244    0.0560521    0.0494409    0.0394888    0.0278083    0.0162928   0.00681878            0
           0 -0.000805861   0.00426933    0.0124428    0.0223917    0.0325237    0.0412314    0.0471452    0.0493459    0.0475074    0.0419452    0.0335664    0.0237257    0.0140105   0.00598643            0
           0 -0.000383113   0.00357889   0.00991109    0.0176074    0.0254445    0.0321825    0.0367624    0.0384729    0.0370609    0.0327693    0.0262976    0.0186892    0.0111628   0.00491096            0
           0 -4.72978e-05    0.0027167    0.0070938    0.0124053    0.0178143    0.0224675    0.0256343    0.0268233    0.0258587    0.0229073    0.0184503    0.0132041   0.00800163   0.00364939            0
           0  0.000115807   0.00171845   0.00423192   0.00727794    0.0103811    0.0130533    0.0148753    0.0155643    0.0150187    0.0133338    0.0107847   0.00778033   0.00479348   0.00227583            0
           0            0            0            0            0            0            0            0            0            0            0            0            0            0            0            0
