           0            0            0            0            0            0            0            0            0            0            0            0            0            0            0            0
           0  -0.00548763  -0.00457918  -0.00199101   0.00150676   0.00518781   0.00839786    0.0106112    0.0114884    0.0109178   0.00903053   0.00618661   0.00293423 -4.55864e-05  -0.00198941            0
           0   -0.0042495   0.00862344    0.0292013    0.0539631    0.0789324      0.10021     0.114524     0.119703     0.114994      0.10118    0.0804625    0.0561472    0.0321687    0.0125416            0
           0  -0.00105899    0.0299519    0.0773547     0.133643     0.190095     0.238056     0.270216     0.281707     0.270833     0.239328     0.192102     0.136505    0.0812385    0.0350647            0
           0   0.00323437    0.0557668     0.134807     0.228191     0.321647     0.400949     0.454058     0.472942     0.454798     0.402478      0.32406     0.231636     0.139488     0.061941            0
           0   0.00777394    0.0819031     0.192601     0.323058     0.453474     0.564068     0.638085      0.66434     0.638924     0.565801     0.456212     0.326974     0.197935      0.08897            0
           0    0.0117577     0.104248     0.241814     0.403711     0.565456     0.702569       0.7943     0.826794     0.795207     0.704445     0.568424     0.407964     0.247625     0.111984            0
           0    0.0145264     0.119338     0.274898     0.457834     0.640537     0.795382     0.898955     0.935618       0.8999     0.797335     0.643629     0.462273     0.280979     0.127463            0
           0    0.0156473     0.124867      0.28682     0.477209     0.667323     0.828435     0.936189     0.974319     0.937135     0.830393     0.670427     0.481669     0.292938     0.133059            0
           0    0.0149724     0.120031      0.27582     0.458959     0.641829     0.796799     0.900444     0.937122     0.901358      0.79869     0.644827     0.463269     0.281735     0.127953            0
           0    0.0126595      0.10565      0.24368      0.40599      0.56808     0.705447     0.797327     0.829853     0.798175     0.707202      0.57086     0.409987     0.249161      0.11298            0
           0   0.00915075    0.0840446     0.195457     0.326553     0.457504     0.568499     0.642752     0.669059     0.643503     0.570052     0.459965     0.330086     0.200296    0.0904991            0
           0    0.0051141    0.0586928     0.138716     0.232989     0.327199     0.407071     0.460521     0.479485     0.461147     0.408365     0.329249     0.235931      0.14274    0.0640458            0
           0   0.00136053    0.0337174    0.0823966     0.139858     0.197323     0.246062     0.278696     0.290305     0.279173     0.247049     0.198887     0.142103    0.0854669    0.0378001            0
           0  -0.00124016    0.0132891    0.0354609    0.0617267    0.0880266     0.110349     0.125311     0.130664     0.125623     0.110993    0.0890483    0.0631941    0.0374712     0.015974            0
           0            0            0            0            0            0            0            0            0            0            0            0            0            0            0            0
