         0          0          0          0          0          0          0          0          0          0          0          0          0          0          0          0
         0 0.00131311 0.00195166 0.00251762 0.00300975 0.00341771 0.00372504 0.00391386 0.00396953 0.00388397 0.00365677 0.00329409 0.00280568 0.00220099 0.00148625          0
         0 0.00216156 0.00319051 0.00410565 0.00490783 0.00557852 0.00608747 0.00640229 0.00649696 0.00635766 0.00598478 0.00539077 0.00459441 0.00361287 0.00245394          0
         0 0.00304825 0.00445302 0.00569839 0.00679184 0.00770899 0.00840727 0.00884068 0.00897237 0.00878309 0.00827397 0.00746324 0.00637756 0.00503949  0.0034539          0
         0  0.0039131 0.00566038 0.00720083  0.0085523 0.00968722  0.0105528  0.0110912   0.011256   0.011023   0.010394 0.00939203 0.00805002 0.00639339 0.00441989          0
         0 0.00468256 0.00671866 0.00850345  0.0100668  0.0113801  0.0123829  0.0130075  0.0131997  0.0129313  0.0122045  0.0110461 0.00949361 0.00757313 0.00527312          0
         0 0.00528287 0.00753444 0.00949857  0.0112163  0.0126594  0.0137619  0.0144494  0.0146619  0.0143681  0.0135706  0.0122987  0.0105929  0.0084786 0.00593524          0
         0 0.00565173 0.00802907  0.0100959  0.0119013  0.0134179  0.0145772  0.0153007   0.015525  0.0152173  0.0143799   0.013044   0.011251 0.00902559 0.00634012          0
         0 0.00574767 0.00815027  0.0102354  0.0120558  0.0135849  0.0147541  0.0154842   0.015711  0.0154014  0.0145578  0.0132114  0.0114036   0.009158 0.00644368          0
         0  0.0055563 0.00787995 0.00989644  0.0116567  0.0131355  0.0142663  0.0149726  0.0151923  0.0148933  0.0140779  0.0127761   0.011028 0.00885605 0.00623041          0
         0 0.00509254 0.00723689 0.00910037  0.0107277  0.0120947  0.0131399  0.0137926  0.0139958  0.0137195  0.0129658  0.0117625  0.0101465 0.00813933 0.00571576          0
         0 0.00439849 0.00627425 0.00790819 0.00933562  0.0105343  0.0114503  0.0120221  0.0121999  0.0119575  0.0112966  0.0102412 0.00882374 0.00706416 0.00494401          0
         0 0.00353725 0.00507198   0.006412 0.00758231 0.00856389 0.00931307  0.0097802 0.00992496 0.00972615 0.00918482 0.00832006 0.00715805 0.00571582 0.00398195          0
         0 0.00258318 0.00372487  0.0047221 0.00559077 0.00631704  0.0068698 0.00721362 0.00731948 0.00717194 0.00677128 0.00613061 0.00526822 0.00419645  0.0029091          0
         0 0.00160908 0.00232732 0.00295104  0.0034895 0.00393586 0.00427326  0.0044819  0.0045452 0.00445393 0.00420756 0.00381257 0.00327815 0.00261019 0.00180514          0
         0          0          0          0          0          0          0          0          0          0          0          0          0          0          0          0
