           0            0            0            0            0            0            0            0            0            0            0            0            0            0            0            0
           0 -5.27475e-05   0.00130037    0.0035127   0.00624723    0.0090668    0.0115173    0.0132064    0.0138688    0.0134084     0.011913   0.00963764   0.00695967   0.00430995    0.0020882            0
           0 -0.000360761   0.00271794   0.00771596    0.0138442     0.020121    0.0255424    0.0292483    0.0306595     0.029569    0.0261732    0.0210377    0.0150034   0.00904411   0.00409405            0
           0  -0.00102203   0.00426968    0.0128737    0.0233956    0.0341411     0.043395    0.0496936    0.0520548    0.0501303    0.0442577    0.0354058    0.0250187    0.0147827   0.00634663            0
           0  -0.00195217   0.00577339    0.0183815    0.0337893    0.0495037    0.0630154    0.0721902    0.0755985    0.0727356    0.0640976    0.0511035    0.0358721    0.0208901   0.00861696            0
           0  -0.00298247   0.00708419    0.0235742    0.0437272    0.0642685    0.0819156    0.0938815    0.0983023    0.0945218    0.0831912    0.0661681    0.0462303    0.0266476    0.0106762            0
           0  -0.00391713   0.00808564    0.0278069    0.0519159    0.0764833    0.0975795     0.111872     0.117136     0.112587     0.099007    0.0786212    0.0547588    0.0313462    0.0123094            0
           0  -0.00457996   0.00868983    0.0305397    0.0572597    0.0844861     0.107861      0.12369     0.129509     0.124451     0.109384    0.0867765    0.0603235    0.0343873    0.0133387            0
           0  -0.00485002   0.00884121    0.0314137    0.0590252    0.0871618     0.111317     0.127673     0.133681     0.128448      0.11287    0.0895015    0.0621636    0.0353697    0.0136454            0
           0  -0.00468399   0.00852064    0.0303016     0.056952    0.0841135     0.107434     0.123227     0.129031     0.123982     0.108947    0.0863919    0.0600072      0.03415    0.0131865            0
           0  -0.00412331   0.00774771    0.0273273    0.0512913    0.0757224    0.0967049      0.11092     0.116151     0.111621    0.0981086    0.0778329    0.0541127    0.0308634    0.0120008            0
           0  -0.00328499   0.00658075    0.0228482    0.0427685    0.0630879    0.0805481    0.0923856    0.0967533    0.0930029    0.0817825    0.0649377    0.0452281    0.0259037    0.0102038            0
           0  -0.00233654   0.00511585    0.0174069    0.0324731    0.0478555    0.0610849    0.0700645     0.073392     0.070574    0.0621014    0.0493726    0.0344761    0.0198657   0.00797374            0
           0  -0.00145589   0.00348764    0.0116589     0.021696    0.0319604    0.0408008    0.0468124    0.0490547    0.0471962    0.0415649    0.0330956    0.0231832    0.0134603   0.00553237            0
           0 -0.000776362   0.00187672   0.00629189     0.011738    0.0173236    0.0221457    0.0254344    0.0266736    0.0256808    0.0226352     0.018048    0.0126805   0.00741975   0.00312856            0
           0            0            0            0            0            0            0            0            0            0            0            0            0            0            0            0
