           0            0            0            0            0            0            0            0            0            0            0            0            0            0            0            0
           0 -0.000677195 -0.000865188  -0.00140899  -0.00228608  -0.00332786  -0.00431251  -0.00503253  -0.00534286  -0.00518983  -0.00461997  -0.00376778  -0.00282206  -0.00197013  -0.00131546            0
           0   0.00198321   0.00693767    0.0134337    0.0205534    0.0273495    0.0329279    0.0365499    0.0377285    0.0362956    0.0324267    0.0266205    0.0196362     0.012406    0.0059448            0
           0   0.00630864    0.0192221    0.0366237    0.0561717    0.0751874    0.0910252     0.101454     0.104985       0.1011    0.0903215    0.0741461    0.0548204    0.0350191    0.0174716            0
           0    0.0115913    0.0340253    0.0644608    0.0988692     0.132507      0.16063     0.179216     0.185576     0.178764     0.159724     0.131147    0.0970589    0.0622171    0.0313893            0
           0    0.0169792     0.049007    0.0925635      0.14193     0.190288     0.230782     0.257586     0.266798     0.257045     0.229692     0.188631     0.139682    0.0896935    0.0454802            0
           0     0.021614    0.0618185     0.116547     0.178647     0.239534     0.290558     0.324358        0.336     0.323745     0.289317     0.237632     0.176032     0.113146    0.0575267            0
           0    0.0247659    0.0704675     0.132696     0.203338     0.272629     0.330716     0.369207     0.382479     0.368548     0.329376     0.270564     0.200477     0.128934    0.0656506            0
           0    0.0259478     0.073624      0.13853     0.212215     0.284495     0.345094     0.385252     0.399103     0.384576     0.343717      0.28237      0.20926     0.134628    0.0686002            0
           0    0.0249901    0.0708245     0.133187     0.203958     0.273365     0.331546     0.370098      0.38339     0.369437     0.330202      0.27129     0.201075     0.129384    0.0659405            0
           0    0.0220662    0.0625422     0.117548     0.179918     0.241051     0.292273     0.326202     0.337888     0.325588     0.291027     0.239131     0.177264      0.11407    0.0581204            0
           0    0.0176646    0.0501136    0.0941093     0.143914     0.192674     0.233496     0.260515     0.269804     0.259977     0.232404     0.191001     0.141618    0.0911386    0.0464043            0
           0    0.0125094    0.0355297    0.0665977     0.101654     0.135899     0.164524     0.183444     0.189924     0.183002     0.163631     0.134539     0.099808      0.06425    0.0326789            0
           0   0.00744058    0.0211226    0.0393966    0.0598719    0.0797795    0.0963648     0.107295     0.111011     0.106964    0.0956983    0.0787722    0.0585224     0.037718    0.0191619            0
           0   0.00326776   0.00918769    0.0168646    0.0253006    0.0333979    0.0400838    0.0444561    0.0459135    0.0442442     0.039659    0.0327606    0.0244582    0.0158425   0.00805169            0
           0            0            0            0            0            0            0            0            0            0            0            0            0            0            0            0
