           0            0            0            0            0            0            0            0            0            0            0            0            0            0            0            0
           0  0.000455131   0.00162182   0.00337101   0.00546875   0.00760256    0.0094438    0.0107066    0.0111966    0.0108422   0.00970597   0.00797176   0.00591143   0.00383362   0.00202076            0
           0   0.00042807   0.00270368   0.00619786    0.0104056    0.0146832    0.0183657    0.0208793    0.0218362    0.0210958    0.0187862    0.0152809    0.0111343   0.00698471   0.00343621            0
           0  9.97308e-05   0.00369534   0.00932901     0.016141    0.0230679     0.029024    0.0330782    0.0346034    0.0333744    0.0296025    0.0238986    0.0171729    0.0104827   0.00485132            0
           0  -0.00046265     0.004527    0.0124716    0.0221122    0.0319209      0.04035    0.0460779    0.0482166    0.0464496    0.0410796     0.032979    0.0234499    0.0140142   0.00616474            0
           0  -0.00113224   0.00516542    0.0153152    0.0276667    0.0402412    0.0510445    0.0583783    0.0611037    0.0588165    0.0519086    0.0415052    0.0292882    0.0172308   0.00728535            0
           0  -0.00176331    0.0055975    0.0175636    0.0321562    0.0470202    0.0597895    0.0684529     0.071663    0.0689434    0.0607603    0.0484497    0.0340101    0.0197919   0.00813189            0
           0  -0.00222513   0.00581983    0.0189711    0.0350319    0.0513981    0.0654583    0.0749946    0.0785227    0.0755184    0.0664974    0.0529352    0.0370393    0.0214097   0.00863832            0
           0  -0.00242806   0.00583238    0.0193744     0.035926    0.0527971    0.0672922    0.0771229    0.0807581    0.0776575     0.068354     0.054371    0.0379882    0.0218914   0.00876066            0
           0  -0.00234008   0.00563533    0.0187156     0.034707    0.0510101    0.0650191    0.0745214    0.0780366    0.0750425    0.0660542    0.0525445     0.036717    0.0211671   0.00848231            0
           0   -0.0019919   0.00522864    0.0170497    0.0314989    0.0462315    0.0588937    0.0674856    0.0706685    0.0679697    0.0598544    0.0476529    0.0333545    0.0192998   0.00781629            0
           0  -0.00147027   0.00461431    0.0145386     0.026663    0.0390268    0.0496567     0.056874    0.0595544    0.0573002    0.0505009    0.0402715    0.0282781    0.0164766   0.00680403            0
           0 -0.000899422   0.00380186    0.0114301    0.0207435    0.0302432    0.0384151     0.043969    0.0460397    0.0443204    0.0391096    0.0312623    0.0220551    0.0129819    0.0055116            0
           0 -0.000411745   0.00281815   0.00802854    0.0143873    0.0208769    0.0264645    0.0302677    0.0316938    0.0305321    0.0269856    0.0216377    0.0153576   0.00915816   0.00402542            0
           0 -0.000108113   0.00172317   0.00466212   0.00825005    0.0119163    0.0150775    0.0172338     0.018049    0.0174031    0.0154103       0.0124   0.00886198     0.005364   0.00245153            0
           0            0            0            0            0            0            0            0            0            0            0            0            0            0            0            0
