          0           0           0           0           0           0           0           0           0           0           0           0           0           0           0           0
          0 -0.00111894  0.00215275   0.0069772   0.0125908   0.0181581   0.0228565   0.0259897   0.0270928   0.0260038   0.0228903   0.0182252    0.012718  0.00721552   0.0025982           0
          0  0.00204729   0.0181468   0.0416662   0.0691595   0.0965415     0.11971    0.135178    0.140614    0.135199     0.11976   0.0966411    0.069348   0.0420174   0.0187954           0
          0  0.00670517   0.0414816   0.0922074    0.151543    0.210676    0.260729    0.294152    0.305893     0.29418    0.260795    0.210807    0.151792    0.092674   0.0423459           0
          0   0.0121174   0.0687458    0.151305    0.247898    0.344183    0.425697    0.480131     0.49925    0.480164    0.425778    0.344346    0.248208    0.151888   0.0698372           0
          0   0.0174811    0.095894    0.210191    0.343933    0.477262    0.590144    0.665527    0.692003    0.665566    0.590238    0.477452    0.344298    0.210884   0.0972043           0
          0   0.0220057    0.118862    0.260032    0.425229    0.589925    0.729367    0.822489    0.855194    0.822533    0.729472    0.590137    0.425639    0.260816    0.120356           0
          0   0.0250224    0.134195    0.293312    0.479516     0.66516    0.822341     0.92731    0.964174    0.927356    0.822453    0.665387    0.479956    0.294155    0.135811           0
          0   0.0260841    0.139583    0.305002    0.498583    0.691583    0.854992     0.96412     1.00245    0.964167    0.855106    0.691814    0.499032    0.305865    0.141241           0
          0   0.0250353    0.134215    0.293337    0.479547    0.665195    0.822379    0.927351    0.964216    0.927397    0.822491    0.665421    0.479984    0.294178    0.135827           0
          0   0.0220369    0.118908    0.260092    0.425302     0.59001    0.729461    0.822589    0.855296    0.822632    0.729565     0.59022    0.425709     0.26087    0.120393           0
          0   0.0175433   0.0959855    0.210311    0.344079    0.477433    0.590333    0.665729    0.692208    0.665767    0.590425    0.477618    0.344438    0.210993   0.0972798           0
          0   0.0122362   0.0689198    0.151532    0.248178     0.34451    0.426062    0.480521    0.499648    0.480553    0.426139    0.344666    0.248476    0.152097   0.0699831           0
          0  0.00692946   0.0418074    0.092634     0.15207    0.211296    0.261427    0.294901    0.306658    0.294925    0.261487    0.211417    0.152301   0.0930706   0.0426248           0
          0  0.00247103   0.0187524   0.0424589   0.0701461   0.0977143    0.121039     0.13661    0.142081    0.136627     0.12108   0.0977973   0.0703057   0.0427624   0.0193263           0
          0           0           0           0           0           0           0           0           0           0           0           0           0           0           0           0
