           0            0            0            0            0            0            0            0            0            0            0            0            0            0            0            0
           0  -0.00509517  -0.00319587   0.00108176   0.00674343    0.0127077    0.0179307    0.0215433    0.0229726    0.0220224    0.0189024    0.0141971   0.00878189   0.00369819  1.09866e-05            0
           0  -0.00530661   0.00715311    0.0277457    0.0529011    0.0784925     0.100434     0.115282     0.120746     0.116029     0.101952     0.080825    0.0561075     0.031887    0.0122683            0
           0  -0.00461449    0.0235037    0.0678683     0.121238     0.175144     0.221153     0.252139     0.263352     0.253138     0.223186     0.178281     0.125576    0.0735201    0.0305757            0
           0  -0.00346896    0.0430613     0.115216     0.201487     0.288365     0.362375     0.412119     0.429993     0.413345     0.364877     0.292239     0.206879     0.122309    0.0520685            0
           0  -0.00220237    0.0627156     0.162557     0.281569     0.401236      0.50308     0.571459     0.595938     0.572876     0.505977     0.405741     0.287876     0.170929    0.0734899            0
           0   -0.0010715    0.0794321     0.202711      0.34942     0.496814     0.622188     0.706315     0.736371     0.707875     0.625382     0.501798     0.356433     0.212088    0.0916252            0
           0 -0.000265532    0.0906684     0.229611      0.39482     0.560727     0.701806     0.796443     0.830216     0.798087     0.705179        0.566     0.402265     0.239615     0.103764            0
           0  9.91186e-05    0.0947368     0.239214     0.410944      0.58337     0.729974     0.828305     0.863381     0.829969     0.733389     0.588714     0.418503     0.249393     0.108099            0
           0 -1.40217e-05    0.0910502     0.230104     0.395401     0.561374     0.702495      0.79715     0.830919     0.798764     0.705808      0.56656     0.402735     0.239977        0.104            0
           0 -0.000557926    0.0802097     0.203711     0.350597     0.498119     0.623574     0.707737     0.737784     0.709236     0.626648     0.502926     0.357382     0.212819    0.0921048            0
           0  -0.00140352    0.0639187     0.164096     0.283369     0.403222     0.505182     0.573609     0.598073     0.574932     0.507892     0.407453     0.289322     0.172048    0.0742267            0
           0  -0.00234356    0.0447407     0.117342      0.20395     0.291061     0.365212      0.41501     0.432859     0.416107     0.367456     0.294556     0.208848     0.123844    0.0530875            0
           0  -0.00309143    0.0257414    0.0706544     0.124419     0.178585     0.224741     0.255775     0.266947     0.256606      0.22644     0.181224     0.128103    0.0755156    0.0319198            0
           0   -0.0032583    0.0100814    0.0312962    0.0568647    0.0827065     0.104772     0.119643     0.125043     0.120181     0.105872    0.0844112    0.0592373    0.0344118    0.0140142            0
           0            0            0            0            0            0            0            0            0            0            0            0            0            0            0            0
