           0            0            0            0            0            0            0            0            0            0            0            0            0            0            0            0
           0  -0.00517831  -0.00330185  0.000890976   0.00640917    0.0121988    0.0172528    0.0207376    0.0221053    0.0211701     0.018135    0.0135634   0.00830032   0.00335738 -0.000217098            0
           0  -0.00501181   0.00815714      0.02966    0.0557962    0.0823103     0.104998      0.12032     0.125923     0.120993     0.106373    0.0844416    0.0587608     0.033545    0.0130405            0
           0  -0.00371406    0.0262435    0.0730616     0.129166     0.185714      0.23391     0.266322        0.278      0.26722     0.235748     0.188574     0.133164    0.0783394    0.0329476            0
           0  -0.00183401    0.0478856     0.124339     0.215443     0.307025     0.384951     0.437267     0.455999     0.438367     0.387208     0.310549     0.220399     0.130937    0.0563759            0
           0  0.000178069    0.0696441      0.17564     0.301599     0.428047      0.53555     0.607656     0.633392     0.608926      0.53816     0.432137     0.307382     0.183405    0.0797576            0
           0   0.00194719    0.0881553     0.219168     0.374622     0.530565     0.663082     0.751922     0.783574     0.753319     0.665958     0.535086     0.381043     0.227847     0.099568            0
           0   0.00318413     0.100598     0.248334     0.423494     0.599135     0.748353     0.848363      0.88396     0.849835     0.751387     0.603914     0.430304     0.257581     0.112834            0
           0   0.00370611       0.1051     0.258746     0.440855     0.623436     0.778533     0.882471     0.919453     0.883961     0.781604     0.628278     0.447766     0.268148     0.117576            0
           0    0.0034541      0.10101      0.24887     0.424132     0.599852     0.749124      0.84916     0.884757     0.850605     0.752104     0.604551     0.430837      0.25799     0.113102            0
           0   0.00249987    0.0889971     0.220261     0.375922     0.532023     0.664647      0.75354     0.785191     0.754882     0.667412     0.536379     0.382128     0.228679     0.100113            0
           0   0.00104046    0.0709527     0.177332     0.303603     0.430289     0.537951     0.610138     0.635872     0.611323     0.540391     0.434125     0.309053     0.184691    0.0806015            0
           0 -0.000616538    0.0497205     0.126695     0.218218     0.310115     0.388252     0.440671     0.459399     0.441654     0.390273     0.313286     0.222707     0.132722    0.0575536            0
           0  -0.00206829    0.0286942    0.0761714     0.132795     0.189728     0.238179     0.270716     0.282385     0.271462     0.239711     0.192127     0.136178     0.080688    0.0345123            0
           0  -0.00281404     0.011357    0.0336415    0.0603763    0.0873294     0.110306     0.125766     0.131353      0.12625     0.111299    0.0888816    0.0625593    0.0365446    0.0150768            0
           0            0            0            0            0            0            0            0            0            0            0            0            0            0            0            0
