           0            0            0            0            0            0            0            0            0            0            0            0            0            0            0            0
           0   0.00130265   0.00147144   0.00115704  0.000486211 -0.000350805  -0.00115083  -0.00173836  -0.00199626  -0.00188498  -0.00144867 -0.000807407 -0.000135511  0.000373308  0.000554429            0
           0   0.00303305   0.00431824   0.00517294   0.00565078   0.00584645   0.00586312   0.00578912   0.00568184   0.00555827   0.00539233   0.00511941   0.00464837   0.00388211   0.00274861            0
           0   0.00535831   0.00828427     0.010974    0.0133456    0.0153049    0.0167536    0.0176036    0.0177918    0.0172908    0.0161129    0.0143076    0.0119522   0.00914104   0.00597592            0
           0   0.00800083    0.0128483    0.0177318    0.0224012    0.0265226    0.0297405    0.0317407    0.0323059    0.0313517    0.0289404    0.0252675    0.0206262    0.0153534   0.00976824            0
           0    0.0106008    0.0173625      0.02445    0.0314421    0.0377587    0.0427787    0.0459545     0.046909    0.0454995    0.0418395    0.0362759    0.0293242    0.0215707    0.0135563            0
           0    0.0127866    0.0211673    0.0301266    0.0390971    0.0472876    0.0538484    0.0580312    0.0593214    0.0575255    0.0528014    0.0456263    0.0367068    0.0268434    0.0167664            0
           0    0.0142392    0.0236997    0.0339106    0.0442065     0.053654    0.0612498    0.0661097    0.0676266    0.0655727    0.0601359     0.051881    0.0416434    0.0303676    0.0189112            0
           0    0.0147447    0.0245833    0.0352344    0.0459982    0.0558908    0.0638538    0.0689547    0.0705531     0.068409    0.0627209    0.0540849    0.0433821    0.0316082    0.0196661            0
           0    0.0142283    0.0236868    0.0339009    0.0442051    0.0536638    0.0612713    0.0661409    0.0676634    0.0656104    0.0601701    0.0519086    0.0416633    0.0303804    0.0189186            0
           0    0.0127656    0.0211444    0.0301141    0.0391059    0.0473241    0.0539131    0.0581185    0.0594214    0.0576264    0.0528925       0.0457    0.0367602    0.0268779    0.0167863            0
           0    0.0105702    0.0173344    0.0244474    0.0314846    0.0378573    0.0429324    0.0461513    0.0471286    0.0457181    0.0420354     0.036434    0.0294387    0.0216446    0.0135983            0
           0   0.00795749    0.0128178    0.0177553    0.0225129    0.0267398    0.0300589    0.0321359     0.032739    0.0317782    0.0293197    0.0255717    0.0208445     0.015492   0.00984476            0
           0   0.00528849   0.00824497     0.011039    0.0135737    0.0157232    0.0173511    0.0183339    0.0185836    0.0180638    0.0167944    0.0148474    0.0123318     0.009374   0.00609815            0
           0   0.00289858   0.00423973   0.00528379   0.00605231   0.00658172   0.00690799   0.00705894   0.00705038   0.00688439   0.00654904   0.00601943    0.0052609    0.0042357   0.00291658            0
           0            0            0            0            0            0            0            0            0            0            0            0            0            0            0            0
