           0            0            0            0            0            0            0            0            0            0            0            0            0            0            0            0
           0  0.000577116  0.000474723 -0.000187635  -0.00128282  -0.00256827  -0.00376807    -0.004637  -0.00500816  -0.00482256  -0.00413835  -0.00311876  -0.00199865  -0.00103039 -0.000407568            0
           0   0.00291166   0.00561272   0.00850785     0.011312    0.0137736     0.015672    0.0168299    0.0171313    0.0165346    0.0150796    0.0128839    0.0101338   0.00707343   0.00400344            0
           0   0.00639865    0.0134258    0.0219175    0.0309406    0.0394367    0.0463612    0.0508314    0.0522567     0.050427    0.0455452    0.0381976    0.0292686    0.0198154    0.0109279            0
           0    0.0105382    0.0227338    0.0379448    0.0544621    0.0702505    0.0832624    0.0917537    0.0945536    0.0912455    0.0822315     0.068669    0.0522921     0.035144    0.0192634            0
           0     0.014705     0.032105     0.054092    0.0781764     0.101336     0.120506      0.13307     0.137266      0.13247     0.119284    0.0994445     0.075547     0.050631    0.0276921            0
           0    0.0182604    0.0400936    0.0678542    0.0983888     0.127834     0.152258     0.168297     0.173688     0.167625     0.150884     0.125694    0.0953863    0.0638486    0.0348914            0
           0    0.0206585    0.0454698    0.0771067     0.111972     0.145637      0.17359     0.191963     0.198158     0.191245     0.172118     0.143338     0.108726    0.0727414    0.0397404            0
           0    0.0215338    0.0474116     0.080432     0.116841     0.152009     0.181218     0.200424     0.206905     0.199692     0.179715     0.149657     0.113511    0.0759398    0.0414916            0
           0    0.0207587    0.0456327    0.0773367      0.11227        0.146     0.174006     0.192416     0.198624     0.191702     0.172542     0.143709      0.10903    0.0729684     0.039886            0
           0    0.0184629    0.0404256    0.0683272    0.0990077     0.128591     0.153131     0.169249     0.174671     0.168587     0.151774     0.126471    0.0960196    0.0643199    0.0351926            0
           0    0.0150118    0.0326159    0.0548323    0.0791594     0.102552      0.12192     0.134619     0.138869     0.134036     0.120729     0.100699    0.0765619    0.0513802    0.0281674            0
           0    0.0109455    0.0234308    0.0389833    0.0558738    0.0720287    0.0853534    0.0940597    0.0969449    0.0935799    0.0843747    0.0705132    0.0537671    0.0362187    0.0199371            0
           0   0.00688598    0.0143011    0.0232831    0.0328645    0.0419213    0.0493299    0.0541344    0.0556923    0.0537734    0.0485956    0.0407905    0.0313074    0.0212711    0.0118225            0
           0   0.00342044   0.00661941      0.01021    0.0138455    0.0171614    0.0198049     0.021479    0.0219838    0.0212468    0.0193339    0.0164399    0.0128613   0.00895908   0.00512408            0
           0            0            0            0            0            0            0            0            0            0            0            0            0            0            0            0
