           0            0            0            0            0            0            0            0            0            0            0            0            0            0            0            0
           0   0.00106803   0.00110046  0.000582096 -0.000346818  -0.00145824  -0.00250263  -0.00326184  -0.00358896  -0.00343319  -0.00284777  -0.00197985  -0.00104247 -0.000269443  0.000147441            0
           0   0.00308504   0.00485276   0.00635794   0.00755071   0.00842614   0.00899708   0.00927901   0.00928217   0.00900796    0.0084487    0.0075904   0.00641974   0.00493751   0.00318333            0
           0   0.00593454    0.0103395    0.0150478     0.019694    0.0238662    0.0271559    0.0292147     0.029807    0.0288458    0.0264058    0.0227126    0.0181086    0.0130055   0.00783339            0
           0   0.00924466    0.0167813    0.0253383     0.034168    0.0423569    0.0489731    0.0532155    0.0545418    0.0527546    0.0480317    0.0408965     0.032133    0.0226598    0.0133834            0
           0    0.0125402    0.0232199    0.0356574    0.0487184    0.0609792    0.0709737    0.0774378    0.0795156    0.0768966    0.0698638    0.0592449    0.0462745    0.0323872    0.0189718            0
           0    0.0153325    0.0286837    0.0444257    0.0610951    0.0768321    0.0897132    0.0980776       0.1008    0.0974739    0.0884713     0.074881    0.0583232    0.0406735    0.0237321            0
           0    0.0172027    0.0323444    0.0503028    0.0693942    0.0874658     0.102286     0.111928     0.115086     0.111286     0.100962    0.0853771    0.0664115    0.0462368    0.0269292            0
           0      0.01787    0.0336482    0.0523946    0.0723475    0.0912498     0.106761     0.116859     0.120172     0.116205     0.105412    0.0891183    0.0692965    0.0482234    0.0280728            0
           0    0.0172363    0.0324022    0.0503902    0.0695147    0.0876197      0.10247     0.112133       0.1153     0.111496     0.101156    0.0855461    0.0665481    0.0463376    0.0269933            0
           0    0.0154011    0.0288037    0.0446097    0.0613522    0.0771634    0.0901097    0.0985208     0.101264    0.0979302    0.0888924    0.0752448    0.0586154    0.0408876    0.0238676            0
           0    0.0126447    0.0234088    0.0359558    0.0491445    0.0615363    0.0716466    0.0781933    0.0803076    0.0776736    0.0705772    0.0598565    0.0467607    0.0327394    0.0191921            0
           0    0.0093811    0.0170432    0.0257734    0.0348112    0.0432166    0.0500248    0.0544039    0.0557895    0.0539752    0.0491447    0.0418401    0.0328717     0.023185    0.0137058            0
           0   0.00608535    0.0106666    0.0156402    0.0206171    0.0251388    0.0287397    0.0310194    0.0317052    0.0306962    0.0280779    0.0241088    0.0191778    0.0137445   0.00827394            0
           0   0.00320128   0.00520553   0.00711321   0.00882861    0.0102636    0.0113346    0.0119698     0.012119    0.0117614     0.010909   0.00960423   0.00791454   0.00592593   0.00374327            0
           0            0            0            0            0            0            0            0            0            0            0            0            0            0            0            0
