          0           0           0           0           0           0           0           0           0           0           0           0           0           0           0           0
          0 -0.00305388 -0.00113107  0.00281226  0.00797673   0.0134193   0.0181974   0.0215125   0.0228322   0.0219699   0.0191129   0.0147913  0.00979378  0.00503953  0.00142513           0
          0 -0.00399079  0.00416076   0.0180137    0.035157   0.0527361   0.0678958   0.0782169    0.082085   0.0789353   0.0693373   0.0549062   0.0380528   0.0216064  0.00836493           0
          0 -0.00494332   0.0121873   0.0400885   0.0740926    0.108687     0.13836    0.158445    0.165825    0.159412    0.140308    0.111636   0.0780636   0.0450873    0.018177           0
          0 -0.00597856   0.0215856    0.065732    0.119185    0.173375    0.219744    0.251044     0.26244    0.252241    0.222159    0.177052    0.124183    0.072115    0.029409           0
          0 -0.00701268   0.0309056   0.0911487    0.163854    0.237428    0.300303    0.342683    0.358035    0.344075     0.30312     0.24174    0.169762   0.0987891   0.0404455           0
          0 -0.00789947   0.0387602    0.112586    0.201529    0.291446    0.368232    0.419947    0.438626    0.421487    0.371358     0.29625    0.208153    0.121234   0.0497045           0
          0 -0.00849175    0.043998    0.126878    0.226642    0.327447    0.413499    0.471428    0.492319    0.473059    0.416813    0.332555    0.233716    0.136169   0.0558554           0
          0 -0.00868358   0.0458577    0.131916    0.235473    0.340092    0.429386    0.489488     0.51115    0.491142     0.43275    0.345284    0.242679    0.141406   0.0580111           0
          0 -0.00843523   0.0440741    0.126959    0.226713    0.327499    0.413527    0.471434     0.49231    0.473042    0.416796    0.332544    0.233713    0.136172   0.0558598           0
          0 -0.00778065   0.0389175    0.112748    0.201665    0.291536    0.368267    0.419932    0.438577    0.421424      0.3713    0.296209    0.208135    0.121233   0.0497108           0
          0 -0.00681688    0.031158   0.0913972    0.164045    0.237526    0.300298     0.34259    0.357884    0.343905    0.302969    0.241632    0.169705   0.0987734   0.0404506           0
          0 -0.00567458   0.0219638   0.0660804    0.119416    0.173436    0.219625    0.250776    0.262081    0.251864     0.22183    0.176816    0.124052   0.0720724   0.0294138           0
          0 -0.00446799   0.0127539   0.0405703   0.0743494    0.108642    0.138011    0.157852    0.165098    0.158675    0.139675    0.111185   0.0778179   0.0450131   0.0181969           0
          0 -0.00321732  0.00503939    0.018699   0.0354299   0.0524905   0.0671449   0.0770776   0.0807448   0.0776084   0.0682174   0.0541244   0.0376485   0.0215191  0.00845108           0
          0           0           0           0           0           0           0           0           0           0           0           0           0           0           0           0
