          0           0           0           0           0           0           0           0           0           0           0           0           0           0           0           0
          0 -0.00423399  -0.0022695  0.00199884  0.00764118   0.0135992   0.0188307   0.0224597   0.0239043   0.0229631    0.019844   0.0151321  0.00970022  0.00457471 0.000777214           0
          0 -0.00500567  0.00535291   0.0227997   0.0442886   0.0662562   0.0851559   0.0979907    0.102764   0.0987788   0.0867454     0.06867   0.0475507   0.0269187   0.0102926           0
          0 -0.00540747   0.0172545   0.0536712   0.0978059    0.142565    0.180873    0.206744    0.216185    0.207802    0.183013     0.14583    0.102252   0.0593512   0.0241935           0
          0 -0.00566672   0.0313932   0.0898818    0.160296    0.231463    0.292235    0.333175    0.347989    0.334479    0.294878    0.235516    0.165859   0.0970766   0.0403497           0
          0  -0.0058637   0.0455389    0.125966    0.222471    0.319837    0.402883    0.458757    0.478883    0.460268    0.405956    0.324571    0.229014    0.134522    0.056362           0
          0 -0.00600709   0.0575335    0.156507    0.275055    0.394547    0.496398    0.564873    0.589476    0.566542    0.499797    0.399803    0.282363    0.166143   0.0698703           0
          0 -0.00607751   0.0655757    0.176932    0.310188    0.444439     0.55883    0.635706    0.663289    0.637469    0.562427    0.450015    0.317971    0.187251   0.0788864           0
          0 -0.00605306   0.0684714    0.184192    0.322621    0.462058     0.58085    0.660672    0.689297    0.662458    0.584497    0.467718    0.330536    0.194711   0.0820853           0
          0 -0.00592272    0.065805    0.177218     0.31051    0.444781    0.559177    0.636048    0.663621    0.637783    0.562718    0.450277    0.318194    0.187425   0.0790023           0
          0 -0.00568977   0.0580005    0.157084      0.2757    0.395225    0.497081    0.565543    0.590121    0.567153    0.500366    0.400317    0.282805    0.166492   0.0701027           0
          0 -0.00536549   0.0462639    0.126849    0.223442    0.320841    0.403879    0.459721    0.479804    0.461141    0.406773    0.325317    0.229665    0.135043   0.0567142           0
          0  -0.0049514   0.0324154   0.0910968    0.161598    0.232772    0.293499    0.334374     0.34912     0.33555    0.295892    0.236462    0.166705   0.0977727   0.0408316           0
          0 -0.00440602   0.0186464    0.055268   0.0994492    0.144145    0.182334    0.208078    0.217416    0.208968    0.184143    0.146926     0.10328   0.0602361   0.0248317           0
          0 -0.00358455  0.00724701   0.0248637   0.0462901   0.0680533   0.0866976   0.0993022    0.103921   0.0998775   0.0878648   0.0698443   0.0487471   0.0280307   0.0111506           0
          0           0           0           0           0           0           0           0           0           0           0           0           0           0           0           0
