           0            0            0            0            0            0            0            0            0            0            0            0            0            0            0            0
           0 -0.000434435   0.00103411   0.00354806   0.00669971   0.00996884    0.0128187    0.0147871    0.0155624    0.0150327    0.0133025    0.0106735   0.00759263   0.00457189   0.00209007            0
           0 -0.000906852   0.00278872    0.0089132     0.016467    0.0242202    0.0309219    0.0355027    0.0372444    0.0358918     0.031691     0.025348    0.0179129    0.0106056   0.00460406            0
           0  -0.00174226   0.00490367    0.0158149    0.0291905     0.042859    0.0546291    0.0626353    0.0656275     0.063164    0.0556785    0.0444097    0.0312058    0.0182289   0.00760303            0
           0  -0.00285487   0.00708904    0.0233759      0.04329    0.0635972    0.0810501    0.0928905    0.0972734    0.0935494    0.0823632     0.065553    0.0458651     0.026527     0.010741            0
           0   -0.0040596   0.00908693    0.0306183    0.0569164    0.0837048     0.106703     0.122282     0.128017     0.123055     0.108248    0.0860209         0.06    0.0344581    0.0136597            0
           0  -0.00513872    0.0106735    0.0365878     0.068226     0.100437     0.128074     0.146779     0.153641     0.147639     0.129799     0.103038    0.0717183    0.0409922     0.016018            0
           0  -0.00589541    0.0116718    0.0404839    0.0756565     0.111457     0.142166      0.16294     0.170547     0.163855     0.144005     0.114239    0.0794126    0.0452589    0.0175316            0
           0   -0.0061943    0.0119676    0.0417735    0.0781627       0.1152     0.146968     0.168455     0.176318     0.169386     0.148841      0.11804    0.0820055    0.0466757     0.018011            0
           0  -0.00598682    0.0115212    0.0402687    0.0753744     0.111111     0.141766     0.162503     0.170094     0.163409      0.14359     0.113875    0.0791136    0.0450352    0.0173884            0
           0  -0.00531921    0.0103731    0.0361541    0.0676521     0.099728     0.127251     0.145877     0.152704     0.146718     0.128943     0.102288    0.0711056    0.0405358    0.0157271            0
           0  -0.00432219   0.00864107    0.0299612    0.0560321    0.0825989     0.105408     0.120855     0.126532     0.121596     0.106896    0.0848434    0.0590449    0.0337525    0.0132135            0
           0  -0.00318251   0.00651146    0.0224941    0.0420699    0.0620414    0.0792046    0.0908418    0.0951372    0.0914539    0.0804307    0.0638836    0.0445263    0.0255513    0.0101321            0
           0  -0.00209716   0.00422914    0.0147189    0.0276064    0.0407808    0.0521209    0.0598247    0.0626875    0.0602862    0.0530432    0.0421608    0.0294332    0.0169646   0.00683249            0
           0  -0.00121004   0.00209318    0.0076393    0.0144932    0.0215248    0.0275938    0.0317299    0.0332836    0.0320264    0.0281854    0.0224067    0.0156532    0.0090497   0.00369583            0
           0            0            0            0            0            0            0            0            0            0            0            0            0            0            0            0
