           0            0            0            0            0            0            0            0            0            0            0            0            0            0            0            0
           0  -0.00538545  -0.00454367  -0.00210351   0.00119363   0.00465905   0.00767744   0.00975659    0.0105795    0.0100425   0.00826886   0.00559641   0.00254062 -0.000254751  -0.00206057            0
           0  -0.00403578     0.008691    0.0289615    0.0533153    0.0778515    0.0987476     0.112797     0.117871     0.113234    0.0996519    0.0792836    0.0553696    0.0317699    0.0124273            0
           0 -0.000688735    0.0300741    0.0769665     0.132584     0.188331     0.235672     0.267405      0.27873     0.267977     0.236855     0.190202     0.135266    0.0806248    0.0349195            0
           0    0.0037892    0.0559615     0.134267     0.226692      0.31914     0.397562     0.450064     0.468717      0.45075     0.398979     0.321384     0.229907     0.138655    0.0617777            0
           0   0.00851517    0.0821762     0.191923      0.32114     0.450257     0.559718     0.632957     0.658917     0.633732      0.56132     0.452795     0.324782     0.196902    0.0887991            0
           0    0.0126586     0.104592     0.241025     0.401449     0.561653     0.697422     0.788232     0.820379     0.789068     0.699152     0.564397     0.405393     0.246431     0.111812            0
           0    0.0155351     0.119731     0.274039     0.455348     0.636348     0.789712      0.89227      0.92855     0.893138      0.79151     0.639202     0.459455     0.279681     0.127293            0
           0    0.0166949     0.125279     0.285939     0.474649     0.663006     0.822587     0.929294      0.96703     0.930163     0.824388     0.665865     0.478769     0.291608     0.132892            0
           0    0.0159841     0.120429     0.274969     0.456485     0.637656     0.791147     0.893779     0.930075     0.894618     0.792884     0.640417     0.460465     0.280448      0.12779            0
           0    0.0135663     0.106004     0.242908     0.403753     0.564308     0.700338     0.791303     0.823483     0.792081      0.70195     0.566869     0.407444     0.247988     0.112821            0
           0   0.00990044    0.0843338     0.194804     0.324674     0.454339     0.564212     0.637696     0.663711     0.638385     0.565639     0.456607     0.327941     0.199296    0.0903494            0
           0   0.00567886    0.0589082     0.138213     0.231546     0.324769     0.403779     0.456637     0.475376     0.457212      0.40497     0.326661     0.234271     0.141956    0.0639123            0
           0   0.00173949    0.0338629    0.0820555     0.138877     0.195668     0.243816     0.276044     0.287497     0.276483     0.244726     0.197114     0.140961    0.0849193    0.0376937            0
           0  -0.00102501     0.013377    0.0352767    0.0611815    0.0870989     0.109085     0.123815     0.129077     0.124102      0.10968    0.0880447    0.0625461     0.037157    0.0159064            0
           0            0            0            0            0            0            0            0            0            0            0            0            0            0            0            0
