           0            0            0            0            0            0            0            0            0            0            0            0            0            0            0            0
           0  -0.00396422  -0.00368596  -0.00262136   -0.0012118  0.000221203   0.00143364   0.00224886   0.00256048   0.00233793   0.00162971  0.000562856 -0.000659107  -0.00175306  -0.00233364            0
           0    -0.001745   0.00876399    0.0248284    0.0437863    0.0626927    0.0786837     0.089365    0.0931506     0.089493     0.078965    0.0631811    0.0445712    0.0260468     0.010621            0
           0   0.00266897    0.0288379    0.0675678     0.112941     0.158115     0.196312     0.221812     0.230806     0.221967     0.196651     0.158701     0.113876    0.0690024    0.0309834            0
           0   0.00834278    0.0531643     0.118755     0.195376     0.271604     0.336044     0.379052     0.394194     0.379221     0.336414     0.272242     0.196388     0.120292     0.055434            0
           0    0.0142496     0.077826     0.170356     0.278285      0.38561     0.476324     0.536858     0.558152     0.537032     0.476703     0.386261     0.279314     0.171912     0.080109            0
           0     0.019391    0.0989321     0.214354     0.348868     0.482591     0.595604     0.671011     0.697521     0.671181     0.595976      0.48323     0.349878     0.215879     0.101164            0
           0    0.0229314     0.113196     0.243964     0.396286     0.547684     0.675624     0.760984     0.790985     0.761147      0.67598     0.548297     0.397257     0.245432     0.115347            0
           0    0.0243172     0.118427      0.25466     0.413305     0.570968     0.704194     0.793076     0.824309     0.793229      0.70453     0.571549     0.414229     0.256064     0.120492            0
           0    0.0233575     0.113864     0.244862     0.397396     0.548975     0.677053     0.762498     0.792521     0.762641     0.677368     0.549523     0.398272       0.2462     0.115844            0
           0    0.0202514     0.100283     0.216176     0.351125     0.485223     0.598524     0.674108     0.700667      0.67424     0.598816     0.485734     0.351949     0.217444     0.102175            0
           0    0.0155585     0.079888      0.17315     0.281763     0.389683      0.48086     0.541682     0.563057     0.541801     0.481126     0.390152     0.282523     0.174331    0.0816682            0
           0     0.010116    0.0559726     0.122588     0.200183     0.277273     0.342392     0.385828     0.401097     0.385932     0.342624     0.277684     0.200856     0.123646     0.057588            0
           0   0.00491599    0.0324233    0.0725125     0.119213      0.16559      0.20475     0.230866     0.240052     0.230949     0.204937     0.165923     0.119764    0.0733896    0.0337863            0
           0  0.000966466    0.0131319    0.0309471    0.0516818    0.0722439    0.0895877     0.101149     0.105219     0.101206    0.0897166    0.0724749    0.0520669    0.0315691    0.0141216            0
           0            0            0            0            0            0            0            0            0            0            0            0            0            0            0            0
