           0            0            0            0            0            0            0            0            0            0            0            0            0            0            0            0
           0  0.000742692   0.00177903   0.00321935   0.00489487   0.00657436   0.00801189   0.00899215    0.0093678   0.00908393   0.00818623   0.00681165   0.00516254   0.00346756   0.00193361            0
           0  0.000921451   0.00275535   0.00539381   0.00849564    0.0116149    0.0142855    0.0161028    0.0167914    0.0162503    0.0145674    0.0120032   0.00894392   0.00583161   0.00307898            0
           0    0.0008577   0.00357192   0.00759765    0.0123736    0.0171905    0.0213163      0.02412    0.0251741    0.0243231    0.0217069    0.0177354    0.0130186   0.00826123   0.00413662            0
           0  0.000597499   0.00419939   0.00967615    0.0162216    0.0228393    0.0285106    0.0323613    0.0338012    0.0326175    0.0290064    0.0235397    0.0170697     0.010588   0.00505637            0
           0  0.000228858   0.00463864     0.011473    0.0196873    0.0280083     0.035143    0.0399849    0.0417891    0.0402884    0.0357335    0.0288514    0.0207274    0.0126294   0.00579941            0
           0 -0.000146562   0.00490533     0.012843    0.0224221    0.0321397    0.0404754     0.046131    0.0482339    0.0464722    0.0411421    0.0330991     0.023622    0.0142085    0.0063341            0
           0 -0.000437318   0.00501848    0.0136668    0.0241314    0.0347578     0.043876     0.050062    0.0523594    0.0504275    0.0445922    0.0357939    0.0254389    0.0151762   0.00663572            0
           0 -0.000580634   0.00499246    0.0138657    0.0246176     0.035542     0.044918    0.0512792     0.053641     0.051653    0.0456515     0.036606     0.025966    0.0154324   0.00668783            0
           0 -0.000554034   0.00483245    0.0134114    0.0238094    0.0343764     0.043447     0.049602    0.0518883    0.0499668    0.0441631    0.0354153    0.0251259    0.0149401   0.00648369            0
           0  -0.00037898   0.00453335    0.0123299    0.0217723    0.0313669    0.0396037    0.0451945    0.0472739    0.0455336    0.0402685    0.0323294    0.0229873    0.0137307   0.00602711            0
           0 -0.000116008   0.00408233    0.0106989    0.0186987    0.0268244    0.0338006    0.0385379    0.0403037    0.0388364    0.0343845    0.0276664     0.019754    0.0118999   0.00533252            0
           0  0.000148463    0.0034652   0.00863936      0.01488    0.0212152     0.026655    0.0303515    0.0317337    0.0305973    0.0271347    0.0219033     0.015734   0.00959412   0.00442464            0
           0  0.000322954   0.00267694   0.00630331    0.0106643    0.0150887    0.0188888    0.0214735    0.0224444    0.0216581    0.0192478    0.0156008     0.011293   0.00699191   0.00333917            0
           0  0.000338825   0.00173705   0.00386122   0.00640778   0.00899014    0.0112091    0.0127204    0.0132915    0.0128382    0.0114376   0.00931423   0.00680168   0.00428425   0.00212635            0
           0            0            0            0            0            0            0            0            0            0            0            0            0            0            0            0
