           0            0            0            0            0            0            0            0            0            0            0            0            0            0            0            0
           0  -0.00498784  -0.00307945   0.00102168   0.00634512    0.0118851    0.0166927    0.0199878    0.0212601    0.0203388    0.0174166    0.0130243   0.00795965   0.00318451 -0.000288788            0
           0    -0.004329    0.0094731    0.0316375    0.0583952    0.0854361     0.108513     0.124055      0.12969     0.124599     0.109637    0.0872094     0.060916    0.0350257    0.0138537            0
           0  -0.00233193    0.0291649    0.0778122     0.135829      0.19415     0.243767     0.277074     0.289005     0.277799     0.245268     0.196524     0.139219     0.082395    0.0351365            0
           0  0.000357175    0.0526868     0.132362     0.226928     0.321786     0.402384     0.456415     0.475675     0.457304     0.404226     0.324708     0.231121     0.138073    0.0602108            0
           0    0.0031698    0.0763164     0.186933     0.317914     0.449155     0.560595     0.635249     0.661793     0.636275     0.562723     0.452545     0.322801      0.19364    0.0852487            0
           0   0.00561197    0.0964072     0.233227     0.395031     0.557059      0.69459     0.786689     0.819389     0.787817     0.696935     0.560804     0.400454     0.240714     0.106467            0
           0   0.00729394     0.109899     0.264235     0.446631     0.629223     0.784177     0.887922     0.924731     0.889111     0.786651     0.633181     0.452381     0.272208     0.120673            0
           0   0.00796655     0.114761     0.275284     0.464942     0.654776     0.815864     0.923708     0.961959      0.92491      0.81837     0.658788     0.470777     0.283391     0.125744            0
           0   0.00754887     0.110289     0.264746     0.447245     0.629918     0.784929     0.888706     0.925518     0.889874     0.787362     0.633812     0.452909     0.272612     0.120938            0
           0   0.00613854    0.0972122      0.23428     0.396294     0.558489     0.696138     0.788302      0.82101     0.789387     0.698397     0.562102     0.401541     0.241547     0.107012            0
           0   0.00400222     0.077586     0.188589     0.319897     0.451398     0.563022     0.637778     0.664334     0.638737     0.565016     0.454583     0.324509      0.19495    0.0861074            0
           0   0.00154969     0.054497     0.134713     0.229735     0.324954     0.405811     0.459984     0.479262      0.46078     0.407465     0.327591     0.233539     0.139932    0.0614334            0
           0 -0.000698591    0.0316218    0.0809779     0.139589     0.198384     0.248341     0.281838     0.293794     0.282443     0.249597     0.200381     0.142462    0.0848997    0.0367938            0
           0   -0.0021302    0.0127204    0.0357638    0.0632577    0.0908925     0.114402     0.130188     0.135858     0.130582     0.115218    0.0921884    0.0651171    0.0382941     0.016045            0
           0            0            0            0            0            0            0            0            0            0            0            0            0            0            0            0
