          0           0           0           0           0           0           0           0           0           0           0           0           0           0           0           0
          0 -0.00347566 -0.00152528  0.00256013  0.00793089   0.0135965   0.0185715   0.0220236   0.0233983   0.0225021    0.019531    0.015039  0.00985056  0.00492977  0.00122307           0
          0 -0.00438876  0.00452566   0.0196416   0.0383226   0.0574608   0.0739527   0.0851717   0.0893656   0.0859223   0.0754616    0.059739   0.0413758   0.0234526  0.00902361           0
          0  -0.0052008   0.0138176    0.044661   0.0821831    0.120317    0.153002    0.175109    0.183213    0.176119    0.155039    0.123408   0.0863612   0.0499475   0.0201948           0
          0 -0.00602758    0.024764   0.0738371    0.133141    0.193201    0.244558      0.2792    0.291786    0.280448    0.247079     0.19705    0.138389    0.080569   0.0330596           0
          0 -0.00683296   0.0356595    0.102818    0.183708    0.265481    0.335316    0.382358    0.399364    0.383807    0.338254    0.269988    0.189902    0.110857    0.045744           0
          0  -0.0075148   0.0448655    0.127295    0.226403    0.326495    0.411914    0.469407    0.490135     0.47101     0.41517     0.33151    0.233338    0.136379   0.0564091           0
          0  -0.0079619   0.0510187    0.143634    0.254889     0.36719    0.462994    0.527449    0.550653    0.529145    0.466444    0.372519    0.262288    0.153384   0.0635076           0
          0 -0.00809185   0.0532167    0.149413    0.264931    0.381514    0.480956    0.547849    0.571915    0.549568    0.484458    0.386928    0.272464    0.159365    0.066008           0
          0 -0.00787293   0.0511452    0.143782    0.255042    0.367336    0.463125    0.527564    0.550753    0.529234    0.466526    0.372595    0.262358    0.153442    0.063548           0
          0 -0.00733045   0.0451247    0.127593    0.226705    0.326775    0.412158    0.469613    0.490309    0.471163    0.415313    0.331647    0.233468    0.136491   0.0564883           0
          0 -0.00653729   0.0360673    0.103273    0.184152    0.265872    0.335633    0.382602    0.399555    0.383969    0.338411    0.270152    0.190071    0.111014   0.0458606           0
          0 -0.00558754   0.0253538   0.0744681    0.133719    0.193663     0.24488    0.279398    0.291899    0.280529    0.247175    0.197189     0.13857   0.0807624   0.0332173           0
          0 -0.00455071   0.0146559   0.0455059   0.0828863     0.12079    0.153226    0.175123      0.1831    0.175978    0.154959    0.123444   0.0865187   0.0501785   0.0204124           0
          0 -0.00339818  0.00574014   0.0207757   0.0391497   0.0578616   0.0739203   0.0847953   0.0888004   0.0853477   0.0750379   0.0595684   0.0414753   0.0237459  0.00935665           0
          0           0           0           0           0           0           0           0           0           0           0           0           0           0           0           0
