           0            0            0            0            0            0            0            0            0            0            0            0            0            0            0            0
           0  -0.00502185  -0.00311078    0.0011864   0.00687835    0.0128794    0.0181382    0.0217781    0.0232205    0.0222671    0.0191286    0.0143939   0.00894449   0.00382707  0.000107515            0
           0  -0.00533919   0.00685944    0.0270886    0.0518349    0.0770308    0.0986457     0.113281     0.118676     0.114044     0.100193    0.0794045    0.0550884    0.0312746    0.0120052            0
           0  -0.00483067    0.0226033     0.066013     0.118295     0.171135     0.216254     0.246653     0.257669     0.247674     0.218329      0.17433     0.122701    0.0717345     0.029734            0
           0  -0.00391355     0.041426      0.11192     0.196292     0.281304     0.353752     0.402462     0.419983     0.403715     0.356306     0.285253     0.201774      0.11911    0.0505255            0
           0  -0.00288166    0.0603353     0.157805     0.274103       0.3911     0.490703     0.557599     0.581569     0.559048     0.493663     0.395694      0.28052     0.166301    0.0712356            0
           0  -0.00195339    0.0764144     0.196717     0.340018     0.484057     0.606614     0.688875     0.718288     0.690471     0.609879     0.489142     0.347157     0.206239    0.0887624            0
           0  -0.00128549    0.0872204     0.222781     0.384116     0.546209     0.684085     0.776599      0.80964     0.778282     0.687534     0.551592     0.391699     0.232945     0.100491            0
           0 -0.000972837    0.0911321     0.232082     0.399774     0.568222     0.711487     0.807603     0.841915     0.809306     0.714978     0.573679     0.407474     0.242427     0.104677            0
           0  -0.00104452    0.0875854      0.22325     0.384668      0.54682     0.684734     0.777263     0.810299     0.778915     0.688122     0.552116      0.39214     0.233284     0.100713            0
           0  -0.00146142    0.0771573     0.197669     0.341133     0.485288     0.607916     0.690206     0.719608      0.69174      0.61106     0.490196     0.348045     0.206924    0.0892122            0
           0  -0.00211634    0.0614843     0.159268     0.275805     0.392968      0.49267     0.559603     0.583553     0.560957     0.495442     0.397286     0.281868     0.167346    0.0719252            0
           0  -0.00283451    0.0430297     0.113938     0.198615      0.28383     0.356392     0.405139     0.422627     0.406261     0.358686     0.287396     0.203601      0.12054    0.0514773            0
           0  -0.00336705     0.024742    0.0686557     0.121285      0.17434     0.219567     0.249989     0.260953     0.250839     0.221304     0.177032     0.125034    0.0735875    0.0309882            0
           0  -0.00336197   0.00966587    0.0304565     0.055549     0.080929     0.102611     0.117231     0.122547     0.117782     0.103735    0.0826671    0.0579617    0.0336146    0.0136365            0
           0            0            0            0            0            0            0            0            0            0            0            0            0            0            0            0
