          0           0           0           0           0           0           0           0           0           0           0           0           0           0           0           0
          0 -0.00176737 -0.00189234 -0.00207485 -0.00242107 -0.00288566 -0.00335829 -0.00372104 -0.00388645 -0.00381948 -0.00354371 -0.00313161 -0.00267789 -0.00225363  -0.0018337           0
          0 0.000918525  0.00776173   0.0174137   0.0283895   0.0391025   0.0480323   0.0539157   0.0559182   0.0537518   0.0477186   0.0386716   0.0279018   0.0169744  0.00755029           0
          0  0.00555306   0.0231507   0.0478942   0.0762403    0.104119    0.127505    0.143004    0.148355    0.142769    0.127048     0.10347   0.0754556   0.0470674   0.0224353           0
          0    0.011311   0.0417595   0.0844837    0.133512     0.18183    0.222434    0.249389    0.258735    0.249081    0.221826    0.180945    0.132389   0.0831861   0.0403898           0
          0   0.0172267    0.060618    0.121419    0.191229    0.260081    0.317983    0.356449    0.369809    0.356071    0.317231    0.258965    0.189765    0.119635   0.0585554           0
          0   0.0223375   0.0767568    0.152939    0.240422    0.326735    0.399343    0.447596     0.46437     0.44716    0.398469    0.325421    0.238664    0.150728   0.0740796           0
          0   0.0258288   0.0876609    0.174164    0.273498    0.371513    0.453978     0.50879    0.527851    0.508314    0.453021    0.370063    0.271534    0.171652   0.0845479           0
          0   0.0271579   0.0916526    0.181838    0.285389    0.387562    0.473526    0.530665    0.550537    0.530173    0.472534    0.386054    0.283336    0.179196    0.088351           0
          0   0.0261363   0.0881472    0.174827    0.274328     0.37249    0.455071    0.509957    0.529041    0.509474    0.454098    0.371012    0.272317    0.172243   0.0849291           0
          0   0.0229578   0.0777415    0.154286    0.242117    0.328737     0.40159        0.45    0.466824    0.449552    0.400688    0.327372    0.240271    0.151937   0.0748581           0
          0   0.0181678   0.0621218    0.123493    0.193857    0.263209    0.321511    0.360235    0.373681    0.359843    0.320724    0.262026    0.192275    0.121516   0.0597619           0
          0   0.0125768   0.0438041   0.0873399    0.137177    0.186237    0.227444    0.254793    0.264272    0.254472    0.226804    0.185284    0.135923   0.0858149   0.0420656           0
          0  0.00713101    0.025743   0.0515885   0.0810699    0.110017    0.134285    0.150367    0.155922    0.150129    0.133812     0.10932   0.0801707   0.0505344   0.0246237           0
          0  0.00275673   0.0108655   0.0219805   0.0345329   0.0467729    0.056985   0.0637259   0.0660345   0.0635746   0.0566865   0.0463377    0.033984   0.0213651   0.0102774           0
          0           0           0           0           0           0           0           0           0           0           0           0           0           0           0           0
