           0            0            0            0            0            0            0            0            0            0            0            0            0            0            0            0
           0  0.000963563  0.000956944  0.000388475 -0.000601541  -0.00177753  -0.00287949  -0.00367922  -0.00402264  -0.00385617  -0.00323506  -0.00231267  -0.00131075 -0.000471563  8.92217e-06            0
           0   0.00306756   0.00503916   0.00683814   0.00836587   0.00956758    0.0104095    0.0108688    0.0109308    0.0105885   0.00984358   0.00870843    0.0072096   0.00539704   0.00336401            0
           0   0.00608434    0.0110799    0.0166236    0.0222275     0.027341    0.0314191    0.0339992    0.0347697    0.0336171    0.0306438    0.0261525     0.020602    0.0145425   0.00854644            0
           0   0.00961003    0.0182047    0.0282488    0.0387845    0.0486534    0.0566798    0.0618568    0.0635049    0.0613788    0.0557052    0.0471459    0.0366926    0.0255095    0.0147506            0
           0    0.0131312    0.0253427    0.0399256    0.0554478    0.0701338    0.0821659    0.0899817    0.0925263    0.0894196    0.0810151    0.0683406    0.0529302    0.0365716    0.0210073            0
           0    0.0161206    0.0314089    0.0498581    0.0696326    0.0884301     0.103883     0.113955     0.117268     0.113327     0.102594    0.0864101    0.0667725    0.0460019     0.026342            0
           0     0.018127    0.0354791    0.0565227    0.0791519     0.100711     0.118462      0.13005     0.133881     0.129382     0.117086     0.098546    0.0760708    0.0523383    0.0299284            0
           0    0.0188476    0.0369353    0.0589027    0.0825481      0.10509     0.123661      0.13579     0.139806     0.135109     0.122258      0.10288    0.0793945    0.0546068    0.0312155            0
           0    0.0181766    0.0355623    0.0566445    0.0793155     0.100915     0.118703     0.130315     0.134157     0.129652     0.117337    0.0987646    0.0762483    0.0524699    0.0300124            0
           0    0.0162215    0.0315801    0.0501121    0.0699776    0.0888651     0.104396     0.114523     0.117859     0.113908      0.10313    0.0868752    0.0671482     0.046279     0.026518            0
           0    0.0132842    0.0256092     0.040331    0.0560092    0.0708519    0.0830202    0.0909319    0.0935174    0.0903907    0.0819085    0.0691101    0.0535461     0.037021    0.0212899            0
           0   0.00981135    0.0185714    0.0288301    0.0396149    0.0497378    0.0579868    0.0633204    0.0650346    0.0628741    0.0570722    0.0483113    0.0376123    0.0261695    0.0151591            0
           0   0.00631537    0.0115386    0.0174032    0.0233949    0.0289111    0.0333444    0.0361744    0.0370486     0.035838     0.032657    0.0278444    0.0219101    0.0154575    0.0090982            0
           0   0.00327643   0.00554818   0.00782255   0.00995076     0.011787    0.0131917    0.0140462    0.0142693    0.0138295    0.0127499    0.0111047   0.00900894   0.00660606   0.00406113            0
           0            0            0            0            0            0            0            0            0            0            0            0            0            0            0            0
