          0           0           0           0           0           0           0           0           0           0           0           0           0           0           0           0
          0 -0.00481934 -0.00288464  0.00143293  0.00715425   0.0131926   0.0184894   0.0221595   0.0236173   0.0226613   0.0195033   0.0147368  0.00924888  0.00408952  0.00031929           0
          0 -0.00532161  0.00631484   0.0257276    0.049536   0.0738128    0.094661    0.108792    0.114018    0.109576   0.0962474   0.0762369   0.0528412   0.0299514   0.0114618           0
          0 -0.00515348   0.0208096    0.062116    0.111974    0.162425    0.205539    0.234611    0.245171     0.23566    0.207669    0.165693     0.11646   0.0679063   0.0279746           0
          0 -0.00466704   0.0381139     0.10497    0.185148    0.266019    0.334985    0.381386     0.39811    0.382676     0.33761    0.270064    0.190739    0.112266    0.047292           0
          0 -0.00408109   0.0554808    0.147769    0.258093    0.369188    0.463827    0.527426    0.550256     0.52892    0.466872      0.3739    0.264649    0.156408   0.0665072           0
          0 -0.00353963   0.0702385    0.184045    0.319858    0.456499     0.57283    0.650956    0.678936    0.652602    0.576193    0.461721    0.327162    0.193744    0.082755           0
          0 -0.00313672   0.0801513    0.208334    0.361167    0.514858    0.645663    0.733478     0.76489    0.735215    0.649216    0.520389    0.368931    0.218697   0.0936201           0
          0  -0.0029256   0.0837359    0.216994    0.375821    0.535512    0.671405    0.762623    0.795236    0.764381    0.675004    0.541121    0.383709    0.227547   0.0974929           0
          0 -0.00292107   0.0804762    0.208749     0.36165    0.515388     0.64622    0.734043    0.765448     0.73575    0.649713    0.520832    0.369304    0.218986   0.0938096           0
          0 -0.00309917   0.0708996    0.184885    0.320832    0.457562    0.573943    0.652083    0.680047    0.653667    0.577184    0.462607    0.327911    0.194324   0.0831377           0
          0 -0.00339495   0.0565032    0.149056    0.259572     0.37079    0.465493    0.529106    0.551907    0.530504    0.468349    0.375228    0.265778    0.157289   0.0670919           0
          0 -0.00369632   0.0395427    0.106743    0.187155    0.268165    0.337193    0.383595    0.400274    0.384753    0.339556    0.271827    0.192256    0.113464   0.0480963           0
          0 -0.00382769   0.0227225    0.064437    0.114543    0.165116    0.208261    0.237303    0.247793     0.23818    0.210048    0.167879    0.118375   0.0694515   0.0290339           0
          0 -0.00350928  0.00884495   0.0286914   0.0527088   0.0770368   0.0978404    0.111881       0.117    0.112448   0.0989959   0.0788191    0.055172   0.0318973   0.0128469           0
          0           0           0           0           0           0           0           0           0           0           0           0           0           0           0           0
