          0           0           0           0           0           0           0           0           0           0           0           0           0           0           0           0
          0 -0.00199406 -0.00209433 -0.00217994 -0.00238699 -0.00270075 -0.00303951 -0.00330874 -0.00343626 -0.00339206 -0.00319387 -0.00289811  -0.0025754 -0.00226761 -0.00191862           0
          0 0.000675405  0.00790546   0.0182159   0.0300024   0.0415425   0.0511821   0.0575458   0.0597247   0.0574052   0.0509164   0.0411869   0.0296211   0.0179187  0.00787722           0
          0  0.00533883   0.0238741   0.0501103   0.0802563    0.109954    0.134893    0.151437    0.157166    0.151233      0.1345    0.109406   0.0796137   0.0494743   0.0234065           0
          0   0.0111518   0.0431924   0.0883922    0.140382    0.191683    0.234827    0.263488    0.273445    0.263217    0.234296     0.19092    0.139433   0.0873303   0.0421315           0
          0   0.0171323   0.0627726    0.127032    0.200964     0.27396    0.335386    0.376217    0.390422    0.375882    0.334723    0.272984    0.199702    0.125523    0.061073           0
          0   0.0223032   0.0795304    0.160006    0.252595    0.344033       0.421    0.472176    0.489992    0.471787    0.420224    0.342874    0.251058    0.158099   0.0772584           0
          0   0.0258384   0.0908537    0.182209    0.287307    0.391106    0.478486    0.536594    0.556829    0.536168    0.477632    0.389818    0.285576    0.180019   0.0881719           0
          0    0.027188   0.0950006    0.190237    0.299785    0.407975    0.499051    0.559617    0.580709    0.559175    0.498163    0.406631    0.297968    0.187921   0.0921365           0
          0   0.0261611   0.0913637    0.182903    0.288174    0.392126    0.479626    0.537809    0.558068    0.537375    0.478753    0.390806    0.286392    0.180634   0.0885692           0
          0   0.0229543   0.0805627    0.161416    0.254365    0.346123    0.423341    0.474678    0.492545    0.474274    0.422532    0.344904    0.252731    0.159358   0.0780695           0
          0   0.0181204   0.0643489    0.129202    0.203708    0.277219    0.339056    0.380153    0.394444      0.3798    0.338352    0.276165    0.202312     0.12748   0.0623292           0
          0   0.0124819   0.0453356   0.0913781    0.144203    0.196268     0.24003    0.269094    0.279186    0.268806    0.239458    0.195422    0.143103    0.090063   0.0438751           0
          0  0.00699988   0.0265934   0.0539708   0.0852858     0.11608    0.141921    0.159059    0.164993    0.158846    0.141499    0.115464   0.0845031   0.0530747   0.0256821           0
          0  0.00261857   0.0111676    0.022988   0.0363915   0.0494919   0.0604383   0.0676737   0.0701613   0.0675387   0.0601733   0.0491095   0.0359181   0.0224747   0.0107133           0
          0           0           0           0           0           0           0           0           0           0           0           0           0           0           0           0
