          0           0           0           0           0           0           0           0           0           0           0           0           0           0           0           0
          0 -0.00244899 -0.00248846 -0.00235849 -0.00225836 -0.00223954 -0.00228306 -0.00234601 -0.00238996 -0.00239616 -0.00236956 -0.00233139 -0.00229943 -0.00225207 -0.00206691           0
          0 0.000166429  0.00816714   0.0198011   0.0332232   0.0464353   0.0575118   0.0648493   0.0673874   0.0647602   0.0573515   0.0462439   0.0330719   0.0198084  0.00852664           0
          0  0.00485352   0.0252351   0.0544341   0.0881638     0.12149    0.149528    0.168162    0.174646    0.168026    0.149275    0.121161   0.0878298   0.0542094   0.0252962           0
          0   0.0107348   0.0458978   0.0959888    0.153847    0.211064    0.259252    0.291305     0.30248    0.291117    0.258893     0.21057    0.153278   0.0954376   0.0455012           0
          0   0.0168016    0.066845    0.137924    0.220002    0.301197    0.369604    0.415123    0.431006    0.414884    0.369138    0.300532    0.219181    0.137011   0.0659306           0
          0   0.0220551   0.0847742    0.173704    0.276371    0.377941    0.463529    0.520491    0.540372    0.520207     0.46297    0.377124    0.275322    0.172461   0.0833826           0
          0   0.0256527   0.0968907    0.197795    0.314262    0.429487    0.526584     0.59121     0.61377    0.590894    0.525957    0.428558    0.313047    0.196309   0.0951484           0
          0   0.0270338    0.101331    0.206505     0.32788    0.447952    0.549132    0.616475    0.639983    0.616144    0.548473    0.446971    0.326585    0.204903    0.099422           0
          0    0.026004   0.0974447    0.198547      0.3152    0.430585    0.527809    0.592514    0.615098    0.592188    0.527159    0.429618    0.313922     0.19697   0.0955753           0
          0    0.022764   0.0858955    0.175231    0.278281     0.38019    0.466042    0.523171    0.543105    0.522868     0.46544    0.379297    0.277114    0.173811   0.0842534           0
          0   0.0178779   0.0685567    0.140271    0.222959    0.304697    0.373536     0.41933      0.4353    0.419066    0.373013    0.303931    0.221974    0.139108   0.0672776           0
          0   0.0121858   0.0482259   0.0992158    0.157956    0.215975    0.264807    0.297277    0.308589    0.297062    0.264386    0.215367    0.157195   0.0983595   0.0473684           0
          0    0.006672    0.028193   0.0586034   0.0935606    0.128029    0.157002    0.176247    0.182939    0.176089    0.156695    0.127592   0.0930335   0.0580519   0.0277311           0
          0  0.00231036   0.0117285   0.0249552   0.0400624   0.0548883   0.0673094   0.0755391   0.0783877   0.0754401   0.0671186   0.0546226   0.0397542   0.0246638   0.0115621           0
          0           0           0           0           0           0           0           0           0           0           0           0           0           0           0           0
