         0          0          0          0          0          0          0          0          0          0          0          0          0          0          0          0
         0 0.00139572 0.00190635 0.00221355 0.00235967 0.00239654  0.0023739 0.00233151 0.00229375 0.00226646 0.00223598 0.00217058 0.00202443 0.00174473 0.00128289          0
         0 0.00247301 0.00342107 0.00407318 0.00448842 0.00472797 0.00484556 0.00488148 0.00485877 0.00478103 0.00463185 0.00437573 0.00396104 0.00332545 0.00240527          0
         0 0.00371203 0.00514806 0.00619645 0.00693535 0.00743111  0.0077346  0.0078799  0.0078839 0.00774622 0.00744921  0.0069579 0.00622043 0.00516934 0.00372521          0
         0 0.00500496 0.00693598 0.00838897 0.00946382  0.0102306  0.0107344      0.011  0.0110357  0.0108366  0.0103845 0.00964703 0.00857467 0.00709628 0.00511483          0
         0 0.00621221 0.00859522  0.0104174  0.0118006  0.0128183  0.0135092  0.0138881   0.013955  0.0137001  0.0131052  0.0121412  0.0107616 0.00889186 0.00641714          0
         0 0.00719024 0.00993278  0.0120476  0.0136757  0.0148935  0.0157343  0.0162047  0.0162973  0.0159985  0.0152903  0.0141464  0.0125227   0.010342 0.00747381          0
         0 0.00781621  0.0107842  0.0130815  0.0148621  0.0162049  0.0171397  0.0176676  0.0177768  0.0174511  0.0166724  0.0154166  0.0136409  0.0112661 0.00815051          0
         0 0.00800783  0.0110395  0.0133869  0.0152091  0.0165861  0.0175469  0.0180912  0.0182054  0.0178728  0.0170754  0.0157893  0.0139722  0.0115436 0.00835771          0
         0 0.00773638  0.0106606  0.0129183  0.0146648  0.0159801  0.0168952  0.0174119   0.017519  0.0172006  0.0164387  0.0152087   0.013467  0.0111332 0.00806432          0
         0 0.00703108 0.00968669  0.0117232  0.0132841  0.0144482  0.0152504  0.0156989  0.0157875  0.0155031  0.0148277  0.0137345  0.0121778  0.0100783 0.00730253          0
         0 0.00597449 0.00822869 0.00993587  0.0112214  0.0121616  0.0127972  0.0131451  0.0132066  0.0129726  0.0124251  0.0115344  0.0102521 0.00850135 0.00616306          0
         0 0.00468893 0.00645133 0.00775648 0.00870811 0.00937879 0.00981524  0.0100436  0.0100734  0.0099005 0.00950724 0.00886121 0.00791184 0.00658569 0.00478133          0
         0 0.00331551 0.00454608 0.00542058 0.00601995 0.00641075  0.0066432 0.00675077 0.00675029 0.00664203  0.0064096 0.00601962 0.00542152 0.00454782 0.00331602          0
         0  0.0019866 0.00269644 0.00316089 0.00343716 0.00358077 0.00363907  0.0036471 0.00362491 0.00357601 0.00348673 0.00332676   0.003051 0.00260308 0.00192171          0
         0          0          0          0          0          0          0          0          0          0          0          0          0          0          0          0
