           0            0            0            0            0            0            0            0            0            0            0            0            0            0            0            0
           0  -0.00312182   -0.0030435   -0.0025423  -0.00191859  -0.00133376 -0.000874686 -0.000586322 -0.000487986 -0.000580469 -0.000847149  -0.00124971  -0.00171683   -0.0021209  -0.00223127            0
           0 -0.000638632    0.0084877    0.0220846     0.037947    0.0536622    0.0668951     0.075697    0.0787786     0.075695    0.0669125    0.0537458     0.038177    0.0225898   0.00947052            0
           0   0.00399833     0.027023    0.0605223    0.0994813     0.138116     0.170699       0.1924     0.200001      0.19238     0.170684     0.138156    0.0996622    0.0609759    0.0279442            0
           0   0.00987533    0.0494771     0.106611     0.172958     0.238758     0.294273     0.331259     0.344215     0.331214     0.294206     0.238719     0.173027     0.106909    0.0501727            0
           0    0.0159616    0.0722432     0.153102     0.246919     0.339955     0.418458     0.470766     0.489087     0.470691      0.41833     0.339817     0.246842     0.153189    0.0726309            0
           0    0.0212437    0.0917297     0.192759     0.309916     0.426086     0.524112     0.589431     0.612307     0.589327     0.523924     0.425851     0.309693     0.192633    0.0918072            0
           0    0.0248694       0.1049     0.219457     0.352253      0.48392      0.59502      0.66905     0.694976     0.668924     0.594784     0.483606     0.351913     0.219159     0.104732            0
           0    0.0262728     0.109728     0.229107     0.367461     0.504625      0.62036     0.697476      0.72448     0.697337     0.620096     0.504267     0.367053     0.228712     0.109424            0
           0    0.0252581     0.105511     0.220283     0.353279     0.485118     0.596352     0.670466     0.696415     0.670325     0.596085     0.484754     0.352862     0.219877     0.105195            0
           0    0.0220281    0.0929663     0.194437     0.312005     0.428534      0.52684     0.592333     0.615261     0.592202     0.526593     0.428201     0.311634     0.194097    0.0927522            0
           0    0.0171536    0.0741309     0.155677     0.250145     0.343756     0.422712     0.475305     0.493713     0.475193     0.422502     0.343482     0.249858     0.155457    0.0740903            0
           0    0.0114857    0.0520458     0.110146      0.17743     0.244071     0.300257     0.337672     0.350763     0.337584     0.300096      0.24387     0.177244     0.110062    0.0521926            0
           0   0.00602647    0.0302934     0.065087     0.105337      0.14516     0.178706     0.201031     0.208837     0.200969     0.178595     0.145031     0.105243    0.0651132    0.0305754            0
           0   0.00177776    0.0124457    0.0277291    0.0453447    0.0627199    0.0773248    0.0870296     0.090417    0.0869928    0.0772613    0.0626529    0.0453155     0.027808    0.0127527            0
           0            0            0            0            0            0            0            0            0            0            0            0            0            0            0            0
