           0            0            0            0            0            0            0            0            0            0            0            0            0            0            0            0
           0  -0.00194129 -0.000150417   0.00330228   0.00776684    0.0124529    0.0165605    0.0194081     0.020539     0.019792     0.017325    0.0135883   0.00925004   0.00508387   0.00183171            0
           0  -0.00280531   0.00340567    0.0139669     0.027062    0.0405139    0.0521329    0.0600589    0.0630483    0.0606637    0.0533406    0.0423171    0.0294387    0.0168641    0.0067114            0
           0  -0.00390973   0.00853296    0.0289836    0.0540093    0.0795321     0.101465      0.11634     0.121841     0.117157     0.103102    0.0819927    0.0572868    0.0330484    0.0133073            0
           0  -0.00522627    0.0143875    0.0461843    0.0848705     0.124194     0.157904     0.180702     0.189052     0.181716     0.159941     0.127275    0.0890173    0.0514135    0.0206944            0
           0  -0.00658823    0.0201041    0.0630981     0.115256     0.168183     0.213494     0.244091     0.255236     0.245272     0.215877     0.171808     0.120181    0.0693954    0.0278614            0
           0  -0.00777763    0.0248704    0.0772893     0.140785     0.205156     0.260225     0.297378     0.310869     0.298689     0.262876     0.209206     0.146326    0.0844493    0.0338241            0
           0  -0.00859058    0.0280176    0.0867064     0.157745     0.229727     0.291285     0.332796     0.347844     0.334186     0.294101     0.234043     0.163676    0.0944227    0.0377562            0
           0  -0.00888472    0.0291049    0.0899821     0.163652      0.23829     0.302109     0.345138     0.360726      0.34655     0.304972     0.242683     0.169703    0.0978772     0.039107            0
           0  -0.00860815    0.0279792     0.086636     0.157633     0.229571     0.291087     0.332566     0.347596     0.333938      0.29387     0.233842     0.163515    0.0943047    0.0376821            0
           0  -0.00780853    0.0247967    0.0771468     0.140553     0.204826     0.259803     0.296886      0.31034      0.29816     0.262385     0.208782     0.145988    0.0842046    0.0336719            0
           0  -0.00662103    0.0200042    0.0628824     0.114886     0.167642     0.212794     0.243271     0.254353     0.244394     0.215067     0.171115     0.119636    0.0690079    0.0276247            0
           0  -0.00523516    0.0142847    0.0459008    0.0843391     0.123387     0.156841     0.179446     0.187699     0.180375     0.158716     0.126243    0.0882229     0.050864    0.0203688            0
           0  -0.00384021   0.00847955    0.0286544    0.0532906    0.0783781    0.0999082     0.114485     0.119841     0.115186     0.101322    0.0805233      0.05619    0.0323224    0.0129007            0
           0  -0.00254555   0.00350951    0.0136483    0.0261331    0.0389037    0.0498973    0.0573655    0.0601414    0.0578174    0.0508067    0.0402796     0.027983     0.015968   0.00626377            0
           0            0            0            0            0            0            0            0            0            0            0            0            0            0            0            0
