           0            0            0            0            0            0            0            0            0            0            0            0            0            0            0            0
           0  9.22579e-05 -7.13719e-05 -0.000740795  -0.00182158  -0.00308768  -0.00427089  -0.00512892  -0.00549542  -0.00531058   -0.0046307  -0.00361548  -0.00249306  -0.00150288 -0.000813989            0
           0   0.00260555   0.00619196    0.0104737    0.0149244    0.0190309    0.0223204    0.0244063    0.0250343    0.0241157    0.0217412    0.0181709    0.0138056   0.00914833   0.00477063            0
           0   0.00650259    0.0158935    0.0279118    0.0410748    0.0536947    0.0641054    0.0709009    0.0731428    0.0705006    0.0633023    0.0524869    0.0394679    0.0259312    0.0136056            0
           0    0.0111902    0.0275245    0.0488138    0.0724374    0.0952959     0.114283     0.126759     0.130957     0.126254     0.113262    0.0937424    0.0703299    0.0461338    0.0242658            0
           0    0.0159383    0.0392692    0.0699017     0.104073      0.13726     0.164904     0.183119     0.189297     0.182519     0.163687     0.135391     0.101497    0.0665518    0.0350567            0
           0    0.0200055    0.0492992     0.087891     0.131047     0.173036     0.208057     0.231163     0.239032     0.230488     0.206683      0.17091     0.128088     0.083983    0.0442802            0
           0    0.0227597    0.0560611    0.0999972     0.149184     0.197079     0.237052     0.263441     0.272445     0.262718     0.235576     0.194786     0.145972    0.0957163     0.050498            0
           0    0.0237779    0.0585177     0.104362     0.155699     0.205697     0.247432     0.274989     0.284398     0.274251     0.245922     0.203346     0.152396    0.0999446    0.0527509            0
           0    0.0229128    0.0563072     0.100339     0.149621     0.197604     0.237648     0.264084     0.273105     0.263364     0.236175     0.195312     0.146404    0.0960404    0.0507063            0
           0    0.0203146    0.0497989    0.0885909     0.131948     0.174122     0.209296     0.232503      0.24041     0.231835     0.207931     0.172003     0.128983    0.0846515    0.0447087            0
           0    0.0164064     0.040035    0.0709885     0.105488     0.138985     0.166885     0.185271     0.191515     0.184684     0.165688     0.137134     0.102915    0.0676047    0.0357275            0
           0    0.0118146    0.0285667    0.0503252    0.0744441    0.0977778     0.117164      0.12991      0.13421     0.129426     0.116181    0.0962669    0.0723634    0.0476274    0.0252082            0
           0    0.0072625     0.017206    0.0298832    0.0437703    0.0571016    0.0681176    0.0753254    0.0777251    0.0749622    0.0673819    0.0559771    0.0422381    0.0279315    0.0148475            0
           0   0.00343891   0.00772574    0.0129192    0.0184218    0.0235885     0.027792    0.0305043    0.0313726    0.0302712    0.0273213    0.0228732    0.0174575    0.0117141   0.00632105            0
           0            0            0            0            0            0            0            0            0            0            0            0            0            0            0            0
