           0            0            0            0            0            0            0            0            0            0            0            0            0            0            0            0
           0  -0.00433568  -0.00224273   0.00184115   0.00698219    0.0122443    0.0167587    0.0198176    0.0209604    0.0200351    0.0172197    0.0130009   0.00811278   0.00344913 -2.99932e-05            0
           0  -0.00299216    0.0114906    0.0341564    0.0612325    0.0884356     0.111558     0.127066     0.132616     0.127401      0.11227    0.0896073    0.0629879    0.0366576    0.0149276            0
           0 -0.000156433    0.0327024    0.0826213     0.141747     0.200959     0.251204     0.284845     0.296796     0.285292     0.252154     0.202526     0.144104     0.085994    0.0373604            0
           0   0.00343314    0.0578952     0.139739     0.236356     0.332987     0.414929     0.469753     0.489171       0.4703     0.416096     0.334917     0.239273     0.143941    0.0637522            0
           0   0.00709753    0.0831268       0.1968     0.330772     0.464674     0.578183     0.654098     0.680947     0.654731     0.579534     0.466918     0.334179     0.201741     0.090082            0
           0    0.0102326     0.104533     0.245153     0.410742     0.576183       0.7164     0.810159     0.843292     0.810857     0.717893     0.578668      0.41453     0.250681     0.112376            0
           0    0.0123558     0.118871     0.277495     0.464201     0.650705     0.808756     0.914428     0.951756     0.915166     0.810334     0.653338     0.468228     0.283394     0.127284            0
           0    0.0131569      0.12399      0.28896     0.483102     0.677018     0.841344     0.951206     0.990007     0.951953     0.842945     0.679692     0.487196     0.294968     0.132577            0
           0    0.0125351     0.119145     0.277856     0.464638     0.651204     0.809302     0.915001     0.952334     0.915728     0.810858     0.653804     0.468617     0.283692      0.12748            0
           0     0.010613     0.105115     0.245918     0.411669     0.577243     0.717559     0.811376     0.844522     0.812052     0.719006     0.579657     0.415357     0.251314     0.112792            0
           0   0.00772374    0.0840834     0.198058     0.332296     0.466418     0.580091     0.656103     0.682975     0.656701     0.581369     0.468547      0.33554     0.202784    0.0907671            0
           0   0.00437497    0.0593304     0.141623     0.238637     0.335599     0.417792     0.472765      0.49222     0.473263     0.418854     0.337363     0.241316     0.145507    0.0647819            0
           0   0.00120046    0.0347571    0.0853066     0.144994     0.204683     0.255294     0.289157     0.301164     0.289537     0.256103     0.206024     0.147023    0.0882332    0.0388383            0
           0  -0.00107926    0.0143447    0.0378546    0.0656961    0.0935644     0.117206     0.133035      0.13867     0.133283     0.117734     0.094439    0.0670164    0.0397547    0.0169888            0
           0            0            0            0            0            0            0            0            0            0            0            0            0            0            0            0
