           0            0            0            0            0            0            0            0            0            0            0            0            0            0            0            0
           0    0.0011596    0.0012344  0.000775238 -7.99091e-05  -0.00111309  -0.00208778  -0.00279799  -0.00310536  -0.00296239  -0.00241979  -0.00161706 -0.000756411 -6.07052e-05  0.000284892            0
           0   0.00308511      0.00467   0.00591921   0.00682462   0.00742292   0.00776543   0.00789898   0.00785419    0.0076393    0.0072388   0.00661709   0.00572783   0.00453081   0.00302011            0
           0   0.00576314   0.00962496    0.0135771    0.0173632    0.0206938    0.0232806    0.0248761    0.0253117    0.0245232    0.0225615    0.0195837      0.01583    0.0115893   0.00716557            0
           0   0.00885363    0.0154105    0.0226083    0.0298876    0.0365547    0.0418961    0.0452953    0.0463331    0.0448551     0.040995    0.0351521    0.0279245    0.0200104    0.0120939            0
           0    0.0119198     0.021177     0.031645    0.0424582    0.0525101    0.0606519     0.065889    0.0675451    0.0653727     0.059591    0.0508472    0.0401057    0.0284822    0.0170465            0
           0    0.0145119    0.0260615     0.039313    0.0531395    0.0660813    0.0766169    0.0834268    0.0856141    0.0828515    0.0754313    0.0642132    0.0504755    0.0356914    0.0212598            0
           0     0.016244    0.0293284    0.0444457     0.060294    0.0751764    0.0873205     0.095188    0.0977337    0.0945761    0.0860568    0.0731785    0.0574307    0.0405265    0.0240858            0
           0    0.0168577    0.0304857    0.0462647     0.062831    0.0784034    0.0911201    0.0993648     0.102039    0.0987423    0.0898333    0.0763658    0.0599042    0.0422471    0.0250926            0
           0    0.0162622    0.0293617    0.0444995    0.0603725    0.0752808    0.0874482    0.0953329    0.0978869    0.0947274    0.0861966    0.0732991    0.0575273    0.0405971    0.0241306            0
           0    0.0145494     0.026132    0.0394292    0.0533111    0.0663113    0.0768997    0.0837481    0.0859537    0.0831863    0.0757395    0.0644777     0.050686     0.035844    0.0213557            0
           0    0.0119774    0.0212907    0.0318395    0.0427523    0.0529098    0.0611471    0.0664535    0.0681416     0.065959    0.0601277    0.0513039    0.0404648    0.0287391    0.0172057            0
           0    0.0089275    0.0155711    0.0229013    0.0303481    0.0371943    0.0426974    0.0462133    0.0473034    0.0458052    0.0418581    0.0358778    0.0284856    0.0204034    0.0123322            0
           0   0.00583686   0.00982478    0.0139875    0.0180478    0.0216744    0.0245284    0.0263156    0.0268342    0.0260078    0.0238971    0.0206887    0.0166642    0.0121554   0.00749716            0
           0   0.00311302   0.00487237   0.00645193   0.00780218   0.00888475   0.00966406    0.0101084    0.0101942   0.00990981   0.00925764   0.00825308   0.00692253   0.00530256   0.00344579            0
           0            0            0            0            0            0            0            0            0            0            0            0            0            0            0            0
