           0            0            0            0            0            0            0            0            0            0            0            0            0            0            0            0
           0  -0.00508945   -0.0032019  0.000926967   0.00631807    0.0119474    0.0168443    0.0202088    0.0215168    0.0205919    0.0176306    0.0131758   0.00804294   0.00321242 -0.000289379            0
           0  -0.00461047   0.00898424    0.0309523    0.0575407    0.0844489     0.107436     0.122932      0.12857     0.123527     0.108658    0.0863635    0.0602376    0.0345396    0.0135697            0
           0  -0.00285862    0.0281542    0.0762594      0.13373     0.191558     0.240789     0.273859      0.28573     0.274652     0.242422     0.194124      0.13736    0.0811181    0.0344196            0
           0 -0.000447983    0.0510733     0.129795     0.223363     0.317293     0.397144     0.450703     0.469826     0.451674     0.399148     0.320451     0.227855     0.135855    0.0589798            0
           0   0.00209207    0.0741075     0.183358     0.312886      0.44276     0.553087      0.62703     0.653358     0.628151     0.555404     0.446423     0.318124     0.190479    0.0835028            0
           0   0.00430693    0.0936986     0.228804     0.388768     0.549054     0.685162     0.776345      0.80876     0.777577     0.687714     0.553101     0.394579     0.236755     0.104285            0
           0   0.00584002     0.106861     0.259249     0.439548     0.620148     0.773471     0.876163      0.91264     0.877461     0.776162     0.624425      0.44571     0.267716     0.118201            0
           0   0.00646403     0.111613     0.270108     0.457579     0.645334     0.804717     0.911459     0.949362     0.912773     0.807442     0.649667     0.463831     0.278717     0.123172            0
           0   0.00610517     0.107267     0.259779     0.440183     0.620865     0.774245     0.876968     0.913448     0.878243      0.77689     0.625071     0.446251     0.268131     0.118472            0
           0   0.00485236    0.0945316     0.229891     0.390068     0.550522     0.686746     0.777991     0.810412     0.779176     0.689202     0.554423     0.395687     0.237604      0.10484            0
           0   0.00294907    0.0754127     0.185056     0.314913     0.445043      0.55555     0.629589     0.655924     0.630635     0.557717     0.448481      0.31985     0.191804    0.0843714            0
           0  0.000771072    0.0529199     0.132184     0.226203     0.320485     0.400582     0.454273     0.473406     0.455141     0.402379      0.32333     0.230274     0.137718    0.0602057            0
           0  -0.00120027    0.0306412    0.0794483     0.137496     0.195775     0.245322     0.278561     0.290447     0.279221     0.246685     0.197929     0.140568    0.0836025    0.0360665            0
           0  -0.00238952      0.01225    0.0350746    0.0623613    0.0898177     0.113193     0.128901     0.134555     0.129329     0.114078    0.0912135     0.064347     0.037751    0.0157306            0
           0            0            0            0            0            0            0            0            0            0            0            0            0            0            0            0
