          0           0           0           0           0           0           0           0           0           0           0           0           0           0           0           0
          0 -0.00127329 0.000397151  0.00347624  0.00741522   0.0115337   0.0151377   0.0176334    0.018622   0.0179618   0.0157892   0.0124948   0.0086576  0.00494523  0.00199124           0
          0 -0.00200772  0.00307353   0.0116683   0.0223199   0.0332661   0.0427271   0.0491879   0.0516336   0.0497064   0.0437588   0.0347968   0.0243183   0.0140712  0.00576006           0
          0 -0.00306438  0.00672982   0.0228752   0.0426676   0.0628782   0.0802639   0.0920704   0.0964556   0.0927725   0.0816662    0.064973   0.0454343   0.0262667   0.0106494           0
          0  -0.0043787   0.0107898   0.0355381   0.0657299   0.0964673    0.122847    0.140711     0.14728    0.141583    0.124595   0.0990973   0.0692433   0.0399243    0.016011           0
          0 -0.00576166   0.0146851   0.0478924   0.0883068    0.129387    0.164599    0.188406    0.197112    0.189425    0.166648    0.132489    0.092492   0.0531971   0.0211477           0
          0 -0.00698069   0.0178925   0.0582038    0.107205    0.156971    0.199598    0.228392    0.238889    0.229525    0.201881    0.160443    0.111925   0.0642545    0.025385           0
          0 -0.00782234   0.0199853   0.0650135    0.119717    0.175252    0.222803    0.254908    0.266591     0.25611    0.225232    0.178958    0.124779   0.0715485   0.0281579           0
          0 -0.00813881   0.0206838   0.0673495    0.124034    0.181574    0.230836     0.26409    0.276182    0.265312    0.233306     0.18535    0.129204   0.0740442   0.0290899           0
          0 -0.00787671   0.0198907   0.0648698    0.119518    0.174998      0.2225    0.254569    0.266234    0.255757    0.224903     0.17867    0.124545   0.0713749   0.0280475           0
          0 -0.00708607    0.017705   0.0579136    0.106797    0.156444    0.198965    0.227682    0.238141    0.228786    0.201194    0.159845    0.111441   0.0638979   0.0251597           0
          0 -0.00590858   0.0144117   0.0474524   0.0876713     0.12855    0.163583    0.187259    0.195904    0.188231    0.165544    0.131535   0.0917271   0.0526402      0.0208           0
          0 -0.00454497   0.0104495     0.03495   0.0648406   0.0952631    0.121361     0.13902    0.145494    0.139823    0.122979   0.0977157   0.0681535    0.039146   0.0155348           0
          0 -0.00320215  0.00636765   0.0221555   0.0414956   0.0612263   0.0781814   0.0896766   0.0939195   0.0902829   0.0793999   0.0630666   0.0439652   0.0252496   0.0100489           0
          0 -0.00201778  0.00278488   0.0108645    0.020839   0.0310587   0.0398674   0.0458598    0.048097   0.0462502   0.0406506   0.0322375   0.0224119   0.0128162  0.00506832           0
          0           0           0           0           0           0           0           0           0           0           0           0           0           0           0           0
