           0            0            0            0            0            0            0            0            0            0            0            0            0            0            0            0
           0      -0.0029  -0.00286431   -0.0024926   -0.0020509  -0.00166274   -0.0013783  -0.00121204  -0.00116314  -0.00122559  -0.00139022  -0.00163937  -0.00193258  -0.00217883  -0.00218454            0
           0 -0.000366126   0.00839104    0.0213401    0.0363951     0.051281    0.0637987    0.0721146    0.0750153    0.0720823    0.0637546    0.0512695    0.0364938    0.0216747    0.0091616            0
           0   0.00429892    0.0264641    0.0585569    0.0958015     0.132694     0.163784     0.184477      0.19171     0.184417     0.163686     0.132606    0.0958047    0.0587773    0.0270912            0
           0    0.0101916    0.0483544     0.103192     0.166766      0.22976     0.282878     0.318248      0.33062     0.318154     0.282709     0.229563     0.166615     0.103197     0.048675            0
           0    0.0162861    0.0705483     0.148224     0.238213     0.327385      0.40259      0.45268     0.470203     0.452548     0.402345     0.327064     0.237879     0.147966    0.0704877            0
           0    0.0215715    0.0895453     0.186641     0.299077     0.410486     0.504454     0.567045     0.588942     0.566878     0.504136     0.410049     0.298567     0.186128    0.0891158            0
           0    0.0251967     0.102384     0.212504     0.339983     0.466291     0.572825     0.643787     0.668613     0.643595     0.572453     0.465764     0.339339     0.211795     0.101672            0
           0     0.026596     0.107091     0.221854      0.35468     0.486274     0.597264     0.671192     0.697053     0.670986     0.596862     0.485699     0.353964      0.22104     0.106232            0
           0    0.0255737     0.102978     0.213307     0.340982     0.467459     0.574125     0.645169     0.670018     0.644963     0.573724     0.466884     0.340266     0.212495     0.102125            0
           0    0.0223324     0.090746     0.188271     0.301111     0.412873     0.507117      0.56988     0.591829     0.569689     0.506745     0.412345     0.300463     0.187558    0.0900383            0
           0    0.0174421    0.0723814     0.150729     0.241357     0.331094     0.406746     0.457119     0.474729     0.456953     0.406428     0.330648     0.240828     0.150182     0.071913            0
           0    0.0117521    0.0508482     0.106633     0.171127     0.234951     0.288733     0.324529     0.337037     0.324397     0.288481     0.234608     0.170742     0.106281    0.0506487            0
           0   0.00626109     0.029637    0.0629995     0.101517     0.139585     0.171632     0.192947     0.200386     0.192851     0.171453      0.13935     0.101273     0.062826    0.0296629            0
           0   0.00196376    0.0122245     0.026833    0.0436232    0.0601583    0.0740429    0.0832608    0.0864699    0.0832023    0.0739351    0.0600223    0.0434973    0.0267841     0.012369            0
           0            0            0            0            0            0            0            0            0            0            0            0            0            0            0            0
