           0            0            0            0            0            0            0            0            0            0            0            0            0            0            0            0
           0  -0.00355369  -0.00338092    -0.002606  -0.00159941 -0.000601157  0.000225101  0.000770222  0.000972507  0.000816725  0.000335088 -0.000390777  -0.00122494  -0.00196356  -0.00229961            0
           0  -0.00119073   0.00864853    0.0235089    0.0409521    0.0582945    0.0729324    0.0826908    0.0861298    0.0827522    0.0730788    0.0585764    0.0414547     0.024366    0.0100651            0
           0   0.00335649    0.0280184    0.0642228      0.10649     0.148494     0.183967     0.207622     0.215938     0.207687     0.184125     0.148801     0.107041    0.0651591    0.0295447            0
           0   0.00915968    0.0514892     0.113014     0.184683     0.255877     0.316006     0.356103     0.370186     0.356162     0.316152     0.256169     0.185213      0.11392    0.0529601            0
           0    0.0151852    0.0752856     0.162216     0.263357     0.363801      0.44863     0.505197     0.525054     0.505243     0.448749     0.364048     0.263821     0.163023    0.0766043            0
           0    0.0204222    0.0956531     0.204177     0.330352     0.455633     0.561432      0.63198     0.656737     0.632009     0.561516     0.455824     0.330731     0.204858    0.0967866            0
           0    0.0240227     0.109418     0.232422     0.375369     0.517282     0.637122     0.717029     0.745064     0.717043     0.637173      0.51742     0.375668     0.232987     0.110386            0
           0    0.0254241     0.114467     0.242628     0.391533     0.539344     0.664158     0.747379     0.776573     0.747381     0.664186     0.539443     0.391774     0.243111     0.115321            0
           0     0.024432     0.110061     0.233288     0.376442     0.518533      0.63851     0.718501      0.74656     0.718498     0.638525     0.518612     0.376655     0.233734     0.110869            0
           0    0.0212485    0.0969529     0.205935     0.332536     0.458185      0.56427     0.634995     0.659803     0.634992     0.564285     0.458263     0.332747     0.206381    0.0977697            0
           0    0.0164415    0.0772697     0.164913     0.266725     0.367758     0.453047     0.509902     0.529844     0.509902     0.453068     0.367845     0.266949     0.165378    0.0781212            0
           0    0.0108592    0.0541902     0.116715     0.189344     0.261396     0.322203     0.362731     0.376946     0.362736     0.322233     0.261492     0.189578      0.11719    0.0550575            0
           0   0.00550354     0.031462    0.0689999     0.112584     0.155789     0.192231      0.21651     0.225025     0.216518     0.192265     0.155886     0.112805    0.0694428    0.0322752            0
           0     0.001384      0.01283    0.0294179    0.0486359    0.0676457    0.0836539    0.0943089    0.0980453    0.0943178     0.083684    0.0677239    0.0488091    0.0297631    0.0134732            0
           0            0            0            0            0            0            0            0            0            0            0            0            0            0            0            0
