           0            0            0            0            0            0            0            0            0            0            0            0            0            0            0            0
           0    -0.002836 -0.000932382   0.00292775   0.00797243    0.0132855    0.0179489    0.0211842    0.0224717    0.0216291    0.0188386    0.0146166   0.00973094   0.00507536    0.0015187            0
           0  -0.00377328   0.00399115    0.0171962     0.033547    0.0503206    0.0647908    0.0746465    0.0783449    0.0753457    0.0661926    0.0524278    0.0363524    0.0206657   0.00803282            0
           0   -0.0047792    0.0114031    0.0378135     0.070029      0.10282     0.130957      0.15001     0.157019     0.150952     0.132853     0.105686    0.0738802    0.0426485    0.0171758            0
           0  -0.00589861    0.0200497    0.0617106     0.112203     0.163418     0.207258     0.236861     0.247651     0.238027     0.209609     0.166995     0.117055     0.067893    0.0276055            0
           0  -0.00702677    0.0286048    0.0853668      0.15394     0.223369     0.282722     0.322742     0.337254     0.324099     0.285467     0.227565     0.159681    0.0927755    0.0378333            0
           0  -0.00799862    0.0358036     0.105303      0.18912     0.273901     0.346325     0.395117     0.412758     0.396619     0.349371     0.278578     0.195561     0.113695    0.0464027            0
           0  -0.00865171    0.0405973     0.118585     0.212557     0.307562     0.388689     0.443321     0.463042     0.444912     0.391921     0.312538     0.219439     0.127607    0.0520891            0
           0  -0.00887019    0.0422928     0.123257     0.220787      0.31937     0.403541     0.460213     0.480658     0.461827     0.406823     0.324429     0.227799     0.132475     0.054076            0
           0  -0.00861097    0.0406489     0.118633     0.212589     0.307569     0.388668     0.443275     0.462979     0.444844     0.391857     0.312485     0.219401     0.127583    0.0520763            0
           0  -0.00791167    0.0359115     0.105399     0.189177     0.273899     0.346259     0.394997     0.412603     0.396454     0.349217     0.278453     0.195472     0.113641    0.0463744            0
           0  -0.00687957    0.0287819    0.0855153     0.154009     0.223328     0.282565     0.322488     0.336941     0.323772      0.28517     0.227328     0.159516     0.092678    0.0377854            0
           0  -0.00566096    0.0203251    0.0619228     0.112268     0.163288     0.206929     0.236373      0.24707     0.237434      0.20908     0.166581     0.116777    0.0677385    0.0275377            0
           0   -0.0043894    0.0118377    0.0381205    0.0700726      0.10253     0.130338     0.149133     0.156004     0.149936     0.131961     0.105006    0.0734446    0.0424298    0.0171017            0
           0  -0.00310687    0.0047059    0.0176652    0.0335562    0.0497707    0.0637043    0.0731527    0.0766456    0.0736705    0.0647497    0.0513612     0.035712    0.0203987   0.00800162            0
           0            0            0            0            0            0            0            0            0            0            0            0            0            0            0            0
