          0           0           0           0           0           0           0           0           0           0           0           0           0           0           0           0
          0 -0.00063595 0.000886989  0.00354783  0.00690336   0.0103923   0.0134374   0.0155424   0.0163729   0.0158094   0.0139645   0.0111629  0.00788563  0.00468463  0.00207806           0
          0 -0.00118267  0.00284227  0.00956065   0.0178625   0.0263885   0.0337591   0.0387964   0.0407098    0.039219   0.0345961     0.02762     0.01945   0.0114341  0.00487765           0
          0  -0.0020897   0.0052927   0.0174424   0.0323425   0.0475688   0.0606779   0.0695914   0.0729175   0.0701651   0.0618186   0.0492599    0.034551   0.0201063  0.00830205           0
          0 -0.00327355  0.00788525   0.0261613   0.0485012    0.071275   0.0908417     0.10411    0.109013    0.104824   0.0922676   0.0734051   0.0513181   0.0296293   0.0119378           0
          0 -0.00454455   0.0102946   0.0345621   0.0641808   0.0943376    0.120218     0.13774    0.144179    0.138577    0.121893   0.0968573    0.067549   0.0387788   0.0153517           0
          0 -0.00567758   0.0122321   0.0415144   0.0772296     0.11357    0.144738    0.165821    0.173542    0.166752    0.146608    0.116397   0.0810397   0.0463434   0.0181286           0
          0 -0.00646855   0.0134672   0.0460695    0.085824    0.126263    0.160934    0.184376    0.192946    0.185366    0.162926    0.129285   0.0899184   0.0512991   0.0199224           0
          0  -0.0067769     0.01385   0.0475953   0.0887443    0.130599    0.166481    0.190738    0.199599    0.191745     0.16851    0.133681   0.0929311   0.0529608   0.0205022           0
          0 -0.00655213   0.0133284   0.0458691   0.0855588    0.125935    0.160553    0.183958    0.192511    0.184938    0.162528    0.128935   0.0896319   0.0510851   0.0197856           0
          0 -0.00584215   0.0119554   0.0411103   0.0766894    0.112898    0.143952    0.164955    0.172641    0.165865    0.145784    0.115676   0.0804515   0.0459063   0.0178505           0
          0 -0.00478254   0.0098849   0.0339497   0.0633465   0.0932844    0.118976    0.136365    0.142745    0.137167    0.120587   0.0957212   0.0666296   0.0381016   0.0149244           0
          0 -0.00356661  0.00735765   0.0253398   0.0473469   0.0697867   0.0890628    0.102126    0.106939    0.102788   0.0903909   0.0717875   0.0500251   0.0286907   0.0113544           0
          0 -0.00239742  0.00468452   0.0164236   0.0308394   0.0455701   0.0582449   0.0668511   0.0700436   0.0673503   0.0592443   0.0470696   0.0328324   0.0188878  0.00756392           0
          0  -0.0014207  0.00223457   0.0083837    0.015984   0.0237802   0.0305073   0.0350899   0.0368087   0.0354109   0.0311487   0.0247391   0.0172507  0.00993324  0.00401106           0
          0           0           0           0           0           0           0           0           0           0           0           0           0           0           0           0
