           0            0            0            0            0            0            0            0            0            0            0            0            0            0            0            0
           0  -8.8352e-05 -0.000264307 -0.000916659  -0.00196604  -0.00319706  -0.00434928  -0.00518588  -0.00554362  -0.00536346  -0.00470005  -0.00370893  -0.00261162  -0.00163819 -0.000944717            0
           0   0.00247186   0.00638274    0.0111829    0.0162551    0.0209857    0.0248051    0.0272458    0.0280001    0.0269611     0.024239    0.0201488    0.0151739   0.00991617   0.00505017            0
           0   0.00648963    0.0167281    0.0300294    0.0447079    0.0588425    0.0705366    0.0781901    0.0807353     0.077797    0.0697497    0.0576632    0.0431471    0.0281204    0.0145478            0
           0    0.0113418    0.0291504    0.0526319    0.0788316      0.10426     0.125423     0.139353     0.144064     0.138855      0.12442     0.102739    0.0767759    0.0500321    0.0260119            0
           0    0.0162658    0.0417029    0.0754413     0.113253     0.150069     0.180783     0.201048     0.207949     0.200457     0.179585     0.148233     0.110732    0.0721765     0.037618            0
           0    0.0204884    0.0524274    0.0949023     0.142603      0.18912     0.227971     0.253634     0.262403     0.252968     0.226616     0.187028     0.139701    0.0910815    0.0475395            0
           0    0.0233511    0.0596606     0.108002      0.16234     0.215365     0.259677     0.288962     0.298986     0.288248      0.25822     0.213106     0.159183     0.103808    0.0542288            0
           0    0.0244135     0.062292     0.112728     0.169432     0.224774     0.271029     0.301603     0.312073     0.300872     0.269536     0.222455     0.166183     0.108395    0.0566543            0
           0    0.0235221    0.0599346     0.108381     0.162824     0.215943     0.260332     0.289668      0.29971     0.288956     0.258877     0.213683     0.159658     0.104164     0.054458            0
           0    0.0208335    0.0529835    0.0956783     0.143598     0.190315     0.229332     0.255103     0.263912     0.254442     0.227982     0.188225     0.140681    0.0918152    0.0480101            0
           0    0.0167884    0.0425546    0.0766441     0.114812     0.151962     0.182951     0.203399     0.210368     0.202818     0.181768     0.150136     0.112283    0.0733295    0.0383534            0
           0    0.0120398    0.0303089    0.0543014     0.081036     0.106975     0.128564      0.14278     0.147598     0.142302     0.127594     0.105486    0.0789929    0.0516637    0.0270429            0
           0   0.00734236    0.0181882    0.0322034    0.0476591    0.0625529    0.0748902    0.0829801    0.0856906    0.0826211    0.0741643    0.0614462    0.0461569    0.0302997    0.0159043            0
           0   0.00341693   0.00809555    0.0138774    0.0200712    0.0259265     0.030712    0.0338129    0.0348182    0.0335826    0.0302479    0.0252233    0.0191273    0.0127053    0.0067426            0
           0            0            0            0            0            0            0            0            0            0            0            0            0            0            0            0
