           0            0            0            0            0            0            0            0            0            0            0            0            0            0            0            0
           0  -0.00469585   -0.0041803  -0.00250683 -0.000256735    0.0020821    0.0040993   0.00547761   0.00601708   0.00565482   0.00447297   0.00269279  0.000657635  -0.00118669  -0.00229715            0
           0  -0.00282521   0.00885229    0.0270718     0.048767    0.0705141    0.0889714      0.10134     0.105766     0.101606    0.0895318    0.0714274    0.0501275    0.0290185    0.0115823            0
           0   0.00120079    0.0299005     0.072987     0.123768     0.174492     0.217473     0.246223     0.256422     0.246564     0.218189     0.175656     0.125492    0.0754335    0.0332877            0
           0   0.00645816    0.0554035     0.127903     0.213016     0.297914     0.369802     0.417854     0.434845     0.418253     0.370639      0.29927     0.215019      0.13073     0.059291            0
           0    0.0119622    0.0812488     0.183219     0.302695     0.421779     0.522576     0.589925     0.613702     0.590365     0.523499     0.423272     0.304895     0.186317    0.0854992            0
           0    0.0167674     0.103361     0.230362     0.379002     0.527088     0.652406      0.73612     0.765647     0.736585     0.653381     0.528665     0.381323      0.23363     0.107845            0
           0    0.0200874     0.118302     0.262077     0.430245     0.597742     0.739467     0.834128       0.8675     0.834603     0.740462     0.599351     0.432614     0.265415     0.122889            0
           0    0.0214027     0.123781     0.273525     0.448619     0.622991     0.770521     0.869052      0.90378     0.869521     0.771505     0.624583     0.450967     0.276836      0.12834            0
           0    0.0205347     0.119001     0.263013     0.431396     0.599074     0.740936      0.83568     0.869072      0.83613     0.741881     0.600604     0.433654     0.266203     0.123399            0
           0     0.017671     0.104774     0.232259     0.381339     0.529799     0.655401     0.739286     0.768858     0.739704     0.656277      0.53122      0.38344     0.235232     0.108881            0
           0    0.0133386    0.0834063     0.186124     0.306288     0.425962     0.527212     0.594837     0.618686     0.595208     0.527992     0.427229     0.308166     0.188789    0.0870952            0
           0    0.0083283    0.0583452     0.131884     0.217968     0.303712     0.376257     0.424715     0.441819     0.425027     0.376914     0.304781     0.219557     0.134147    0.0614923            0
           0   0.00358501    0.0336673    0.0781218      0.13021     0.182098     0.225998     0.255327     0.265694     0.255567     0.226506     0.182927     0.131446     0.079893    0.0361502            0
           0  8.66848e-05    0.0134711    0.0334326    0.0568503    0.0801742    0.0999027     0.113086     0.117761     0.113245     0.100238    0.0807236    0.0576742    0.0346225    0.0151629            0
           0            0            0            0            0            0            0            0            0            0            0            0            0            0            0            0
