           0            0            0            0            0            0            0            0            0            0            0            0            0            0            0            0
           0  -0.00462682  -0.00262364   0.00144893   0.00664284    0.0119959    0.0166099    0.0197507      0.02094    0.0200193    0.0171722    0.0129016   0.00796459   0.00327965 -0.000174175            0
           0  -0.00354252     0.010693    0.0331989    0.0601959    0.0873813     0.110524      0.12607     0.131662     0.126486     0.111395    0.0887869    0.0622526    0.0360544    0.0145126            0
           0  -0.00100758    0.0314009    0.0809487      0.13979     0.198802     0.248927      0.28252     0.294491     0.283073     0.250089     0.200683     0.142552    0.0848018    0.0365858            0
           0   0.00226922    0.0560588     0.137291     0.233383     0.329594     0.411242     0.465908     0.485316     0.466585     0.412667     0.331909     0.236799     0.142089     0.062578            0
           0   0.00564368    0.0807883     0.193615     0.326824     0.460087     0.573123     0.648769     0.675576     0.649552     0.574773     0.462773     0.330808      0.19925    0.0885229            0
           0   0.00854631     0.101789     0.241368     0.405993      0.57061     0.710206       0.8036     0.836662     0.804462     0.712025     0.573582     0.410418     0.247664     0.110501            0
           0    0.0105239      0.11587     0.273328     0.458939     0.644496     0.801827     0.907072     0.944308     0.907981     0.803749     0.647642     0.463637     0.280038     0.125206            0
           0    0.0112855     0.120916     0.284682     0.477688     0.670618     0.834191     0.943603     0.982307     0.944524     0.836138     0.673809      0.48246     0.291511     0.130438            0
           0    0.0107368     0.116196     0.273756     0.459456     0.645086     0.802469     0.907743     0.944986     0.908638     0.804362     0.648186     0.464091     0.280386     0.125434            0
           0   0.00899259     0.102471     0.242265     0.407075     0.571843     0.711549     0.805007     0.838081     0.805839     0.713308     0.574721     0.411371     0.248394     0.110979            0
           0   0.00636475    0.0818899      0.19506     0.328566     0.462072     0.575288     0.651037     0.677864     0.651773     0.576842     0.464611     0.332344     0.200428    0.0892953            0
           0   0.00332941    0.0576731     0.139402     0.235926     0.332492     0.414402     0.469222     0.488662     0.469833     0.415692     0.334595     0.239045     0.143812    0.0637106            0
           0  0.000483659    0.0336553    0.0838808     0.143313     0.202817      0.25331      0.28712     0.299138     0.287586      0.25429     0.204412     0.145673    0.0872006    0.0381693            0
           0  -0.00148735    0.0137507    0.0371348    0.0649062    0.0927481     0.116392      0.13224     0.137901     0.132544     0.117032    0.0937867    0.0664382    0.0392845    0.0166661            0
           0            0            0            0            0            0            0            0            0            0            0            0            0            0            0            0
