           0            0            0            0            0            0            0            0            0            0            0            0            0            0            0            0
           0  0.000846604  0.000804409  0.000195139 -0.000843075  -0.00206972  -0.00321687  -0.00404847  -0.00440471  -0.00422968  -0.00358013  -0.00261419  -0.00156018 -0.000666268 -0.000130118            0
           0   0.00303274   0.00522845   0.00735792    0.0092669    0.0108427     0.011997    0.0126621    0.0127936    0.0123746     0.011418   0.00996676   0.00809428   0.00590757   0.00356145            0
           0   0.00621195     0.011843    0.0182983    0.0249537    0.0311044    0.0360535    0.0392109      0.04018    0.0388184    0.0352588      0.02989    0.0233003    0.0161943   0.00930188            0
           0   0.00994828    0.0196751    0.0313283    0.0437189    0.0554192    0.0649858    0.0711853    0.0731872    0.0706936    0.0639851    0.0538758    0.0415854    0.0285482    0.0161902            0
           0    0.0136904     0.027537    0.0444328    0.0626197    0.0799376    0.0941841     0.103471     0.106526     0.102892    0.0930009    0.0780985    0.0600465    0.0410189    0.0231448            0
           0    0.0168733    0.0342265    0.0555889    0.0787183      0.10083     0.119072     0.130996     0.134953     0.130349     0.117745     0.098755    0.0757902    0.0516557    0.0290791            0
           0    0.0190133    0.0387201    0.0630808    0.0895284     0.114858     0.135785     0.149482     0.154046     0.148792     0.134366     0.112633    0.0863705    0.0588068    0.0330717            0
           0    0.0197865    0.0403339    0.0657632    0.0933928      0.11987     0.141752     0.156082     0.160862     0.155378     0.140305     0.117596    0.0901584     0.061372    0.0345083            0
           0    0.0190795    0.0388293     0.063238    0.0897362     0.115115     0.136083     0.149809     0.154384     0.149124     0.134674     0.112902    0.0865895    0.0589698     0.033176            0
           0    0.0170073    0.0344501    0.0559146    0.0791531      0.10137     0.119703     0.131691     0.135673     0.131055     0.118398     0.099323    0.0762509    0.0519967    0.0292963            0
           0    0.0138935    0.0278832    0.0449477    0.0633195    0.0808197    0.0952229     0.104619     0.107719      0.10406    0.0940767    0.0790282    0.0607941    0.0415672    0.0234909            0
           0    0.0102165    0.0201496    0.0320592    0.0447402    0.0567323    0.0665518    0.0729276    0.0750022    0.0724669    0.0656092    0.0552658    0.0426886    0.0293451     0.016686            0
           0   0.00652603    0.0124374    0.0192697      0.02637    0.0329765    0.0383243    0.0417601     0.042843    0.0414131    0.0376163    0.0318807    0.0248504    0.0172879    0.0099667            0
           0   0.00333816   0.00589898   0.00857714    0.0111642    0.0134489    0.0152279    0.0163293    0.0166365    0.0161058    0.0147731    0.0127485    0.0102014   0.00734025   0.00439812            0
           0            0            0            0            0            0            0            0            0            0            0            0            0            0            0            0
