          0           0           0           0           0           0           0           0           0           0           0           0           0           0           0           0
          0 -0.00557683 -0.00460187 -0.00186883  0.00182476  0.00571618  0.00911325   0.0114576   0.0123877   0.0117843  0.00978601  0.00677455  0.00332992  0.00016931 -0.00191089           0
          0  -0.0044517  0.00854463   0.0293925   0.0545167   0.0798733    0.101494    0.116046    0.121319    0.116548    0.102527   0.0814985   0.0568264   0.0325128   0.0126364           0
          0 -0.00142325   0.0297781    0.077602    0.134454    0.191507    0.239996    0.272523    0.284157    0.273182    0.241355    0.193643    0.137491   0.0817036   0.0351478           0
          0  0.00267759    0.055471    0.135096     0.22926    0.323546    0.403577     0.45719     0.47627    0.457984    0.405214    0.326124    0.232929     0.14006   0.0619904           0
          0  0.00702212   0.0814782    0.192916    0.324363    0.455828    0.567343    0.641995    0.668495    0.642897    0.569203     0.45876    0.328545    0.198595   0.0889748           0
          0   0.0108385     0.10371    0.242144    0.405202    0.568179    0.706371    0.798846    0.831626    0.799824     0.70839    0.571365    0.409757     0.24835    0.111945           0
          0   0.0134939    0.118721    0.275234    0.459445    0.643497    0.799528    0.903916    0.940891    0.904935    0.801632    0.646823    0.464208    0.281741    0.127391           0
          0   0.0145736     0.12422    0.287154    0.478856    0.670361    0.832693    0.941286    0.979738    0.942309    0.834805    0.673703    0.483647    0.293709    0.132973           0
          0   0.0139359    0.119407    0.276145    0.460555    0.644772    0.800923    0.905381     0.94237    0.906369    0.802964    0.648002    0.465187    0.282485    0.127874           0
          0   0.0117322    0.105097    0.243989    0.407452    0.570764    0.709204    0.801823    0.834632    0.802739    0.711098    0.573759    0.411746     0.24986    0.112925           0
          0  0.00838709   0.0835984    0.195738     0.32781    0.459796      0.5717    0.646579    0.673127     0.64739    0.573374    0.462445    0.331603    0.200916    0.090479           0
          0  0.00454282   0.0583691    0.138959     0.23399    0.329007    0.409589    0.463529    0.482682    0.464204    0.410984    0.331211    0.237144    0.143255   0.0640602           0
          0 0.000981748   0.0335112   0.0825846    0.140576    0.198606    0.247843    0.280821    0.292564    0.281336    0.248906    0.200286    0.142979   0.0858555   0.0378375           0
          0  -0.0014509   0.0131788   0.0355812   0.0621589   0.0887919    0.111408    0.126575    0.132007    0.126911    0.112102   0.0898877   0.0637263   0.0377176   0.0160138           0
          0           0           0           0           0           0           0           0           0           0           0           0           0           0           0           0
