           0            0            0            0            0            0            0            0            0            0            0            0            0            0            0            0
           0   0.00141318   0.00174327   0.00170735   0.00139914  0.000949455  0.000494082  0.000148345 -1.19493e-05  3.75863e-05  0.000266142  0.000592584  0.000898992   0.00105271  0.000937429            0
           0   0.00282659   0.00383529   0.00440223    0.0046178   0.00459897   0.00446271   0.00430572   0.00418972   0.00413242   0.00410482   0.00403502   0.00381899   0.00333832   0.00248615            0
           0   0.00460861   0.00653308   0.00798829   0.00904193   0.00976105    0.0102024    0.0104069    0.0103967    0.0101735   0.00971853   0.00899325   0.00794214   0.00649775   0.00459015            0
           0    0.0065707   0.00952729    0.0120145     0.014068    0.0156859    0.0168419    0.0175007    0.0176305    0.0172121    0.0162413    0.0147265    0.0126796    0.0101036    0.0069791            0
           0   0.00846623    0.0124293    0.0159361    0.0189891    0.0215132    0.0233949     0.024518    0.0247943    0.0241822    0.0226938     0.020387     0.017345    0.0136453   0.00932142            0
           0      0.01004    0.0148422    0.0192049    0.0231017    0.0263946    0.0288941    0.0304141     0.030817    0.0300424    0.0281162    0.0251395    0.0212575     0.016612    0.0112821            0
           0     0.011073    0.0164271    0.0213551    0.0258118    0.0296165    0.0325283    0.0343139    0.0348025    0.0339206    0.0317037    0.0282821     0.023843    0.0185713    0.0125768            0
           0    0.0114181     0.016957    0.0220764    0.0267244    0.0307054    0.0337602    0.0356386    0.0361578    0.0352399    0.0329236    0.0293497    0.0247202    0.0192355    0.0130158            0
           0    0.0110238    0.0163529     0.021261    0.0257032    0.0294986    0.0324055    0.0341899    0.0346802    0.0338029    0.0315934    0.0281826    0.0237581    0.0185053    0.0125335            0
           0    0.0099422    0.0146959    0.0190209    0.0228917    0.0261692    0.0286617    0.0301812    0.0305885    0.0298223    0.0279092    0.0249515    0.0210959    0.0164854    0.0111986            0
           0   0.00832023    0.0122139    0.0156704    0.0186925    0.0212023    0.0230815    0.0242094    0.0244942    0.0238933    0.0224196    0.0201341    0.0171237    0.0134687   0.00920343            0
           0   0.00637473   0.00924496    0.0116779    0.0137078    0.0153257    0.0164955    0.0171724    0.0173182     0.016911    0.0159493    0.0144473    0.0124251   0.00989275   0.00683436            0
           0   0.00435417    0.0061804   0.00759171   0.00864975   0.00940592   0.00989754    0.0101476    0.0101659   0.00994988   0.00948526   0.00874556   0.00769159   0.00627181   0.00442576            0
           0   0.00248884   0.00339337    0.0039506   0.00423367   0.00432746   0.00431213   0.00425152   0.00418516    0.0041233   0.00404537   0.00390192   0.00362033   0.00311484   0.00230213            0
           0            0            0            0            0            0            0            0            0            0            0            0            0            0            0            0
