           0            0            0            0            0            0            0            0            0            0            0            0            0            0            0            0
           0  -0.00744076  -0.00642714  -0.00354269  0.000375078   0.00453051    0.0082046    0.0108182     0.011996    0.0116118   0.00980329   0.00695342   0.00363883   0.00055738   -0.0015502            0
           0  -0.00663719   0.00703979    0.0288091    0.0549981    0.0814416     0.104047     0.119375     0.125142     0.120555      0.10643    0.0850695    0.0599191     0.035058    0.0145975            0
           0  -0.00410012    0.0284079    0.0778843     0.136586     0.195488     0.245616     0.279386     0.291746     0.280935     0.248752     0.200286     0.143149    0.0863255    0.0388224            0
           0 -0.000616087    0.0540743     0.136028     0.232762     0.329593     0.411857     0.467139     0.487157     0.469023     0.415683     0.335478     0.240879     0.146599    0.0673649            0
           0   0.00308938    0.0799657     0.194325     0.328968     0.463581     0.577843     0.654533     0.682156     0.656701     0.582258     0.470404     0.338447     0.206803    0.0958981            0
           0   0.00637135     0.102085     0.243914     0.410667     0.577268     0.718613     0.813417     0.847465     0.815799     0.723475     0.584807       0.4212     0.257893     0.120136            0
           0   0.00871492     0.117075     0.277306     0.465548     0.653546        0.813      0.91991     0.958247     0.922419     0.818127     0.661517     0.476724     0.292215     0.136461            0
           0    0.0097881     0.122709     0.289513     0.485401     0.680995      0.84687     0.958065     0.997916     0.960602     0.852056     0.689067     0.496735     0.304665     0.142465            0
           0   0.00947996     0.118212     0.278797     0.467359     0.655629     0.815287     0.922316     0.960679     0.924777     0.820318     0.663455     0.478343     0.293464     0.137309            0
           0   0.00791336     0.104382     0.246933     0.414346     0.581509     0.723279     0.818333     0.852437      0.82062     0.727948      0.58876     0.424494      0.26043     0.121854            0
           0   0.00542839     0.083464     0.198946     0.334629     0.470135     0.585078     0.662176     0.689892       0.6642     0.589204     0.476524     0.343528       0.2107    0.0985259            0
           0   0.00253904    0.0588244     0.142352     0.240571     0.338699     0.421964     0.477854     0.498018     0.479544     0.425402     0.344002     0.247912     0.151955    0.0709516            0
           0 -0.000127721     0.034449     0.086026     0.146761     0.207477     0.259028     0.293676      0.30626     0.294981     0.261676     0.211543     0.152349    0.0932514    0.0434074            0
           0  -0.00189512    0.0143636    0.0388677    0.0677979     0.096751     0.121363     0.137949     0.144058     0.138835     0.123156    0.0994927    0.0715392    0.0436484     0.020172            0
           0            0            0            0            0            0            0            0            0            0            0            0            0            0            0            0
