          0           0           0           0           0           0           0           0           0           0           0           0           0           0           0           0
          0 -0.00832861 -0.00822855 -0.00573886 -0.00177425  0.00270227  0.00677426  0.00968438   0.0109354   0.0103589  0.00813941  0.00478866   0.0010747 -0.00208206 -0.00372405           0
          0 -0.00987882 0.000656957   0.0197177   0.0436872   0.0684111   0.0897862    0.104358     0.10983    0.105407   0.0919121   0.0716668   0.0481466   0.0254658  0.00777176           0
          0  -0.0102113    0.016362   0.0601267    0.113587    0.167996    0.214652    0.246204    0.257756    0.247603    0.217489    0.172353     0.11958   0.0678976   0.0260641           0
          0 -0.00981823   0.0358748    0.108779    0.196875    0.286067    0.362304    0.413697    0.432319    0.415406    0.365778    0.291417    0.204267    0.118433   0.0480556           0
          0 -0.00907131   0.0558484    0.157912    0.280596    0.404485    0.510205    0.581357    0.607003    0.583324    0.514209     0.41067    0.289182    0.169201   0.0702354           0
          0 -0.00826052   0.0730233    0.199835    0.351839    0.505118    0.635802    0.723676    0.755256    0.725834    0.640201     0.51193     0.36133    0.212386   0.0891461           0
          0 -0.00759939    0.084673    0.228061    0.399679    0.572608    0.719974    0.819018    0.854556    0.821287    0.724604    0.579791    0.409714    0.241382    0.101877           0
          0 -0.00721795   0.0889912    0.238267    0.416828      0.5967    0.749952    0.852932    0.889859    0.855224    0.754631    0.603965    0.426994    0.251786    0.106493           0
          0 -0.00715445   0.0853544    0.228951    0.400743    0.573808    0.721266    0.820358    0.855896     0.82258    0.725804    0.580855    0.410603    0.242062    0.102321           0
          0 -0.00735148   0.0744142    0.201651    0.354008    0.507562    0.638433    0.726402    0.757983    0.728466    0.642645    0.514098    0.363143    0.213773   0.0900512           0
          0 -0.00765796    0.058007    0.160724    0.283951    0.408261    0.514268    0.585566    0.611213     0.58739    0.517987    0.414024    0.291988    0.171351   0.0716406           0
          0 -0.00783474   0.0388943    0.112699    0.201542    0.291311    0.367942    0.419536    0.438161     0.42105    0.371026    0.296083    0.208177    0.121435   0.0500229           0
          0 -0.00755663   0.0203794   0.0653144    0.119739    0.174892    0.222059    0.253876    0.265434    0.255025    0.224398    0.178504    0.124748   0.0718804   0.0286862           0
          0 -0.00639494   0.0058678   0.0263828   0.0515454   0.0771963   0.0992142    0.114123    0.119608    0.114867    0.100729   0.0795331   0.0547786   0.0306065   0.0111864           0
          0           0           0           0           0           0           0           0           0           0           0           0           0           0           0           0
