          0           0           0           0           0           0           0           0           0           0           0           0           0           0           0           0
          0 -0.00795587 -0.00766273 -0.00502025 -0.00094501  0.00360407  0.00771682   0.0106419   0.0118861   0.0112826  0.00901393  0.00558774  0.00176639 -0.00153464 -0.00335864           0
          0 -0.00914617  0.00191328   0.0215178   0.0460107    0.071195   0.0929268    0.107717    0.113248    0.108714   0.0949459   0.0742886   0.0502512   0.0269898  0.00869712           0
          0 -0.00904008   0.0185023   0.0633588    0.117936    0.173371    0.220851    0.252927    0.264638    0.254254    0.223544    0.177508    0.123629   0.0707472   0.0277356           0
          0  -0.0081743    0.038991    0.113616    0.203516    0.294396    0.372004    0.424279    0.443179      0.4259    0.375299    0.299473    0.210533    0.122785   0.0505663           0
          0 -0.00697638    0.059908    0.164313    0.289482    0.415715    0.523352    0.595745     0.62179     0.59761    0.527149    0.421581    0.297627    0.175026   0.0735656           0
          0 -0.00579363    0.077867    0.207542    0.362605    0.518784    0.651845    0.741263    0.773345    0.743308    0.656014    0.525241    0.371605    0.219446   0.0931615           0
          0 -0.00488888   0.0900333    0.236631     0.41169    0.587889     0.73794    0.838731    0.874841    0.840881    0.742327    0.594696    0.421202     0.24926    0.106346           0
          0  -0.0044254   0.0945278    0.247134     0.42927     0.61254    0.768585    0.873384    0.910906    0.875554    0.773018    0.619424    0.438903    0.259947    0.111119           0
          0 -0.00445339   0.0907007    0.237503    0.412735    0.589068    0.739211     0.84005     0.87616    0.842155     0.74351    0.595744    0.422078    0.249929    0.106783           0
          0 -0.00490427   0.0792289    0.209322    0.364734    0.521186    0.654433    0.743948    0.776032    0.745903    0.658424    0.527378     0.37339     0.22081    0.094052           0
          0 -0.00559464   0.0620203    0.167068    0.292774    0.419426     0.52735    0.599891     0.62594    0.601619    0.530873    0.424887     0.30039    0.177142   0.0749477           0
          0 -0.00623736    0.041943    0.117455    0.208094    0.299549    0.377553    0.430034    0.448942    0.431468    0.380476    0.304071    0.214383    0.125738   0.0525003           0
          0 -0.00645185   0.0224243   0.0684332    0.123967    0.180148    0.228145    0.260493    0.272216    0.261582    0.230362    0.183572    0.128717   0.0746626   0.0303109           0
          0 -0.00575681  0.00699021   0.0280278   0.0537094   0.0798284    0.102217    0.117357    0.122911    0.118063    0.103653   0.0820439   0.0567765   0.0320377   0.0120456           0
          0           0           0           0           0           0           0           0           0           0           0           0           0           0           0           0
