           0            0            0            0            0            0            0            0            0            0            0            0            0            0            0            0
           0  -0.00708995  -0.00638526  -0.00343732   0.00084099   0.00550752   0.00967319    0.0126058    0.0138252    0.0131686    0.0108137    0.0072545   0.00323493 -0.000347777   -0.0025468            0
           0  -0.00749794   0.00459257    0.0251999    0.0506112    0.0765731    0.0988888     0.114025     0.119634       0.1149     0.100662    0.0792934    0.0543472    0.0300345      0.01061            0
           0  -0.00645138    0.0229403    0.0697647     0.126282     0.183458     0.232309     0.265241     0.277194     0.266404     0.234671      0.18709     0.131286    0.0762715    0.0310911            0
           0  -0.00457807    0.0453528     0.123047     0.216067     0.309811     0.389713     0.443445     0.462786     0.444865     0.392599      0.31426     0.222223       0.1311    0.0555328            0
           0  -0.00242193    0.0681201     0.176677     0.306134     0.436345     0.547195     0.621648     0.648333     0.623278     0.550517     0.441479     0.313267     0.186066    0.0800989            0
           0 -0.000450485    0.0876124     0.222349     0.382682      0.54378     0.680832     0.772819     0.805711     0.774605     0.684476     0.549425     0.390553     0.232764     0.101002            0
           0  0.000969797     0.100786     0.253047     0.434031     0.615775     0.770336     0.874035     0.911069     0.875912     0.774167      0.62172     0.442342     0.264086     0.115051            0
           0   0.00160559     0.105621     0.264099     0.452387     0.641421     0.802157     0.909983     0.948471     0.911878     0.806026      0.64743     0.460798     0.275292     0.120119            0
           0   0.00138146     0.101418     0.253876     0.435025     0.616901     0.771552     0.875299     0.912336     0.877136     0.775303     0.622727     0.443182     0.264727     0.115468            0
           0   0.00038939     0.088901     0.224037     0.384708     0.546072     0.683309     0.775393     0.808291     0.777098      0.68679     0.551476     0.392264     0.234071     0.101854            0
           0  -0.00111933    0.0701158     0.179288     0.309265     0.439886     0.551022     0.625626     0.652321     0.627132     0.554096     0.444652     0.315916     0.188092    0.0814204            0
           0   -0.0027569    0.0481355     0.126679     0.220417     0.314727     0.395027     0.448973      0.46833     0.450224     0.397578     0.318676     0.225913     0.133924    0.0573794            0
           0  -0.00402699    0.0266254    0.0745544     0.132005     0.189923     0.239301     0.272519     0.284498     0.273469     0.241236     0.192916     0.136159    0.0800102    0.0335447            0
           0  -0.00433935   0.00934035    0.0313236    0.0579043    0.0848095     0.107805     0.123319     0.128971     0.123935      0.10906    0.0867467    0.0605896    0.0348415    0.0137889            0
           0            0            0            0            0            0            0            0            0            0            0            0            0            0            0            0
