           0            0            0            0            0            0            0            0            0            0            0            0            0            0            0            0
           0  -0.00571634  -0.00443315  -0.00109995   0.00339231   0.00814276    0.0123088     0.015199    0.0163605    0.0156397    0.0132036   0.00951798   0.00528669   0.00136441  -0.00133351            0
           0  -0.00499318   0.00835758    0.0300292    0.0562957    0.0829007     0.105648     0.121005     0.126624     0.121688     0.107035    0.0850353    0.0592391    0.0338601    0.0131646            0
           0  -0.00261497    0.0288961    0.0776918     0.135963     0.194595     0.244523     0.278083     0.290166     0.278989     0.246366     0.197435     0.139887    0.0828137    0.0353435            0
           0  0.000671117    0.0536617     0.134345     0.230147     0.326291     0.408029     0.462874     0.482494     0.463977     0.410274     0.329758     0.234954     0.140648    0.0616521            0
           0   0.00416401    0.0786703     0.191208     0.324457     0.458004     0.571445     0.647494      0.67461     0.648758     0.574022     0.461992     0.330006     0.198524    0.0880198            0
           0   0.00723205     0.100008     0.239552     0.404525     0.569745     0.710026      0.80402     0.837475     0.805403     0.712847      0.57412     0.410632     0.247641     0.110419            0
           0   0.00936668     0.114388     0.272001     0.458186     0.644575     0.802789     0.908771     0.946456     0.910221     0.805751     0.649175     0.464622     0.280556     0.125451            0
           0    0.0102382     0.119624      0.28364     0.477321     0.671181     0.835718     0.945922     0.985093     0.947385     0.838705     0.675824     0.483826     0.292302     0.130852            0
           0   0.00973642     0.114957      0.27275      0.45909     0.645602     0.803903     0.909932     0.947622     0.911349     0.806798     0.650101     0.465394     0.281144     0.125834            0
           0    0.0079852     0.101168     0.241077     0.406364     0.571836     0.712295     0.806387     0.839853     0.807703     0.714982     0.576009     0.412206     0.248841       0.1112            0
           0   0.00532871    0.0804613     0.193563     0.327297     0.461234     0.574954     0.651156     0.678291     0.652319     0.577327     0.464917     0.332442     0.200381    0.0892295            0
           0   0.00229227    0.0561498     0.137613     0.234088     0.330777     0.412907     0.467971     0.487621     0.468937     0.414878     0.333831     0.238345     0.143235    0.0633389            0
           0 -0.000470676    0.0321727    0.0819838     0.141137     0.200494     0.250951     0.284812     0.296941     0.285546     0.252448     0.202811     0.144361    0.0862293    0.0375767            0
           0  -0.00222419    0.0125451    0.0354851    0.0628717    0.0904148     0.113863     0.129628      0.13532     0.130105     0.114834    0.0919171      0.06496    0.0382323    0.0160412            0
           0            0            0            0            0            0            0            0            0            0            0            0            0            0            0            0
