           0            0            0            0            0            0            0            0            0            0            0            0            0            0            0            0
           0  -0.00533847  -0.00390685 -0.000481602   0.00405464   0.00881425     0.012969    0.0158402    0.0169832    0.0162473    0.0137961    0.0100871   0.00581157   0.00181078   -0.0010107            0
           0   -0.0043243   0.00931248    0.0311925    0.0575982     0.084286     0.107073     0.122439     0.128042     0.123069     0.108354    0.0862595    0.0603239    0.0347479    0.0137874            0
           0  -0.00160989    0.0303499    0.0794999     0.138037     0.196858     0.246903     0.280517     0.292595     0.281353     0.248604      0.19948     0.141666    0.0842427    0.0363318            0
           0   0.00202942    0.0556412     0.136837     0.233049     0.329501     0.411448     0.466401     0.486029     0.467418     0.413518     0.332699     0.237486     0.142662     0.063035            0
           0   0.00585462    0.0811447     0.194346     0.328142     0.462116     0.575856      0.65207     0.679209     0.653234      0.57823     0.465791     0.333259     0.201097    0.0897795            0
           0   0.00919421     0.102887     0.243219     0.408854     0.574599     0.715256     0.809462     0.842952     0.810734     0.717853     0.578627     0.414479     0.250675     0.112489            0
           0    0.0115049     0.117529     0.276012     0.462933     0.649913     0.808553     0.914778     0.952507     0.916112     0.811277     0.654145     0.468857     0.283891     0.127724            0
           0    0.0124337      0.12285     0.287762     0.482205     0.676677     0.841658     0.952116     0.991334      0.95346     0.844405     0.680948      0.48819     0.295737     0.133193            0
           0    0.0118617     0.118079     0.276736     0.463808     0.650908     0.809634     0.915906      0.95364     0.917208     0.812295     0.655045     0.469607     0.284462     0.128096            0
           0   0.00992053     0.104006     0.244693     0.410634     0.576626     0.717458     0.811761     0.845264      0.81297     0.719928     0.580464     0.416008      0.25184     0.113247            0
           0   0.00697713    0.0828727     0.196622     0.330891     0.465247     0.579263      0.65563     0.682789     0.656698     0.581445     0.468635     0.335626     0.202901    0.0909536            0
           0    0.0035902    0.0580397     0.139993     0.236862     0.333851     0.416187      0.47136      0.49102     0.472248     0.417999     0.336661     0.240782     0.145174    0.0646716            0
           0  0.000451264    0.0335043    0.0836413     0.143044      0.20258     0.253153      0.28707     0.299198     0.287745      0.25453     0.204712     0.146014    0.0875575     0.038497            0
           0  -0.00166883    0.0133355    0.0364497    0.0639571    0.0915769     0.115067     0.130846      0.13653     0.131285     0.115961    0.0929604    0.0658825    0.0389871    0.0165725            0
           0            0            0            0            0            0            0            0            0            0            0            0            0            0            0            0
