           0            0            0            0            0            0            0            0            0            0            0            0            0            0            0            0
           0  -0.00784937  -0.00750305  -0.00481958 -0.000715631   0.00385143   0.00797357    0.0109015    0.0121433    0.0115325   0.00925133   0.00580585   0.00195658  -0.00138279  -0.00325622            0
           0  -0.00893972   0.00225937    0.0220052    0.0466317    0.0719318    0.0937524     0.108597     0.114141     0.109578     0.095741    0.0749793    0.0508099    0.0273986   0.00894877            0
           0  -0.00871255    0.0190851    0.0642229     0.119084     0.174778     0.222464      0.25467     0.266419     0.255977     0.225116     0.178853     0.124692    0.0715024    0.0281848            0
           0  -0.00771657    0.0398342       0.1149     0.205258     0.296564     0.374515     0.427011      0.44598     0.428607      0.37776     0.301563     0.212169     0.123932    0.0512371            0
           0   -0.0063946    0.0610024     0.166007     0.291806      0.41863     0.526747     0.599451     0.625595     0.601287     0.530486     0.424406     0.299826     0.176556    0.0744523            0
           0  -0.00510964    0.0791699     0.209577     0.365415     0.522325     0.655983     0.745788     0.777994     0.747801     0.660087     0.528682     0.374276     0.221297    0.0942288            0
           0  -0.00413799    0.0914734     0.238891     0.414822     0.591845      0.74257     0.843799      0.88005     0.845915     0.746889     0.598546     0.424186     0.251324     0.107533            0
           0  -0.00365205    0.0960145     0.249472     0.432513      0.61664     0.773386      0.87864      0.91631     0.880776     0.777749     0.623416     0.441995     0.262084     0.112347            0
           0   -0.0037053    0.0921367     0.239759     0.415862     0.593018     0.743836     0.845112     0.881364     0.847183     0.748067     0.599589     0.425058     0.251989     0.107967            0
           0   -0.0042261    0.0805232     0.211346     0.367533     0.524714     0.658559      0.74846     0.780669     0.750384     0.662486     0.530809     0.376052     0.222655    0.0951149            0
           0  -0.00502221    0.0631009     0.168745      0.29508     0.422321     0.530726     0.603578     0.629727     0.605278     0.534194     0.427696     0.302576     0.178662    0.0758275            0
           0  -0.00579334    0.0427662     0.118715      0.20981      0.30169     0.380038      0.43274     0.451718     0.434152     0.382914     0.306141     0.216001      0.12687     0.053161            0
           0  -0.00614381     0.022979    0.0692638     0.125079     0.181519     0.229724     0.262204     0.273967     0.263275     0.231906      0.18489     0.129755    0.0753975     0.030746            0
           0  -0.00557798   0.00729706    0.0284696    0.0542829    0.0805194        0.103     0.118198     0.123768     0.118893     0.104413    0.0827005    0.0573027    0.0324186    0.0122775            0
           0            0            0            0            0            0            0            0            0            0            0            0            0            0            0            0
