           0            0            0            0            0            0            0            0            0            0            0            0            0            0            0            0
           0  -0.00638306  -0.00537132  -0.00221268   0.00218925   0.00691174     0.011088    0.0140056    0.0151975    0.0145054    0.0121018   0.00846699   0.00432566  0.000554779  -0.00191303            0
           0   -0.0061946   0.00659246    0.0278147    0.0537429    0.0801112     0.102712     0.118004     0.123633      0.11878     0.104286    0.0825293    0.0570702    0.0321319    0.0119863            0
           0  -0.00444174    0.0261451    0.0741314      0.13172     0.189813     0.239359     0.272707      0.28476     0.273738     0.241453     0.193036     0.136167    0.0799237    0.0334174            0
           0    -0.001817     0.049859     0.129333     0.224062     0.319316     0.400394     0.454853     0.474391     0.456109     0.402949     0.323258     0.229522     0.136482    0.0589088            0
           0   0.00105121    0.0738696      0.18481     0.316604     0.448914     0.561419     0.636907     0.663889     0.638348     0.564356     0.453456     0.322919     0.193128    0.0844906            0
           0   0.00360737    0.0943878     0.232012      0.39521     0.558902     0.698014     0.791299     0.824574     0.792877     0.701233     0.563891      0.40217     0.241225     0.106238            0
           0   0.00540895     0.108233     0.263715     0.447914     0.632582     0.789471     0.894645     0.932118     0.896301     0.792854     0.637832     0.455256      0.27347     0.120843            0
           0   0.00617106     0.113293     0.275106     0.466729     0.658801      0.82196     0.931322      0.97027     0.932993     0.825374     0.664105     0.474156     0.284991     0.126101            0
           0   0.00579966     0.108834     0.264504     0.448863     0.633658     0.790637     0.895858     0.933336     0.897478     0.793946     0.638799     0.456062     0.274085     0.121244            0
           0   0.00440385    0.0956118     0.233619     0.397143     0.561094     0.700388     0.793771     0.827054     0.795275     0.703459     0.565862     0.403814      0.24248     0.107055            0
           0   0.00228468    0.0757629     0.187293      0.31959       0.4523     0.565089      0.64073     0.667726     0.642059     0.567801     0.456507     0.325464     0.195071    0.0857568            0
           0 -9.63528e-05    0.0524939     0.132783     0.228208     0.324019     0.405493     0.460169     0.479731     0.461273     0.407744     0.327505     0.233065     0.139189    0.0606762            0
           0  -0.00215858    0.0296246    0.0786716      0.13717     0.195997     0.246073     0.279716     0.291806     0.280555     0.247782     0.198641     0.140844    0.0835022    0.0357614            0
           0   -0.0032332    0.0110573    0.0336026    0.0606774    0.0879889     0.111283     0.126969     0.132657     0.127513     0.112391    0.0897014    0.0630544    0.0367225    0.0150143            0
           0            0            0            0            0            0            0            0            0            0            0            0            0            0            0            0
