           0            0            0            0            0            0            0            0            0            0            0            0            0            0            0            0
           0   -0.0056239  -0.00430416 -0.000948175    0.0035551   0.00830802    0.0124715    0.0153571    0.0165142    0.0157897    0.0133498   0.00965827   0.00541594   0.00147417  -0.00125427            0
           0  -0.00482866   0.00859407    0.0303193     0.056623    0.0832513     0.106011     0.121372     0.126987     0.122042     0.107372    0.0853465    0.0595132    0.0340829    0.0133198            0
           0  -0.00236683    0.0292587    0.0781474     0.136491     0.195176     0.245139     0.278716     0.290799     0.279606     0.246947     0.197963     0.140343    0.0831765     0.035592            0
           0   0.00100733    0.0541577     0.134977     0.230892     0.327123     0.408922       0.4638     0.483425     0.464882     0.411125     0.330524     0.235608     0.141163    0.0620018            0
           0   0.00458321    0.0792922     0.192007     0.325408     0.459075     0.572604     0.648703     0.675828     0.649943     0.575132     0.462987     0.330851     0.199185    0.0884663            0
           0   0.00771914     0.100733     0.240488     0.405645     0.571015     0.711405     0.805464     0.838931     0.806819     0.714172     0.575305     0.411634     0.248422     0.110945            0
           0   0.00989785      0.11518     0.273027     0.459417     0.645974     0.804312     0.910367     0.948068     0.911789     0.807216     0.650484     0.465727     0.281416      0.12603            0
           0    0.0107838     0.120438     0.284695     0.478588     0.672623     0.837289      0.94757     0.986757     0.949003     0.840218     0.677175     0.484966     0.293189     0.131449            0
           0    0.0102645     0.115745     0.273771     0.460314     0.646993     0.805419     0.911521     0.949226      0.91291     0.808257     0.651405     0.466494     0.282001      0.12641            0
           0   0.00846598     0.101883     0.242002     0.407471      0.57309     0.713659     0.807815     0.841294     0.809104     0.716293     0.577182     0.413197     0.249614     0.111721            0
           0   0.00573795    0.0810684     0.194344     0.328226     0.462283     0.576089     0.652341     0.679486     0.653481     0.578416     0.465893     0.333271      0.20103    0.0896677            0
           0   0.00261414    0.0566246     0.138218     0.234802     0.331577     0.413768     0.468866      0.48852     0.469813       0.4157     0.334571     0.238977     0.143733    0.0636768            0
           0  -0.00024241    0.0325061    0.0824037     0.141626     0.201033     0.251525     0.285404     0.297534     0.286124     0.252993     0.203305     0.144788    0.0865684    0.0378091            0
           0    -0.002087    0.0127421    0.0357277    0.0631473    0.0907125     0.114174     0.129944     0.135634     0.130411     0.115126    0.0921857    0.0651957    0.0384235    0.0161746            0
           0            0            0            0            0            0            0            0            0            0            0            0            0            0            0            0
