           0            0            0            0            0            0            0            0            0            0            0            0            0            0            0            0
           0  -0.00668046  -0.00579521  -0.00272161   0.00163223    0.0063349    0.0105097    0.0134356    0.0146398    0.0139619    0.0115767   0.00797068   0.00387684   0.00018124  -0.00217697            0
           0  -0.00673898    0.0057686    0.0267512    0.0524837    0.0787024     0.101201      0.11644     0.122064     0.117257     0.102859    0.0812474    0.0559827    0.0312858    0.0114246            0
           0  -0.00527751     0.024836     0.072375     0.129561     0.187315     0.236608     0.269808     0.281828     0.270894     0.238815      0.19071     0.134242    0.0784674    0.0324774            0
           0  -0.00296223    0.0480275      0.12682     0.220909     0.315605     0.396254      0.45045     0.469921     0.451775     0.398948      0.31976     0.226661     0.134349     0.057552            0
           0 -0.000386993    0.0715401     0.181572     0.312491     0.444026     0.555926     0.631038     0.657916     0.632559     0.559024     0.448817      0.31915      0.19034    0.0827312            0
           0   0.00192873    0.0916479     0.228173     0.390301     0.553035     0.691392     0.784206     0.817346     0.785871     0.694789     0.558299     0.397643     0.237892     0.104145            0
           0   0.00357361     0.105225     0.259483     0.442481     0.626069     0.782105     0.886743     0.924061     0.888492     0.785676     0.631611      0.45023     0.269777     0.118529            0
           0   0.00428393     0.110195     0.270742     0.461119      0.65207     0.814341     0.923144     0.961929     0.924909     0.817945     0.657669     0.468959     0.281176     0.123712            0
           0   0.00397328     0.105839     0.260289      0.44345     0.627166     0.783293     0.887978     0.925299     0.889689     0.786787     0.632595      0.45105     0.270403     0.118937            0
           0   0.00274376    0.0928995     0.229815     0.392274      0.55527      0.69381     0.786722     0.819869      0.78831     0.697053     0.560305     0.399316     0.239169     0.104977            0
           0  0.000875999    0.0734772      0.18411      0.31554     0.447479     0.559663     0.634928     0.661819     0.636332     0.562527     0.451921      0.32174     0.192318    0.0840212            0
           0   -0.0011987    0.0507256     0.130348     0.225143       0.3204     0.401446     0.455858     0.475349     0.457024     0.403823     0.324081     0.230268     0.137107    0.0593535            0
           0   -0.0029342    0.0284031    0.0770218     0.135127      0.19362     0.243442     0.276933     0.288986     0.277819     0.245246      0.19641     0.139003    0.0821149    0.0348685            0
           0  -0.00369378    0.0103538    0.0326823    0.0595717    0.0867343     0.109921     0.125547     0.131224     0.126121     0.111091    0.0885411    0.0620781    0.0359693    0.0145173            0
           0            0            0            0            0            0            0            0            0            0            0            0            0            0            0            0
