           0            0            0            0            0            0            0            0            0            0            0            0            0            0            0            0
           0  -0.00724841  -0.00661579  -0.00371941  0.000526465   0.00517598   0.00933562    0.0122692     0.013494    0.0128462    0.0105047    0.0069661   0.00297831 -0.000557531  -0.00269211            0
           0  -0.00779484   0.00412324    0.0245699    0.0498392    0.0756844    0.0979147     0.113002     0.118601     0.113899    0.0997326    0.0784727    0.0536672    0.0295208    0.0102807            0
           0  -0.00691352     0.022175    0.0686891     0.124908     0.181822      0.23047     0.263277     0.275196      0.26447     0.232892     0.185546     0.130038    0.0753565    0.0305233            0
           0  -0.00521663    0.0442655     0.121479     0.214022     0.307335     0.386895     0.440413     0.459691     0.441869     0.389855     0.311898     0.220335     0.129736    0.0546998            0
           0  -0.00322799    0.0667241     0.174634     0.303436     0.433048     0.543419     0.617566      0.64416      0.61924     0.546827     0.438315     0.310753     0.184264    0.0790087            0
           0  -0.00139427    0.0859612     0.219911      0.37944     0.539797     0.676253     0.767859     0.800635     0.769693     0.679992      0.54559     0.387517     0.230597    0.0996978            0
           0 -6.39035e-05    0.0989673     0.250349      0.43043     0.611339     0.765226     0.868494     0.905394     0.870421     0.769158     0.617441      0.43896     0.261677     0.113605            0
           0  0.000541959     0.103746     0.261313     0.448663      0.63683     0.796865     0.904242      0.94259     0.906186     0.800836     0.642998     0.457297     0.272801     0.118625            0
           0  0.000352282    0.0996061     0.251186     0.431434     0.612475     0.766453     0.869769     0.906671     0.871654     0.770303     0.618456     0.439806     0.262324     0.114026            0
           0 -0.000545005    0.0872637     0.221616     0.381486      0.54211     0.678751     0.770455     0.803235     0.772205     0.682325     0.547658     0.389242     0.231915     0.100557            0
           0  -0.00191041     0.068742     0.177273     0.306598     0.436622     0.547279     0.621578      0.64818     0.623124     0.550435     0.441515     0.313425     0.186307     0.080342            0
           0   -0.0033736    0.0470803     0.125151     0.218415     0.312297     0.392255     0.445985     0.465278     0.447269     0.394873      0.31635     0.224056     0.132585    0.0565633            0
           0   -0.0044583    0.0259048    0.0735327      0.13069     0.188348     0.237521     0.270611     0.282555     0.271587     0.239508     0.191419     0.134953    0.0791294    0.0330003            0
           0  -0.00459304   0.00893284    0.0307666    0.0572096    0.0839973     0.106904     0.122364     0.128003     0.122996     0.108192    0.0859851    0.0599644    0.0343741    0.0134921            0
           0            0            0            0            0            0            0            0            0            0            0            0            0            0            0            0
