          0           0           0           0           0           0           0           0           0           0           0           0           0           0           0           0
          0 -0.00839329 -0.00832796 -0.00586643 -0.00192282  0.00253941  0.00660293  0.00950955   0.0107614     0.01019  0.00797993  0.00464369 0.000950067 -0.00217988 -0.00378869           0
          0  -0.0100077 0.000430985   0.0193887   0.0432575   0.0678917   0.0891967    0.103725    0.109186    0.104784   0.0913413   0.0711757    0.047755   0.0251848   0.0076033           0
          0  -0.0104189   0.0159728   0.0595292    0.112774    0.166983    0.213478    0.244928    0.256448    0.246338    0.216341    0.171378    0.118819   0.0673666   0.0257565           0
          0  -0.0101109   0.0353048    0.107879    0.195627    0.284491     0.36046     0.41168    0.430247    0.413404    0.363965    0.289888    0.203084    0.117618    0.047591           0
          0 -0.00944523   0.0551033    0.156718    0.278921    0.402354      0.5077     0.57861    0.604177    0.580595    0.511741    0.408595    0.287584    0.168108   0.0696175           0
          0 -0.00870149   0.0721326    0.198395    0.349806    0.502522    0.632742    0.720314    0.751795    0.722492    0.637181    0.509395    0.359384    0.211059   0.0883998           0
          0 -0.00808432   0.0836862    0.226457    0.397409    0.569703    0.716545    0.815248    0.850674    0.817538    0.721218    0.576951    0.407536      0.2399    0.101046           0
          0 -0.00771772   0.0879716    0.236608    0.414477    0.593688    0.746395     0.84902     0.88583    0.851332    0.751117    0.601019    0.424735     0.25025    0.105633           0
          0  -0.0076378   0.0843699     0.22735    0.398477    0.570906    0.717841    0.816591    0.852017    0.818833    0.722421    0.578018    0.408427    0.240581     0.10149           0
          0 -0.00778917   0.0735283    0.200216    0.351982    0.504973     0.63538    0.723047    0.754528     0.72513    0.639631    0.511569      0.3612    0.212449   0.0893072           0
          0 -0.00802659   0.0572697    0.159539    0.282287    0.406141    0.511774    0.582829    0.608397    0.584669    0.515527    0.411957    0.290397    0.170263   0.0710264           0
          0  -0.0081196   0.0383357    0.111814    0.200308    0.289749    0.366112    0.417533    0.436102     0.41906    0.369225    0.294565    0.207004    0.120628   0.0495638           0
          0 -0.00775306   0.0200063   0.0647358    0.118946    0.173898    0.220904    0.252616    0.264141    0.253775    0.223264    0.177544       0.124   0.0713604   0.0283863           0
          0 -0.00650783  0.00566446   0.0260798   0.0511422   0.0767018   0.0986471     0.11351    0.118981    0.114261    0.100176   0.0790597   0.0544043   0.0303408   0.0110289           0
          0           0           0           0           0           0           0           0           0           0           0           0           0           0           0           0
