          0           0           0           0           0           0           0           0           0           0           0           0           0           0           0           0
          0 -0.00580779 -0.00456097 -0.00125059  0.00323049  0.00797825   0.0121466   0.0150411    0.016207     0.01549   0.0130577  0.00937814  0.00515806  0.00125533 -0.00141213           0
          0 -0.00515644  0.00812174   0.0297383   0.0559659   0.0825459    0.105279    0.120631    0.126253    0.121327    0.106692   0.0847193    0.058962   0.0336358   0.0130092           0
          0 -0.00286173    0.028533   0.0772323    0.135426    0.194001    0.243891    0.277431    0.289513    0.278355    0.245768    0.196893    0.139422    0.082446   0.0350933           0
          0 0.000336313   0.0531637    0.133705    0.229388    0.325437    0.407107    0.461915    0.481529    0.463039    0.409395    0.328969    0.234284    0.140124    0.061299           0
          0  0.00374618   0.0780447    0.190397    0.323485      0.4569    0.570244    0.646238    0.673344    0.647527    0.572871    0.460964    0.329139     0.19785   0.0875679           0
          0  0.00674627   0.0992782      0.2386    0.403378    0.568435    0.708595    0.802519    0.835958    0.803929    0.711471    0.572894    0.409601    0.246843    0.109885           0
          0  0.00883673     0.11359    0.270958    0.456924     0.64313    0.801207    0.907108    0.944774    0.908587    0.804227    0.647819    0.463483    0.279676    0.124864           0
          0  0.00969384    0.118803    0.282566    0.476021    0.669691    0.834086    0.944206    0.983357    0.945697    0.837132    0.674425    0.482652    0.291395    0.130248           0
          0  0.00920945    0.114163    0.271712    0.457834    0.644164    0.802329    0.908277    0.945948    0.909722     0.80528    0.648751     0.46426    0.280268    0.125249           0
          0  0.00750555    0.100447    0.240137     0.40523     0.57054    0.710879    0.804901    0.838351    0.806242    0.713619    0.574795    0.411185     0.24805    0.110671           0
          0   0.0049206   0.0798502     0.19277    0.326346    0.460152    0.573777    0.649923    0.677047    0.651109    0.576196    0.463907    0.331591    0.199719   0.0887857           0
          0  0.00197147   0.0556725    0.136999    0.233358    0.329954    0.412017    0.467044    0.486686    0.468028    0.414027    0.333067    0.237697    0.142728   0.0629973           0
          0 -0.00069797   0.0318381   0.0815593     0.14064    0.199941     0.25036      0.2842    0.296327    0.284949    0.251886    0.202302    0.143926   0.0858848   0.0373423           0
          0 -0.00236061   0.0123481   0.0352408   0.0625925   0.0901116    0.113545    0.129304    0.134996     0.12979    0.114535   0.0916426   0.0647202    0.038039   0.0159072           0
          0           0           0           0           0           0           0           0           0           0           0           0           0           0           0           0
