          0           0           0           0           0           0           0           0           0           0           0           0           0           0           0           0
          0 -0.00836107 -0.00827839 -0.00580277 -0.00184863  0.00262079  0.00668859  0.00959699   0.0108484   0.0102745  0.00805968  0.00471616  0.00101233 -0.00213104 -0.00375644           0
          0 -0.00994345 0.000543868   0.0195532   0.0434726   0.0681519   0.0894921    0.104042    0.109509    0.105096   0.0916275   0.0714218   0.0479511   0.0253254  0.00768754           0
          0  -0.0103153   0.0161674   0.0598283    0.113182    0.167491    0.214067    0.245568    0.257104    0.246973    0.216917    0.171867      0.1192   0.0676326   0.0259104           0
          0 -0.00996482   0.0355899     0.10833    0.196252    0.285282    0.361385    0.412692    0.431286    0.414408    0.364874    0.290655    0.203677    0.118026   0.0478236           0
          0 -0.00925855   0.0554761    0.157316    0.279761    0.403423    0.508957    0.579988    0.605595    0.581964    0.512979    0.409636    0.288385    0.168656   0.0699269           0
          0 -0.00848131   0.0725783    0.199117    0.350825    0.503824    0.634277    0.722001    0.753532    0.724169    0.638696    0.510667     0.36036    0.211724   0.0887736           0
          0 -0.00784218     0.08418    0.227261    0.398547     0.57116    0.718266     0.81714    0.852622    0.819419    0.722917    0.578376    0.408628    0.240643    0.101462           0
          0 -0.00746816   0.0884819    0.237439    0.415656    0.595199     0.74818    0.850983    0.887852    0.853285    0.752881    0.602497    0.425868     0.25102    0.106064           0
          0 -0.00739644   0.0848626    0.228152    0.399613    0.572362     0.71956    0.818481    0.853964    0.820714    0.724119    0.579441    0.409518    0.241323    0.101906           0
          0 -0.00757062   0.0739716    0.200935    0.352998    0.506272    0.636912    0.724731    0.756262    0.726804    0.641143    0.512838    0.362175    0.213112   0.0896798           0
          0 -0.00784254   0.0576386    0.160133    0.283122    0.407204    0.513025    0.584203     0.60981    0.586034    0.516761    0.412994    0.291195    0.170808    0.071334           0
          0  -0.0079774   0.0386151    0.112257    0.200927    0.290532     0.36703    0.418538    0.437135    0.420058    0.370129    0.295326    0.207592    0.121032   0.0497936           0
          0 -0.00765502   0.0201929   0.0650255    0.119343    0.174397    0.221483    0.253248     0.26479    0.254402    0.223833    0.178026    0.124375   0.0716209   0.0285364           0
          0 -0.00645151  0.00576609   0.0262315   0.0513442   0.0769497   0.0989315    0.113817    0.119296    0.114565    0.100454    0.079297   0.0545919   0.0304739   0.0111077           0
          0           0           0           0           0           0           0           0           0           0           0           0           0           0           0           0
