           0            0            0            0            0            0            0            0            0            0            0            0            0            0            0            0
           0  -0.00736516   -0.0067865  -0.00392925  0.000291484   0.00492729   0.00908153    0.0120153    0.0132437    0.0126027    0.0102716   0.00674924   0.00278605 -0.000714036  -0.00280004            0
           0  -0.00801484   0.00377192    0.0240942     0.049252    0.0750045    0.0971662     0.112214     0.117805     0.113127    0.0990172     0.077843    0.0531478    0.0291309    0.0100326            0
           0  -0.00725707    0.0215988    0.0678711     0.123856     0.180562     0.229047     0.261754     0.273646     0.262969     0.231514     0.184354     0.129078    0.0746572    0.0300928            0
           0  -0.00569227    0.0434442     0.120283     0.212449      0.30542     0.384707     0.438053     0.457281     0.439536     0.387723     0.310067     0.218878     0.128689    0.0540662            0
           0  -0.00382911    0.0656675     0.173071     0.301356     0.430494     0.540482     0.614386     0.640905     0.616091     0.543954     0.435859      0.30881     0.182879    0.0781778            0
           0   -0.0020986    0.0847097     0.218043     0.376938     0.536707     0.672688     0.763991     0.796672     0.765859     0.676498     0.542609     0.385166     0.228929    0.0987023            0
           0 -0.000835652    0.0975881     0.248281     0.427649     0.607895     0.761246      0.86417     0.900961     0.866133     0.765253     0.614113      0.43634     0.259823     0.112501            0
           0 -0.000252263     0.102324     0.259176     0.445787     0.633265     0.792741      0.89976     0.937995     0.901742     0.796789      0.63955     0.454585     0.270882     0.117484            0
           0 -0.000416175    0.0982317     0.249124      0.42866     0.609039      0.76248     0.865452     0.902246     0.867373     0.766404     0.615133     0.437191     0.260473     0.112925            0
           0  -0.00124251    0.0860224     0.219761     0.378998     0.539035     0.675202     0.766602     0.799287     0.768386     0.678845     0.544689     0.386902     0.230255    0.0995672            0
           0  -0.00250063    0.0677014     0.175729     0.304541     0.434091     0.544366     0.618421     0.644948     0.619997     0.547582     0.439077     0.311497     0.184935    0.0795195            0
           0  -0.00383331    0.0462823     0.123983     0.216874     0.310415       0.3901     0.443657     0.462899     0.444966     0.392769     0.314545     0.222622     0.131556    0.0559418            0
           0  -0.00477937    0.0253611    0.0727541      0.12968     0.187131      0.23614     0.269129     0.281043     0.270123     0.238165      0.19026     0.134024    0.0784547    0.0325867            0
           0  -0.00478146   0.00862665     0.030344    0.0566785    0.0833727     0.106208     0.121625     0.127253     0.122269      0.10752     0.085398    0.0594846    0.0340177    0.0132675            0
           0            0            0            0            0            0            0            0            0            0            0            0            0            0            0            0
