          0           0           0           0           0           0           0           0           0           0           0           0           0           0           0           0
          0 -0.00802574 -0.00776794 -0.00515296 -0.00109721  0.00343945  0.00754552   0.0104684   0.0117141   0.0111154  0.00885536  0.00544233  0.00163993 -0.00163529 -0.00342628           0
          0 -0.00928226  0.00168331   0.0211919   0.0455936   0.0706983   0.0923689    0.107122    0.112643    0.108128    0.094408   0.0738223    0.049875   0.0267156  0.00852913           0
          0 -0.00925658   0.0181135   0.0627784    0.117161    0.172419    0.219757    0.251743    0.263427    0.253083    0.222477    0.176597     0.12291   0.0702383   0.0274344           0
          0 -0.00847731   0.0384272    0.112751    0.202337    0.292926    0.370297     0.42242    0.441273    0.424058    0.373626    0.298053    0.209425     0.12201   0.0501157           0
          0 -0.00736186   0.0591752    0.163171    0.287908    0.413736    0.521042    0.593221    0.619198    0.595105    0.524878    0.419662    0.296136    0.173992   0.0729691           0
          0  -0.0062471   0.0769939    0.206169      0.3607    0.516378    0.649029    0.738181    0.770177    0.740247    0.653241    0.522902    0.369792    0.218193   0.0924432           0
          0 -0.00538684   0.0890678    0.235105    0.409567      0.5852    0.734788    0.835278     0.87129     0.83745    0.739221    0.592077    0.419177    0.247863    0.105547           0
          0 -0.00493832   0.0935308    0.245556    0.427071    0.609754    0.765317    0.869802    0.907223    0.871995    0.769796    0.616709    0.436804    0.258501    0.110292           0
          0 -0.00494954   0.0897379    0.235981    0.410616    0.586384    0.736063    0.836601    0.872613    0.838728    0.740407    0.593129    0.420055    0.248534    0.105985           0
          0 -0.00535396   0.0783613    0.207955    0.362838    0.518788    0.651625    0.740874    0.772872    0.742849    0.655657    0.525045    0.371583    0.219562   0.0933365           0
          0 -0.00597406   0.0612964    0.165937    0.291213    0.417459    0.525053     0.59738    0.623361    0.599125    0.528613    0.422977    0.298908    0.176114   0.0743557           0
          0 -0.00653147   0.0413921    0.116605    0.206932    0.298096    0.375863    0.428192    0.447052    0.429641    0.378816    0.302665    0.213287    0.124973   0.0520561           0
          0 -0.00665567   0.0220537   0.0678745    0.123215    0.179219    0.227073     0.25933    0.271025     0.26043    0.229313    0.182679    0.128014   0.0741669   0.0300188           0
          0 -0.00587493  0.00678576   0.0277316    0.053323   0.0793611    0.101686    0.116787    0.122329      0.1175    0.103137   0.0815993   0.0564211   0.0317815   0.0118904           0
          0           0           0           0           0           0           0           0           0           0           0           0           0           0           0           0
