           0            0            0            0            0            0            0            0            0            0            0            0            0            0            0            0
           0  -0.00642608   -0.0054324  -0.00228575   0.00210955   0.00682948    0.0110058    0.0139247    0.0151185    0.0144284    0.0120273   0.00839637   0.00426159  0.000501274  -0.00195098            0
           0    -0.006273   0.00647479     0.027664    0.0535657    0.0799141     0.102502     0.117787     0.123415     0.118569     0.104088    0.0823506    0.0569178    0.0320126    0.0119065            0
           0  -0.00456179    0.0259591    0.0738842     0.131419     0.189467     0.238979     0.272308     0.284357     0.273347      0.24109     0.192714       0.1359    0.0797198    0.0332847            0
           0  -0.00198124    0.0495995      0.12898     0.223624     0.318804     0.399825     0.454249     0.473779     0.455515       0.4024     0.322776     0.229126     0.136185    0.0587179            0
           0  0.000845162    0.0735402     0.184357     0.316034      0.44824     0.560666     0.636104     0.663073     0.637558     0.563626     0.452819     0.322399      0.19274    0.0842435            0
           0   0.00336703    0.0940009     0.231476     0.394531     0.558095     0.697107      0.79033     0.823588     0.791921     0.700352     0.563124     0.401546     0.240762     0.105945            0
           0   0.00514625     0.107808     0.263125     0.447163     0.631687     0.788464     0.893567      0.93102     0.895237     0.791873     0.636979     0.454563     0.272958     0.120519            0
           0   0.00590099     0.112855     0.274497     0.465954     0.657877     0.820918     0.930207     0.969134     0.931891      0.82436     0.663223      0.47344     0.284461     0.125766            0
           0   0.00553828     0.108411     0.263916     0.448115     0.632766     0.789633     0.894783     0.932241     0.896416     0.792968     0.637949     0.455372     0.273574      0.12092            0
           0   0.00416622    0.0952289     0.233088      0.39647     0.560293     0.699488     0.792809     0.826075     0.794325     0.702584       0.5651     0.403194      0.24202     0.106764            0
           0   0.00208295    0.0754399     0.186848     0.319029     0.451637     0.564345     0.639937      0.66692     0.641277      0.56708     0.455878      0.32495     0.194688    0.0855133            0
           0 -0.000254335    0.0522437     0.132442     0.227783      0.32352     0.404938     0.459579     0.479132     0.460692     0.407207     0.327035     0.232678     0.138899    0.0604904            0
           0  -0.00226986    0.0294514    0.0784399     0.136885     0.195669     0.245711     0.279334     0.291419     0.280179     0.247434     0.198333     0.140589    0.0833085    0.0356356            0
           0   -0.0032994    0.0109572    0.0334727    0.0605226    0.0878144     0.111095     0.126773      0.13246     0.127322     0.112212    0.0895406    0.0629183    0.0366168     0.014944            0
           0            0            0            0            0            0            0            0            0            0            0            0            0            0            0            0
