           0            0            0            0            0            0            0            0            0            0            0            0            0            0            0            0
           0  -0.00700955  -0.00626878  -0.00329533  0.000998721   0.00567321   0.00984139    0.0127732    0.0139897    0.0133288    0.0109674   0.00739832    0.0033633 -0.000242473  -0.00247356            0
           0  -0.00734801   0.00482753     0.025513    0.0509923    0.0770097    0.0993655     0.114525     0.120138     0.115388     0.101116    0.0796955    0.0546818    0.0302886     0.010774            0
           0  -0.00621866    0.0233216     0.070296     0.126955     0.184256     0.233203     0.266193     0.278162     0.267341     0.235534     0.187841     0.131896    0.0767212    0.0313722            0
           0  -0.00425703    0.0458929     0.123818     0.217067     0.311015     0.391079     0.444913     0.464283     0.446313     0.393927     0.315406     0.223143     0.131768    0.0559439            0
           0  -0.00201708    0.0688123     0.177681      0.30745     0.437946     0.549023     0.623619     0.650347     0.625228     0.552301     0.443012     0.314489     0.186948    0.0806362            0
           0  2.32444e-05    0.0884304     0.223545     0.384261     0.545712     0.683046     0.775212     0.808159     0.776975     0.686641     0.551282     0.392029     0.233823     0.101644            0
           0   0.00148848     0.101686      0.25437     0.435784     0.617926     0.772805     0.876709     0.913805      0.87856     0.776585     0.623791     0.443985     0.265263     0.115762            0
           0   0.00213922     0.106549     0.265465     0.454199     0.643646     0.804714     0.912753     0.951306     0.914621     0.808531     0.649575     0.462499     0.276509     0.120855            0
           0   0.00189782     0.102315     0.255194     0.436774     0.619046     0.774016     0.877967     0.915066     0.879779     0.777716     0.624793     0.444821     0.265901     0.116178            0
           0  0.000858307    0.0897118     0.225224     0.386277     0.547992     0.685511     0.777776     0.810728     0.779457     0.688946     0.553324     0.393733     0.235125     0.102493            0
           0 -0.000722159    0.0707966     0.180278     0.310565      0.44147     0.552833      0.62758     0.654319     0.629067     0.555866     0.446172     0.317127     0.188964    0.0819516            0
           0  -0.00244704    0.0486592     0.127431     0.221394     0.315908      0.39637     0.450417     0.469804     0.451652     0.398887     0.319804     0.226817      0.13458    0.0577819            0
           0  -0.00381002    0.0269838     0.075058     0.132648     0.190691     0.240165     0.273442     0.285438      0.27438     0.242074     0.193643     0.136748    0.0804424    0.0338138            0
           0   -0.0042115   0.00954371    0.0315993    0.0582458    0.0852067     0.108244     0.123783     0.129441     0.124391     0.109482    0.0871182    0.0608959    0.0350718    0.0139362            0
           0            0            0            0            0            0            0            0            0            0            0            0            0            0            0            0
