           0            0            0            0            0            0            0            0            0            0            0            0            0            0            0            0
           0  -0.00458284  -0.00284591   0.00077851   0.00542133    0.0102174    0.0143635    0.0172029    0.0183067    0.0175297    0.0150313    0.0112548    0.0068712   0.00269909 -0.000375248            0
           0  -0.00302961    0.0111404    0.0333909    0.0600248    0.0868281      0.10965     0.124998     0.130552     0.125503     0.110683    0.0884325    0.0622667    0.0363555    0.0149287            0
           0  0.000284168    0.0330247    0.0827364     0.141645     0.200681     0.250824     0.284449     0.296471     0.285117     0.252192     0.202809     0.144621    0.0866747    0.0380568            0
           0    0.0045369    0.0591773     0.141128     0.237858     0.334634     0.416748     0.471746     0.491318     0.472559     0.418411     0.337224      0.24149     0.145951    0.0653699            0
           0   0.00892815    0.0854717     0.199603     0.334054     0.468451     0.582425     0.658717     0.685802     0.659647     0.584331     0.471424     0.338236     0.205182    0.0926841            0
           0    0.0127224     0.107847     0.249248     0.415644     0.581893     0.722838     0.817151     0.850589     0.818167     0.724922     0.585151     0.420238     0.255402     0.115855            0
           0    0.0153212     0.122888     0.282525     0.470275     0.657808     0.816771      0.92312     0.960799     0.924185     0.818957      0.66123     0.475111     0.289025     0.131384            0
           0    0.0163345     0.128323     0.294413     0.489701      0.68474     0.850052     0.960641      0.99981     0.961714     0.852257     0.688194     0.494588     0.300991     0.136941            0
           0     0.015631     0.123365     0.283156     0.471039      0.65868     0.817721     0.924115       0.9618     0.925155     0.819857     0.662027     0.475775     0.289531     0.131714            0
           0    0.0133558     0.108824     0.250538     0.417207     0.583678     0.724785     0.819189     0.852642     0.820155     0.726768     0.586785     0.421598     0.256438     0.116529            0
           0   0.00991301    0.0869899     0.201608     0.336485     0.471231     0.585461     0.661899     0.689008     0.662753     0.587215     0.473975     0.340357     0.206797    0.0937354            0
           0   0.00591605    0.0613005     0.143931     0.241261     0.338532     0.421013     0.476224     0.495836     0.476935     0.422471     0.340811      0.24447     0.148219    0.0668469            0
           0    0.0021183     0.035838     0.086446     0.146154     0.205863     0.256512     0.290436     0.302519     0.290977     0.257622     0.207595      0.14859    0.0896937    0.0400266            0
           0 -0.000652807    0.0147503    0.0381344    0.0658027       0.0935      0.11701     0.132775     0.138422     0.133126     0.117731    0.0946255    0.0673853    0.0402453    0.0174796            0
           0            0            0            0            0            0            0            0            0            0            0            0            0            0            0            0
