           0            0            0            0            0            0            0            0            0            0            0            0            0            0            0            0
           0  -0.00399218  -0.00198856    0.0018274   0.00658884    0.0114412    0.0155961    0.0184119     0.019471    0.0186346    0.0160622    0.0121915   0.00768482   0.00335142  7.13078e-05            0
           0  -0.00208234    0.0125074    0.0350563     0.061873    0.0887617     0.111595     0.126905     0.132389     0.127248     0.112313    0.0899186    0.0635628    0.0374008    0.0156503            0
           0   0.00157677     0.034873    0.0849727     0.144113     0.203252     0.253402      0.28697     0.298897     0.287424     0.254354     0.204787     0.146358    0.0880882    0.0390447            0
           0   0.00614271    0.0614513     0.143859     0.240852     0.337735     0.419842     0.474763     0.494217     0.475316     0.421003     0.339609     0.243599     0.147684    0.0665972            0
           0    0.0107933    0.0880897     0.202724     0.337453     0.471949     0.585898      0.66209     0.689036     0.662725     0.587233     0.474109     0.340628     0.207166    0.0941061            0
           0    0.0147738     0.110705     0.252632     0.419308     0.585642     0.726541     0.820732     0.854017     0.821429     0.728006     0.588018     0.422811     0.257554     0.117413            0
           0    0.0174709     0.125866     0.286033     0.474053     0.661655     0.820552     0.926764     0.964279     0.927498     0.822094      0.66416     0.477755     0.291251     0.133008            0
           0    0.0184865     0.131294     0.297898      0.49344     0.688532     0.853765     0.964207      1.00321     0.964949     0.855325     0.691068     0.497192     0.303194     0.138557            0
           0    0.0176881       0.1262     0.286475      0.47459     0.662271     0.821227     0.927474     0.964996     0.928194     0.822742     0.664734     0.478233     0.291616     0.133247            0
           0    0.0152281     0.111404     0.253557     0.420433     0.586935     0.727958     0.822223     0.855523     0.822893     0.729367     0.589224     0.423815      0.25832     0.117914            0
           0     0.011525    0.0892158     0.204215     0.339269     0.474038     0.588193     0.664506     0.691481     0.665099      0.58944     0.476062     0.342253     0.208405    0.0949153            0
           0    0.0072122    0.0630962     0.146037     0.243511       0.3408     0.423217     0.478324     0.497824     0.478819     0.424255     0.342482     0.245986     0.149501    0.0677841            0
           0   0.00306637    0.0371565    0.0879947     0.147809      0.20753      0.25813     0.291974     0.303972     0.292351     0.258921     0.208811     0.149691    0.0906225     0.040702            0
           0 -6.25069e-05    0.0155729    0.0391012    0.0668351    0.0945376     0.118014     0.133726     0.139319     0.133973     0.118531    0.0953737    0.0680626    0.0408159    0.0178932            0
           0            0            0            0            0            0            0            0            0            0            0            0            0            0            0            0
