           0            0            0            0            0            0            0            0            0            0            0            0            0            0            0            0
           0  -0.00655406  -0.00561459  -0.00250425   0.00187069    0.0065824    0.0107584     0.013681    0.0148801    0.0141961    0.0118027   0.00818393   0.00406928  0.000341039  -0.00206434            0
           0  -0.00650694   0.00612171    0.0272094    0.0530287    0.0793145      0.10186     0.117123      0.12275     0.117922     0.103482    0.0818056    0.0564546    0.0316515    0.0116663            0
           0  -0.00492064     0.025399    0.0731351       0.1305     0.188406     0.237814     0.271081     0.283116     0.272144     0.239972     0.191728     0.135082    0.0790999    0.0328834            0
           0   -0.0024727    0.0488168      0.12791     0.222285     0.317231     0.398073     0.452388      0.47189     0.453684     0.400708     0.321295     0.227912     0.135278    0.0581394            0
           0  0.000228168    0.0725453     0.182979     0.314289     0.446171     0.558343     0.633625     0.660551     0.635112     0.561373     0.450856     0.320801     0.191556    0.0834938            0
           0   0.00264703    0.0928311     0.229843     0.392448     0.555612     0.694308     0.787335     0.820537     0.788963      0.69763     0.560759     0.399628     0.239347     0.105053            0
           0   0.00435914     0.106524     0.261325     0.444859     0.628931     0.785351     0.890231      0.92762      0.89194     0.788842     0.634348     0.452434      0.27139     0.119533            0
           0    0.0050917     0.111533     0.272641     0.463575     0.655028     0.817699     0.926754     0.965614     0.928479     0.821222     0.660502     0.471239     0.282842     0.124749            0
           0   0.00475502     0.107133     0.262124     0.445819     0.630019      0.78653     0.891457     0.928849     0.893129     0.789945     0.635325     0.453249     0.272011     0.119938            0
           0   0.00345422     0.094071      0.23147     0.394405     0.557828     0.696708     0.789833     0.823042     0.791385     0.699878      0.56275     0.401288     0.240614     0.105879            0
           0   0.00147869    0.0744639     0.185494     0.317311     0.449596     0.562052     0.637487     0.664426     0.638859     0.564851     0.453937     0.323372     0.193519    0.0847738            0
           0 -0.000727301    0.0514882     0.131405     0.226481     0.321987     0.403226     0.457757     0.477281     0.458897     0.405549     0.325585     0.231492     0.138014    0.0599265            0
           0  -0.00260277    0.0289291    0.0777369     0.136018     0.194661     0.244597     0.278157     0.290227     0.279023     0.246361     0.197388     0.139807    0.0827183    0.0352547            0
           0  -0.00349721     0.010656    0.0330799    0.0600519    0.0872815     0.110517     0.126171     0.131853     0.126732     0.111661    0.0890482    0.0625032    0.0362959    0.0147317            0
           0            0            0            0            0            0            0            0            0            0            0            0            0            0            0            0
