           0            0            0            0            0            0            0            0            0            0            0            0            0            0            0            0
           0  -0.00728752   -0.0066729  -0.00378953  0.000448046   0.00509308   0.00925101    0.0121847    0.0134108    0.0127652    0.0104271   0.00689386    0.0029142  -0.00060978  -0.00272819            0
           0  -0.00786843   0.00400606    0.0244116    0.0496442     0.075459    0.0976669     0.112741     0.118338     0.113643    0.0994959    0.0782641    0.0534949    0.0293912    0.0101981            0
           0  -0.00702833    0.0219832    0.0684175      0.12456     0.181406         0.23     0.262774     0.274685     0.263974     0.232437     0.185152     0.129721    0.0751247    0.0303802            0
           0   -0.0053755    0.0439923     0.121082     0.213502     0.306702     0.386173     0.439634     0.458896     0.441099     0.389152     0.311293     0.219853     0.129389    0.0544895            0
           0   -0.0034287    0.0663728     0.174116     0.302748     0.432205      0.54245     0.616518     0.643087     0.618202     0.545879     0.437505     0.310111     0.183806     0.078733            0
           0  -0.00162939    0.0855452     0.219292     0.378613     0.538777     0.675077     0.766584     0.799328     0.768429      0.67884     0.544606      0.38674     0.230045    0.0993676            0
           0 -0.000321506     0.098509     0.249664      0.42951     0.610202     0.763913     0.867069     0.903933     0.869007      0.76787     0.616343     0.438094     0.261064     0.113239            0
           0  0.000276868     0.103274     0.260605     0.447712     0.635653     0.795505     0.902764     0.941076     0.904721     0.799502     0.641861     0.456401     0.272166     0.118247            0
           0  9.57868e-05    0.0991494     0.250503     0.430517     0.611341     0.765143     0.868346     0.905213     0.870243     0.769018      0.61736     0.438943     0.261711     0.113661            0
           0 -0.000777835    0.0868511     0.221001     0.380663     0.541095     0.677581     0.769185     0.801934     0.770946     0.681177     0.546678     0.388469     0.231366     0.100229            0
           0  -0.00210746    0.0683961     0.176761     0.305918     0.435786     0.546318     0.620537     0.647114     0.622093     0.549494      0.44071     0.312788     0.185853    0.0800691            0
           0  -0.00352712    0.0468149     0.124764     0.217906     0.311675     0.391544     0.445217     0.464493      0.44651     0.394179     0.315754     0.223582     0.132244     0.056357            0
           0  -0.00456556    0.0257238    0.0732743     0.130356     0.187946     0.237065     0.270122     0.282056     0.271104     0.239064     0.191036     0.134646    0.0789058    0.0328629            0
           0  -0.00465603   0.00883082    0.0306262    0.0570335    0.0837906     0.106674      0.12212     0.127755     0.122756      0.10797    0.0857909    0.0598055    0.0342558    0.0134174            0
           0            0            0            0            0            0            0            0            0            0            0            0            0            0            0            0
