          0           0           0           0           0           0           0           0           0           0           0           0           0           0           0           0
          0 -0.00672224 -0.00585506 -0.00279381  0.00155285  0.00625231   0.0104266   0.0133534   0.0145592   0.0138835   0.0115011  0.00789942  0.00381267 0.000128076 -0.00221435           0
          0  -0.0068159  0.00565091   0.0265977   0.0523003   0.0784955    0.100978    0.116208    0.121831     0.11703    0.102648   0.0810584   0.0558234   0.0311628   0.0113438           0
          0   -0.005396   0.0246477   0.0721193    0.129243    0.186945    0.236198    0.269374    0.281388    0.270468     0.23842    0.190363    0.133957   0.0782538    0.032341           0
          0 -0.00312494    0.047763    0.126453    0.220443    0.315052    0.395632    0.449787    0.469247    0.451122    0.398346    0.319236    0.226236    0.134035   0.0573543           0
          0 -0.00059161   0.0712029    0.181096    0.311881    0.443295    0.555099    0.630152    0.657013    0.631684     0.55822     0.44812    0.318588    0.189928   0.0824741           0
          0  0.00168971   0.0912506    0.227609    0.389571    0.552155    0.690394    0.783133    0.816251    0.784811    0.693816    0.557458    0.396967    0.237398    0.103838           0
          0  0.00331216    0.104788     0.25886    0.441672    0.625091    0.780994    0.885547     0.92284    0.887309    0.784591    0.630674    0.449478     0.26923     0.11819           0
          0  0.00401505    0.109745    0.270099    0.460284    0.651059    0.813191    0.921906    0.960665    0.923684    0.816822      0.6567    0.468182     0.28061    0.123363           0
          0  0.00371307    0.105404    0.259668    0.442643    0.626192    0.782184    0.886785    0.924081    0.888508    0.785704    0.631661    0.450301    0.269857    0.118599           0
          0  0.00250731    0.092506    0.229255    0.391549    0.554396    0.692818    0.785655     0.81878    0.787255    0.696085    0.559468    0.398644    0.238678    0.104672           0
          0 0.000675478    0.073146    0.183642    0.314938    0.446757    0.558846    0.634051    0.660925    0.635465    0.561731    0.451231    0.321184    0.191911   0.0837674           0
          0 -0.00135546   0.0504699    0.129991    0.224688    0.319859    0.400837    0.455208    0.474687    0.456382    0.403232    0.323567    0.229851      0.1368   0.0591605           0
          0 -0.00304433    0.028227   0.0767808    0.134826    0.193266    0.243048    0.276515    0.288561    0.277407    0.244866    0.196077     0.13873   0.0819108   0.0347386           0
          0 -0.00375902   0.0102529   0.0325487   0.0594095   0.0865487    0.109719    0.125335     0.13101    0.125913    0.110897   0.0883689   0.0619342   0.0358593   0.0144454           0
          0           0           0           0           0           0           0           0           0           0           0           0           0           0           0           0
