           0            0            0            0            0            0            0            0            0            0            0            0            0            0            0            0
           0  -0.00612136  -0.00500122  -0.00177162   0.00266839   0.00740434    0.0115786    0.0144867    0.0156672    0.0149634    0.0125456   0.00888887   0.00470974  0.000876809   -0.0016837            0
           0  -0.00571994   0.00729822    0.0287106    0.0547872    0.0812638     0.103935     0.119261     0.124889         0.12     0.105436    0.0835706    0.0579637    0.0328367    0.0124616            0
           0  -0.00371709    0.0272541    0.0755884      0.13348     0.191819     0.241543     0.274994     0.287065     0.275976     0.243539     0.194891     0.137721    0.0811172    0.0342021            0
           0 -0.000827469    0.0513998     0.131398     0.226606     0.322266      0.40365     0.458292     0.477874     0.459488     0.406084     0.326021     0.231809     0.138215     0.060033            0
           0    0.0022912     0.075821     0.187457     0.319902     0.452776     0.565715     0.641467     0.668518     0.642839     0.568511     0.457101     0.325916     0.195381    0.0859418            0
           0   0.00505274    0.0966771      0.23514     0.399134     0.563523     0.703175     0.796794     0.830158     0.798295     0.706238      0.56827     0.405758     0.243911     0.107961            0
           0   0.00698804     0.110743     0.267158     0.452248     0.637701     0.795203     0.900756     0.938334     0.902331      0.79842     0.642695     0.459233     0.276441     0.122744            0
           0   0.00779422     0.115875     0.278654     0.471201     0.664089     0.827885     0.937642       0.9767     0.939231     0.831131     0.669133     0.478265     0.288057     0.128062            0
           0   0.00737069     0.111331     0.267932     0.453179     0.638758     0.796349     0.901949     0.939532     0.903489     0.799495     0.643647     0.460026     0.277045     0.123138            0
           0   0.00583255    0.0978762     0.236715     0.401031     0.565676      0.70551     0.799226       0.8326     0.800655     0.708429      0.57021     0.407375     0.245145     0.108764            0
           0   0.00349817     0.077675     0.189891     0.322833     0.456103     0.569323     0.645229     0.672295     0.646492     0.571902     0.460104     0.328419     0.197292    0.0871864            0
           0  0.000854756    0.0539781     0.134778     0.230673     0.326885     0.408665     0.463525     0.483132     0.464575     0.410806     0.330202     0.235294     0.140876    0.0617695            0
           0   -0.0014877    0.0306551    0.0800328     0.138824     0.197893     0.248148     0.281896     0.294008     0.282694     0.249774     0.200409     0.142321    0.0846333    0.0365036            0
           0  -0.00283326    0.0116556      0.03437    0.0615836     0.089002      0.11237     0.128096     0.133788     0.128614     0.113424    0.0906318     0.063847    0.0373434    0.0154312            0
           0            0            0            0            0            0            0            0            0            0            0            0            0            0            0            0
