           0            0            0            0            0            0            0            0            0            0            0            0            0            0            0            0
           0  -0.00659637  -0.00567498  -0.00257683   0.00179116   0.00649995    0.0106756    0.0135994    0.0148002    0.0141182    0.0117275   0.00811294   0.00400515  0.000287722  -0.00210196            0
           0   -0.0065845   0.00600401    0.0270571    0.0528479    0.0791119     0.101642     0.116897     0.122523     0.117703     0.103276     0.081621    0.0562983    0.0315301    0.0115859            0
           0  -0.00503982    0.0252116     0.072883     0.130189     0.188046     0.237416     0.270662     0.282692     0.271732     0.239591     0.191392     0.134804    0.0788904    0.0327486            0
           0   -0.0026361    0.0485544     0.127549      0.22183     0.316695     0.397474     0.451751     0.471243     0.453056     0.400129     0.320789     0.227499     0.134971    0.0579445            0
           0  2.29025e-05    0.0722113     0.182513     0.313695     0.445464     0.557548     0.632775     0.659685     0.634273       0.5606     0.450184     0.320256     0.191154     0.083241            0
           0    0.0024074    0.0924382     0.229291      0.39174     0.554763     0.693349     0.786307     0.819488     0.787948     0.696696     0.559949     0.398974     0.238866     0.104752            0
           0   0.00409711     0.106093     0.260716     0.444074     0.627988     0.784284     0.889085     0.926451     0.890808     0.787801     0.633448     0.451708     0.270857     0.119201            0
           0   0.00482226     0.111089     0.272013     0.462765     0.654054     0.816595     0.925568     0.964404     0.927307     0.820146      0.65957     0.470488     0.282291     0.124406            0
           0   0.00449426     0.106703     0.261517     0.445038      0.62908     0.785465     0.890314     0.927684     0.891999     0.788907     0.634427     0.452525      0.27148     0.119607            0
           0   0.00321722     0.093682     0.230922     0.393702     0.556986     0.695755     0.788811        0.822     0.790375      0.69895     0.561945     0.400638     0.240137      0.10558            0
           0   0.00127761    0.0741361     0.185036     0.316726     0.448899     0.561266     0.636646      0.66357     0.638028     0.564087     0.453274     0.322834     0.193122    0.0845244            0
           0 -0.000884614    0.0512348     0.131055     0.226039     0.321464      0.40264     0.457133     0.476646     0.458281     0.404981      0.32509     0.231088     0.137714    0.0597365            0
           0  -0.00271342    0.0287542    0.0774999     0.135723     0.194317     0.244217     0.277754     0.289819     0.278626     0.245994     0.197066     0.139542    0.0825186    0.0351265            0
           0  -0.00356287    0.0105554    0.0329479    0.0598929    0.0871007     0.110321     0.125965     0.131646     0.126531     0.111473    0.0888808    0.0623626    0.0361877    0.0146604            0
           0            0            0            0            0            0            0            0            0            0            0            0            0            0            0            0
