           0            0            0            0            0            0            0            0            0            0            0            0            0            0            0            0
           0  -0.00781342  -0.00744934  -0.00475227 -0.000638894   0.00393399    0.0080591    0.0109878    0.0122288    0.0116156   0.00933032   0.00587855    0.0020201  -0.00133196  -0.00322184            0
           0   -0.0088703   0.00237502    0.0221673    0.0468374    0.0721752    0.0940245     0.108886     0.114434     0.109862    0.0960029    0.0752071    0.0509946    0.0275342   0.00903256            0
           0  -0.00860264    0.0192792    0.0645092     0.119463     0.175241     0.222994     0.255242     0.267004     0.256542     0.225632     0.179295     0.125042     0.071752    0.0283338            0
           0  -0.00756316    0.0401145     0.115325     0.205832     0.297277      0.37534     0.427907     0.446898     0.429494     0.378567     0.302249     0.212708      0.12431    0.0514593            0
           0  -0.00619976    0.0613658     0.166566     0.292571     0.419587     0.527861     0.600665     0.626841     0.602491     0.531579     0.425332     0.300548     0.177061    0.0747457            0
           0  -0.00488067    0.0796023     0.210249      0.36634     0.523487     0.657339     0.747269     0.779516     0.749272     0.661421      0.52981     0.375153     0.221906    0.0945817            0
           0  -0.00388668    0.0919512     0.239637     0.415853     0.593143     0.744088     0.845458     0.881755     0.847563     0.748383     0.599808     0.425166     0.252003     0.107925            0
           0  -0.00339325    0.0965077     0.250243      0.43358     0.617985     0.774959      0.88036     0.918079     0.882485     0.779299     0.624724     0.443011     0.262788     0.112752            0
           0  -0.00345495     0.092613     0.240503      0.41689     0.594315     0.745351     0.846769     0.883067     0.848829     0.749559      0.60085     0.426036     0.252668     0.108359            0
           0  -0.00399911    0.0809527     0.212014     0.368453     0.525872      0.65991     0.749937     0.782187     0.751851     0.663816     0.531934     0.376927     0.223262    0.0954663            0
           0  -0.00483055    0.0634597     0.169299     0.295838     0.423272     0.531833     0.604786     0.630966     0.606476     0.535282     0.428618     0.303295     0.179163    0.0761186            0
           0   -0.0056446    0.0430397     0.119132     0.210375     0.302393     0.380853     0.433627     0.452627     0.435031     0.383714      0.30682     0.216533     0.127244    0.0533797            0
           0  -0.00604052    0.0231636    0.0695387     0.125445     0.181969     0.230242     0.262765     0.274541      0.26383     0.232412     0.185322     0.130097    0.0756401    0.0308902            0
           0  -0.00551793   0.00739938    0.0286161    0.0544724    0.0807471     0.103257     0.118474     0.124049     0.119165     0.104663    0.0829166    0.0574763    0.0325446    0.0123545            0
           0            0            0            0            0            0            0            0            0            0            0            0            0            0            0            0
