          0           0           0           0           0           0           0           0           0           0           0           0           0           0           0           0
          0 -0.00680525  -0.0059742  -0.0029378  0.00139423  0.00608702     0.01026   0.0131885   0.0143975   0.0137259   0.0113494  0.00775664   0.0036843 2.19115e-05 -0.00228885           0
          0 -0.00696907  0.00541555   0.0262896   0.0519308   0.0780778    0.100526    0.115737    0.121358    0.116572    0.102219   0.0806761   0.0555019   0.0309155   0.0111817           0
          0 -0.00563229   0.0242702   0.0716042    0.128601    0.186193    0.235364     0.26849    0.280492    0.269599    0.237617     0.18966     0.13338   0.0778226   0.0320667           0
          0 -0.00344967    0.047232    0.125711    0.219498    0.313927    0.394368    0.448436    0.467872     0.44979     0.39712    0.318171    0.225373    0.133399    0.056956           0
          0 -0.00100015   0.0705251    0.180136    0.310643    0.441807    0.553414    0.628344     0.65517    0.629899    0.556581    0.446702    0.317446    0.189093   0.0819558           0
          0  0.00121235   0.0904518    0.226467    0.388089    0.550365    0.688359    0.780943    0.814015    0.782645    0.691831    0.555745    0.395592    0.236398     0.10322           0
          0  0.00278991     0.10391      0.2576     0.44003    0.623102    0.778727    0.883104    0.920345    0.884892    0.782377    0.628766     0.44795     0.26812    0.117507           0
          0  0.00347793    0.108841    0.268798    0.458587    0.649001    0.810845    0.919377    0.958081    0.921181     0.81453    0.654725    0.466601    0.279463    0.122656           0
          0  0.00319328     0.10453    0.258413    0.441007    0.624208    0.779923    0.884349    0.921592    0.886097    0.783495    0.629757    0.448776    0.268751    0.117918           0
          0  0.00203503   0.0917148    0.228123    0.390078    0.552617    0.690795    0.783477    0.816556    0.785101     0.69411    0.557765    0.397277    0.237684    0.104058           0
          0 0.000275045   0.0724802    0.182697    0.313717    0.445287     0.55718    0.632262    0.659099    0.633696    0.560108    0.449828    0.320054    0.191086   0.0832556           0
          0  -0.0016684   0.0499562    0.129271    0.223767    0.318759    0.399598    0.453881    0.473336    0.455073    0.402028    0.322522    0.229005    0.136178   0.0587714           0
          0 -0.00326406   0.0278736    0.076295    0.134216    0.192548    0.242247    0.275663    0.287696    0.276568    0.244091    0.195399    0.138176   0.0814984   0.0344771           0
          0 -0.00388906   0.0100507     0.03228   0.0590821    0.086173    0.109307    0.124903    0.130573     0.12549    0.110503   0.0880195    0.061643   0.0356373    0.014301           0
          0           0           0           0           0           0           0           0           0           0           0           0           0           0           0           0
