           0            0            0            0            0            0            0            0            0            0            0            0            0            0            0            0
           0  -0.00508451  -0.00355336 -6.60169e-05   0.00450038   0.00926691    0.0134148    0.0162734    0.0174039    0.0166572    0.0141952    0.0104694   0.00616336    0.0021095 -0.000794724            0
           0  -0.00388113   0.00993766    0.0319444    0.0584289     0.085158     0.107959     0.123322     0.128912     0.123916     0.109168    0.0870209     0.061006    0.0353131     0.014189            0
           0 -0.000951089    0.0312846    0.0806383     0.139316     0.198226     0.248318     0.281947     0.294012     0.282734     0.249921     0.200699     0.142743    0.0851249    0.0369542            0
           0   0.00291285    0.0568976     0.138379     0.234798     0.331392     0.413424     0.468413     0.488033      0.46937     0.415373     0.334405     0.238984     0.143882    0.0638928            0
           0   0.00694818    0.0827016     0.196264     0.330332     0.464498     0.578361     0.654632     0.681767     0.655727     0.580595     0.467959     0.335155     0.202635    0.0908603            0
           0    0.0104587     0.104688     0.245443     0.411402     0.577383     0.718192     0.812474     0.845964      0.81367     0.720635     0.581174     0.416701     0.252475     0.113753            0
           0    0.0128797     0.119487     0.278432     0.465712     0.652954     0.811768      0.91808     0.955812     0.919334      0.81433     0.656936     0.471291     0.285859     0.129107            0
           0    0.0138434     0.124858     0.290245     0.485056       0.6798      0.84496      0.95551     0.994732     0.956773     0.847543     0.683817     0.490691      0.29776     0.134614            0
           0     0.013226     0.120021     0.279136     0.466562     0.653923     0.812821      0.91918     0.956918     0.920404     0.815323     0.657815     0.472022     0.286417     0.129469            0
           0    0.0111639     0.105775     0.246876     0.413134     0.579357      0.72034     0.814718      0.84822     0.815853     0.722661     0.582967     0.418194     0.253611     0.114492            0
           0   0.00803811    0.0843805     0.198477     0.333009     0.467551     0.581686     0.658108     0.685265     0.659112     0.583737     0.470738     0.337467     0.204396    0.0920061            0
           0   0.00442809     0.059228     0.141448     0.238513     0.335635     0.418052     0.473261     0.492915     0.474095     0.419756     0.338279     0.242205     0.146335    0.0654903            0
           0     0.001049    0.0343485    0.0846671     0.144196     0.203811     0.254429     0.288361      0.30048     0.288995     0.255724     0.205819     0.146995    0.0883631     0.039068            0
           0  -0.00130667    0.0138423     0.037057    0.0646276    0.0922817     0.115785     0.131565     0.137239     0.131977     0.116626    0.0935846    0.0664434     0.039454    0.0169071            0
           0            0            0            0            0            0            0            0            0            0            0            0            0            0            0            0
