           0            0            0            0            0            0            0            0            0            0            0            0            0            0            0            0
           0  -0.00716957  -0.00650093  -0.00357868  0.000683564   0.00534177   0.00950459    0.0124378      0.01366    0.0130078    0.0106594   0.00711041   0.00310659 -0.000452802  -0.00261965            0
           0  -0.00764689   0.00435779    0.0248855    0.0502267    0.0761313    0.0984052     0.113518     0.119122     0.114403     0.100201    0.0788858     0.054009    0.0297785    0.0104456            0
           0  -0.00668302    0.0225581    0.0692291     0.125599     0.182647     0.231398     0.264268     0.276205     0.265446      0.23379     0.186325     0.130667    0.0758165    0.0308081            0
           0  -0.00489796    0.0448103     0.122267     0.215052     0.308584     0.388318     0.441945     0.461256     0.443383     0.391241      0.31309     0.221287     0.130422     0.055118            0
           0  -0.00282558     0.067424     0.175662     0.304796     0.434713     0.545327      0.61963      0.64627     0.621282     0.548692     0.439913     0.312021     0.185172    0.0795564            0
           0 -0.000923013    0.0867893     0.221137     0.381074     0.541808     0.678568     0.770368     0.803203     0.772178     0.682259     0.547527     0.389049     0.231689     0.100353            0
           0  0.000452309    0.0998796     0.251707     0.432246      0.61358     0.767809     0.871297     0.908265     0.873199     0.771691     0.619604     0.440667     0.262891     0.114332            0
           0   0.00107314     0.104687     0.262715     0.450541     0.639149      0.79954     0.907146     0.945566     0.909066     0.803461     0.645238     0.459065     0.274056     0.119376            0
           0   0.00086625     0.100515      0.25254     0.433245      0.61471     0.769031     0.872566     0.909537     0.874427     0.772831     0.620614      0.44151     0.263535     0.114751            0
           0 -7.84042e-05    0.0880849     0.222834      0.38311     0.544111     0.681055     0.772953     0.805793      0.77468     0.684583     0.549587     0.390767     0.233002     0.101209            0
           0  -0.00151544    0.0694309     0.178286     0.307942      0.43827     0.549171     0.623625     0.650274     0.625152     0.552286       0.4431     0.314682     0.187206    0.0808838            0
           0  -0.00306577    0.0476092     0.125919     0.219424     0.313523     0.393656     0.447495     0.466821     0.448763      0.39624     0.317525     0.224993     0.133259    0.0569732            0
           0  -0.00424309    0.0262657     0.074046     0.131352     0.189142     0.238419     0.271575     0.283537     0.272538     0.240381     0.192174     0.135561    0.0795725    0.0332735            0
           0  -0.00446654   0.00913671     0.031046    0.0575589    0.0844064     0.107358     0.122846     0.128492      0.12347      0.10863     0.086369    0.0602791    0.0346089    0.0136409            0
           0            0            0            0            0            0            0            0            0            0            0            0            0            0            0            0
