           0            0            0            0            0            0            0            0            0            0            0            0            0            0            0            0
           0  -0.00774086  -0.00734118  -0.00461703 -0.000485024   0.00409923   0.00823003    0.0111602    0.0123993    0.0117814   0.00948809    0.0060239    0.0021473  -0.00122996  -0.00315269            0
           0  -0.00873057   0.00260671    0.0224908    0.0472468    0.0726585    0.0945641      0.10946     0.115016     0.110425    0.0965218    0.0756591    0.0513616    0.0278042   0.00919995            0
           0  -0.00838175    0.0196671     0.065079     0.120215     0.176158     0.224042     0.256373     0.268159     0.257659     0.226653     0.180169     0.125736    0.0722477    0.0286308            0
           0  -0.00725513    0.0406739      0.11617      0.20697     0.298686     0.376968     0.429675     0.448709     0.431246     0.380161     0.303606     0.213773     0.125061    0.0519014            0
           0  -0.00580875    0.0620905     0.167677     0.294086      0.42148      0.53006     0.603061     0.629299     0.604867     0.533738     0.427163     0.301978     0.178061    0.0753293            0
           0   -0.0044213    0.0804641     0.211583      0.36817     0.525784     0.660016     0.750193     0.782518     0.752173     0.664055     0.532039     0.376888     0.223115    0.0952833            0
           0  -0.00338261    0.0929032     0.241118     0.417891     0.595708     0.747082     0.848731     0.885117     0.850813     0.751331       0.6023     0.427104      0.25335     0.108705            0
           0  -0.00287419    0.0974903     0.251774      0.43569     0.620643     0.778064     0.883755     0.921566     0.885856     0.782356     0.627308     0.445018     0.264182     0.113559            0
           0  -0.00295281    0.0935622      0.24198     0.418925     0.596875     0.748341     0.850037     0.886425     0.852075     0.752503     0.603339     0.427971     0.254012     0.109137            0
           0  -0.00354378    0.0818085     0.213341     0.370275      0.52816     0.662579     0.752852      0.78518     0.754744     0.666442     0.534156     0.378656     0.224466    0.0961648            0
           0  -0.00444599    0.0641749     0.170399      0.29734      0.42515     0.534018     0.607169     0.633412     0.608841     0.537429     0.430438     0.304715     0.180155    0.0766972            0
           0  -0.00534604    0.0435853      0.11996     0.211494     0.303783     0.382463     0.435378     0.454421     0.436766     0.385292     0.308162     0.217586     0.127984    0.0538149            0
           0  -0.00583308    0.0235321    0.0700853     0.126172     0.182862     0.231266     0.263873     0.275675     0.264927     0.233413     0.186178     0.130774    0.0761217    0.0311774            0
           0  -0.00539721   0.00760403     0.028908    0.0548489    0.0811985     0.103767      0.11902     0.124605     0.119704     0.105158    0.0833445    0.0578207    0.0327952    0.0125082            0
           0            0            0            0            0            0            0            0            0            0            0            0            0            0            0            0
