           0            0            0            0            0            0            0            0            0            0            0            0            0            0            0            0
           0  -0.00543527  -0.00404149 -0.000639626   0.00388551   0.00864291    0.0128007    0.0156768    0.0168246    0.0160925    0.0136452    0.0099421   0.00567777    0.0016969  -0.00109315            0
           0  -0.00449469   0.00907079       0.0309    0.0572731    0.0839426     0.106722     0.122087     0.127695     0.122731     0.108031    0.0859575    0.0600547    0.0345261    0.0136308            0
           0   -0.0018649    0.0299846    0.0790502     0.137527     0.196306     0.246327     0.279931     0.292012     0.280786     0.248065     0.198984     0.141231    0.0838901    0.0360856            0
           0   0.00168575    0.0551463     0.136222     0.232341     0.328726     0.410629     0.465562      0.48519     0.466601     0.412744     0.331993     0.236872     0.142169    0.0626926            0
           0    0.0054277    0.0805282     0.193575     0.327248     0.461129     0.574808     0.650988     0.678125     0.652179     0.577234     0.464885     0.332476      0.20047    0.0893454            0
           0   0.00869935     0.102172      0.24232     0.407807      0.57344     0.714018     0.808182     0.841667     0.809482     0.716672     0.577556     0.413556     0.249938      0.11198            0
           0    0.0109661     0.116749     0.275031     0.461788     0.648641     0.807192     0.913368      0.95109     0.914732     0.809977     0.652967     0.467843     0.283082     0.127166            0
           0    0.0118806      0.12205     0.286754     0.481028     0.675368     0.840256     0.950664     0.989875     0.952038     0.843065     0.679735     0.487146     0.294905     0.132618            0
           0    0.0113263     0.117304     0.275762      0.46267     0.649644     0.808282     0.914505     0.952233     0.915837     0.811003     0.653875     0.468599     0.283658      0.12754            0
           0   0.00943286     0.103301     0.243808     0.409603     0.575483     0.716238     0.810499     0.843997     0.811736     0.718764     0.579407     0.415097     0.251113     0.112744            0
           0   0.00656146     0.082273     0.195871     0.330022     0.464287     0.578242     0.654576     0.681733     0.655669     0.580473     0.467751     0.334861     0.202288    0.0905291            0
           0   0.00326254    0.0575686     0.139407     0.236188     0.333112     0.415406     0.470558     0.490218     0.471466     0.417259     0.335985     0.240194     0.144701    0.0643426            0
           0  0.000218123    0.0331713    0.0832315     0.142578     0.202075     0.252625     0.286531     0.298661     0.287222     0.254032     0.204255     0.145613    0.0872318    0.0382688            0
           0   -0.0018096    0.0131368    0.0362094    0.0636893    0.0912927     0.114775     0.130552     0.136238        0.131     0.115688    0.0927066    0.0656564    0.0388005      0.01644            0
           0            0            0            0            0            0            0            0            0            0            0            0            0            0            0            0
