           0            0            0            0            0            0            0            0            0            0            0            0            0            0            0            0
           0  -0.00415908  -0.00223254   0.00152802   0.00625544    0.0110921    0.0152451    0.0180683    0.0191408    0.0183221    0.0157715    0.0119286   0.00745788   0.00317109  -5.0582e-05            0
           0  -0.00234422    0.0121271    0.0345927      0.06136    0.0882276     0.111061     0.126385      0.13189     0.126776     0.111873    0.0895186    0.0632155    0.0371227    0.0154605            0
           0   0.00122892     0.034373    0.0843689     0.143451     0.202569     0.252724     0.286314     0.298271     0.286832     0.253801     0.204282     0.145915    0.0877293    0.0387963            0
           0   0.00572219    0.0608537     0.143145     0.240078     0.336945     0.419067     0.474018      0.49351     0.474649     0.420377     0.339033     0.243089     0.147265    0.0663025            0
           0    0.0103168    0.0874198     0.201932     0.336604     0.471093     0.585068     0.661301     0.688292     0.662024     0.586573     0.473497     0.340079     0.206709    0.0937791            0
           0    0.0142602      0.10999     0.251795      0.41842     0.584758     0.725692     0.819935     0.853269     0.820727     0.727342     0.587397     0.422248     0.257079     0.117068            0
           0    0.0169407     0.125133     0.285182     0.473158     0.660772     0.819715     0.925985     0.963554     0.926817      0.82145     0.663552     0.477198     0.290776     0.132659            0
           0    0.0179605      0.13057     0.297063     0.492568     0.687678     0.852962     0.963465      1.00252     0.964306     0.854715     0.690489     0.496658     0.302734     0.138216            0
           0    0.0171869     0.125512     0.285683     0.473767     0.661469     0.820477     0.926785     0.964361       0.9276     0.822178     0.664197     0.477736     0.291186     0.132927            0
           0    0.0147708     0.110776     0.252835     0.419684     0.586206     0.727278       0.8216     0.854951     0.822359      0.72886     0.588741     0.423367     0.257932     0.117624            0
           0    0.0111285    0.0886701     0.203586     0.338616     0.473403       0.5876     0.663963     0.690983     0.664635        0.589     0.475643     0.341865      0.20807     0.094667            0
           0   0.00689002    0.0626508     0.145522     0.242975     0.340278     0.422729     0.477877     0.497413     0.478436     0.423894      0.34214      0.24567      0.14923    0.0675842            0
           0   0.00282784    0.0368251    0.0876104     0.147408     0.207138     0.257762     0.291636     0.303663     0.292063      0.25865     0.208555     0.149456     0.090422    0.0405554            0
           0 -0.000212543    0.0153638    0.0388579    0.0665804    0.0942883      0.11778     0.133512     0.139122      0.13379     0.118359    0.0952117    0.0679146    0.0406903     0.017802            0
           0            0            0            0            0            0            0            0            0            0            0            0            0            0            0            0
