           0            0            0            0            0            0            0            0            0            0            0            0            0            0            0            0
           0  -0.00651157  -0.00555404  -0.00243154   0.00195027   0.00666481     0.010841    0.0137625    0.0149598    0.0142737    0.0118777   0.00825484    0.0041334  0.000394403  -0.00202663            0
           0  -0.00642917   0.00623941    0.0273613    0.0532086    0.0795158     0.102076     0.117346     0.122974      0.11814     0.103686    0.0819887      0.05661    0.0317724    0.0117465            0
           0  -0.00480124     0.025586     0.073386     0.130809     0.188763     0.238206     0.271495     0.283535      0.27255     0.240349      0.19206     0.135357    0.0793079    0.0330177            0
           0  -0.00230909    0.0490784     0.128269     0.222735     0.317761     0.398664     0.453017     0.472529     0.454303      0.40128     0.321795     0.228321     0.135583    0.0583332            0
           0  0.000433637    0.0728781     0.183442     0.314876     0.446869     0.559128     0.634464     0.661404     0.635939     0.562135     0.451518     0.321339     0.191954    0.0837452            0
           0   0.00288685    0.0932225     0.230391      0.39315      0.55645     0.695254     0.788348     0.821569     0.789964      0.69855     0.561558     0.400274     0.239823     0.105352            0
           0   0.00462134     0.106954     0.261929     0.445635     0.629861     0.786404      0.89136     0.928771     0.893056     0.789867     0.635237     0.453153     0.271917     0.119864            0
           0   0.00536131     0.111976     0.273265     0.464376      0.65599     0.818788     0.927923     0.966806     0.929634     0.822284     0.661421     0.471982     0.283387      0.12509            0
           0   0.00501595     0.107561     0.262726     0.446593     0.630947     0.787579     0.892583     0.929997     0.894241     0.790967     0.636212     0.453965     0.272537     0.120268            0
           0   0.00369139    0.0944585     0.232013       0.3951     0.558661     0.697648      0.79084     0.824069      0.79238     0.700793     0.563544     0.401931     0.241087     0.106176            0
           0   0.00167994    0.0747904     0.185949      0.31789     0.450285     0.562827     0.638316      0.66527     0.639677     0.565605     0.454593     0.323904     0.193912    0.0850218            0
           0 -0.000569813    0.0517408     0.131753     0.226919     0.322504     0.403804     0.458373     0.477907     0.459504      0.40611     0.326074     0.231892     0.138312    0.0601155            0
           0  -0.00249196    0.0291036    0.0779726     0.136309        0.195     0.244973     0.278555      0.29063     0.279413     0.246723     0.197707      0.14007    0.0829165    0.0353822            0
           0  -0.00343141    0.0107565    0.0332114    0.0602099    0.0874607     0.110712     0.126374     0.132058     0.126931     0.111846     0.089214    0.0626427    0.0364035    0.0148027            0
           0            0            0            0            0            0            0            0            0            0            0            0            0            0            0            0
