           0            0            0            0            0            0            0            0            0            0            0            0            0            0            0            0
           0  -0.00744198  -0.00689923  -0.00406828  0.000135309   0.00476152   0.00891174    0.0118452    0.0130761    0.0124396    0.0101157   0.00660444     0.002658 -0.000817956  -0.00287146            0
           0  -0.00816019    0.0035381    0.0237756    0.0488567     0.074545    0.0966588     0.111678     0.117263     0.112602    0.0985316    0.0774165    0.0527973    0.0288688   0.00986676            0
           0  -0.00748459    0.0212137    0.0673206     0.123144     0.179706     0.228078     0.260715     0.272587     0.261944     0.230574     0.183543     0.128427    0.0741848    0.0298036            0
           0   -0.0060077     0.042894     0.119475     0.211382     0.304116     0.383214      0.43644     0.455632     0.437941     0.386266     0.308819     0.217887      0.12798    0.0536396            0
           0  -0.00422811    0.0649586     0.172014     0.299944     0.428751     0.538475      0.61221     0.638676     0.613935     0.541989     0.434182     0.307487      0.18194    0.0776176            0
           0  -0.00256635    0.0838695     0.216779     0.375236     0.534599     0.670251     0.761342     0.793956     0.763233     0.674107     0.540572     0.383564     0.227797    0.0980308            0
           0  -0.00134832    0.0966616     0.246881     0.425756     0.605544     0.758523     0.861207     0.897923     0.863194     0.762579     0.611838     0.434554     0.258563     0.111756            0
           0 -0.000779923     0.101368      0.25773     0.443829      0.63083      0.78992     0.896689     0.934845     0.898695     0.794017     0.637193     0.452735     0.269579     0.116714            0
           0 -0.000926699    0.0973085     0.247728     0.426772     0.606692     0.759762     0.862494     0.899213     0.864439     0.763735     0.612863     0.435409     0.259216     0.112181            0
           0   -0.0017058    0.0851888     0.218506     0.377306     0.536937     0.672775     0.763963     0.796582     0.765769     0.676462      0.54266     0.385307     0.229129    0.0988992            0
           0  -0.00289251    0.0670031     0.174686     0.303143     0.432364     0.542374      0.61626     0.642734     0.617856      0.54563     0.437412     0.310185     0.184004    0.0789648            0
           0  -0.00413836    0.0457473     0.123194     0.215828     0.309132     0.388629     0.442065      0.46127      0.44339      0.39133     0.313313     0.221645     0.130859    0.0555231            0
           0   -0.0049922    0.0249973    0.0722292     0.128996     0.186303     0.235199     0.268116      0.28001     0.269122     0.237248      0.18947     0.133392    0.0779983    0.0323085            0
           0  -0.00490616   0.00842232    0.0300601    0.0563198    0.0829491     0.105735     0.121121     0.126741     0.121773     0.107063     0.084999    0.0591597    0.0337773    0.0131169            0
           0            0            0            0            0            0            0            0            0            0            0            0            0            0            0            0
