          0           0           0           0           0           0           0           0           0           0           0           0           0           0           0           0
          0 -0.00629652 -0.00524865 -0.00206616  0.00234878  0.00707611    0.011252   0.0141667   0.0153549   0.0146589   0.0122503  0.00860797  0.00445374 0.000661929 -0.00183691           0
          0  -0.0060372  0.00682776    0.028115   0.0540946    0.080501    0.103127    0.118432     0.12406    0.119195    0.104677   0.0828823    0.057372   0.0323689   0.0121454           0
          0 -0.00420102   0.0265161   0.0746221    0.132316    0.190496    0.240105     0.27349     0.28555    0.274505    0.242166    0.193669    0.136695   0.0803272   0.0336811           0
          0 -0.00148794   0.0503756     0.13003    0.224927    0.320323    0.401509    0.456034    0.475588     0.45727    0.404024    0.324203    0.230301     0.13707   0.0592876           0
          0  0.00146384   0.0745248    0.185705    0.317727    0.450235    0.562893    0.638475    0.665482    0.639894    0.565784    0.454705    0.323942    0.193893   0.0849802           0
          0  0.00408855   0.0951571    0.233071    0.396548    0.560484    0.699787    0.793191    0.826498    0.794744    0.702955    0.565393    0.403396    0.242139     0.10682           0
          0  0.00593477    0.109077    0.264882    0.449392    0.634336    0.791442     0.89675    0.934261     0.89838    0.794769    0.639501    0.456616    0.274481    0.121485           0
          0  0.00671161    0.114161    0.276308    0.468255    0.660614    0.823998      0.9335    0.972488    0.935144    0.827356    0.665831    0.475561    0.286034    0.126764           0
          0  0.00632283    0.109673    0.265666    0.450336    0.635406    0.792601    0.897957    0.935472     0.89955    0.795856    0.640463    0.457418    0.275092    0.121884           0
          0  0.00487956   0.0963729    0.234668    0.398469    0.562664    0.702148     0.79565    0.828966    0.797129    0.705169    0.567355    0.405031    0.243386    0.107633           0
          0  0.00268861   0.0764052    0.188173    0.320695    0.453602    0.566543    0.642278      0.6693    0.643585    0.569211    0.457741    0.326473    0.195825   0.0862393           0
          0  0.00022008    0.052992    0.133457    0.229047    0.324999    0.406581    0.461323    0.480901    0.462408    0.408796    0.328429    0.233825    0.139762   0.0610449           0
          0 -0.00193555   0.0299699   0.0791308    0.137731    0.196644    0.246783    0.280464    0.292562    0.281289    0.248464    0.199245    0.141347   0.0838853   0.0360112           0
          0  -0.0031004   0.0112572   0.0338606   0.0609838    0.088333    0.111654    0.127354    0.133044     0.12789    0.112744   0.0900182   0.0633231    0.036932   0.0151542           0
          0           0           0           0           0           0           0           0           0           0           0           0           0           0           0           0
