           0            0            0            0            0            0            0            0            0            0            0            0            0            0            0            0
           0  -0.00720909  -0.00655846  -0.00364913  0.000604972   0.00525888   0.00942015    0.0123536    0.0135771    0.0129271    0.0105821   0.00703828   0.00304244 -0.000505205  -0.00265593            0
           0  -0.00772099   0.00424049    0.0247279    0.0500333    0.0759085    0.0981608     0.113261     0.118863     0.114152    0.0999676    0.0786799    0.0538385    0.0296499    0.0103632            0
           0  -0.00679841    0.0223667    0.0689596     0.125255     0.182236     0.230936     0.263775     0.275703      0.26496     0.233343     0.185937     0.130354    0.0755872    0.0306659            0
           0  -0.00505745    0.0445382     0.121874     0.214539     0.307962      0.38761     0.441183     0.460478      0.44263     0.390552     0.312497     0.220813      0.13008    0.0549094            0
           0  -0.00302695    0.0670745     0.175149     0.304119     0.433885     0.544378     0.618604     0.645221     0.620267     0.547765     0.439118      0.31139      0.18472    0.0792832            0
           0   -0.0011588    0.0863759     0.220526     0.380261     0.540808     0.677417     0.769121     0.801926     0.770942     0.681132     0.546564     0.388286     0.231145     0.100026            0
           0  0.000194038    0.0994242      0.25103     0.431342     0.612465     0.766525     0.869904     0.906838     0.871818     0.770432     0.618528     0.439817     0.262287     0.113969            0
           0  0.000807388     0.104217     0.262016     0.449606     0.637995      0.79821     0.905702     0.944086     0.907634     0.802156     0.644124     0.458185     0.273431     0.119002            0
           0  0.000609106     0.100061     0.251865     0.432344     0.613598     0.767749     0.871176     0.908112     0.873049     0.771574     0.619541     0.440662     0.262932      0.11439            0
           0 -0.000311858    0.0876749     0.222227     0.382301     0.543115      0.67991     0.771711     0.804522      0.77345      0.68346     0.548627     0.390008      0.23246     0.100884            0
           0  -0.00171307    0.0690869     0.177781     0.307273      0.43745      0.54823     0.622607     0.649233     0.624144     0.551366     0.442311     0.314056     0.186758    0.0806135            0
           0  -0.00321982    0.0473451     0.125536     0.218922     0.312913     0.392959     0.446744     0.466054      0.44802      0.39556      0.31694     0.224527     0.132923    0.0567687            0
           0  -0.00435081    0.0260854      0.07379     0.131022     0.188747     0.237972     0.271096     0.283049     0.272065     0.239946     0.191798     0.135258    0.0793516    0.0331371            0
           0  -0.00452988    0.0090348    0.0309065    0.0573847    0.0842026     0.107132     0.122606     0.128249     0.123234     0.108412    0.0861778    0.0601223    0.0344918    0.0135666            0
           0            0            0            0            0            0            0            0            0            0            0            0            0            0            0            0
