          0           0           0           0           0           0           0           0           0           0           0           0           0           0           0           0
          0 -0.00377238 -0.00166677  0.00222159  0.00702673   0.0118989   0.0160563   0.0188629   0.0199057   0.0190477   0.0164475   0.0125409  0.00798651  0.00359065 0.000231964           0
          0 -0.00174277   0.0130008   0.0356553   0.0625321   0.0894439    0.112275    0.127567    0.133023    0.127851    0.112877   0.0904322   0.0640098   0.0377586   0.0158931           0
          0  0.00201906    0.035508   0.0857339    0.144939    0.204095     0.25423    0.287766    0.299655    0.288142    0.255028    0.205407    0.146904   0.0885313   0.0393504           0
          0  0.00666694   0.0621939    0.144736    0.241788    0.338673    0.420747    0.475619    0.495024    0.476078    0.421722    0.340278    0.244197    0.148178   0.0669449           0
          0   0.0113772    0.088906    0.203674    0.338449    0.472927    0.586823    0.662949    0.689836    0.663477    0.587946    0.474781     0.34124    0.207682   0.0944768           0
          0   0.0153948    0.111563    0.253617    0.420323    0.586621    0.727446    0.821556    0.854772    0.822136     0.72868    0.588663     0.42341    0.258069    0.117791           0
          0   0.0181066    0.126736    0.287021    0.475057    0.662605    0.821414    0.927535    0.964975    0.928145    0.822716    0.664763    0.478326    0.291751    0.133381           0
          0   0.0191148    0.132149    0.298862     0.49441    0.689438    0.854575    0.964919     1.00384    0.965537    0.855893    0.691625    0.497726    0.303669    0.138916           0
          0   0.0182875    0.127014    0.287389    0.475505     0.66312    0.821979    0.928129    0.965576     0.92873     0.82326    0.665246    0.478728    0.292058    0.133583           0
          0   0.0157779    0.112152    0.254396    0.421273    0.587714    0.728647    0.822822    0.856053    0.823381    0.729839     0.58969    0.424265    0.258722    0.118219           0
          0   0.0120061   0.0898726    0.204955    0.340012    0.474731    0.588808    0.665044    0.691958    0.665539    0.589863    0.476478    0.342652    0.208759   0.0951819           0
          0  0.00760769   0.0636393    0.146652    0.244133    0.341384     0.42374    0.478785    0.498235    0.479198    0.424619    0.342837    0.246322    0.149796    0.068004           0
          0  0.00336277   0.0375661   0.0884619    0.148285     0.20798    0.258537    0.292335    0.304297    0.292651    0.259208    0.209087     0.14995   0.0908476   0.0408674           0
          0 0.000125663   0.0158341   0.0394007   0.0671422   0.0948301     0.11828    0.133965    0.139533    0.134171     0.11872   0.0955543   0.0682306   0.0409604   0.0179983           0
          0           0           0           0           0           0           0           0           0           0           0           0           0           0           0           0
