           0            0            0            0            0            0            0            0            0            0            0            0            0            0            0            0
           0  -0.00576218  -0.00449719   -0.0011754    0.0033113   0.00806044    0.0122276      0.01512    0.0162838    0.0155648    0.0131306   0.00944803   0.00522232    0.0013098  -0.00137289            0
           0  -0.00507495    0.0082396    0.0298838    0.0561311    0.0827239     0.105464     0.120819      0.12644     0.121509     0.106865    0.0848779    0.0591009    0.0337481    0.0130869            0
           0  -0.00273851    0.0287146    0.0774626     0.135695       0.1943     0.244209     0.277759     0.289842     0.278674     0.246069     0.197166     0.139656    0.0826304    0.0352186            0
           0  0.000503558     0.053413     0.134026      0.22977     0.325867     0.407572     0.462398     0.482016     0.463512     0.409839     0.329366     0.234621     0.140387     0.061476            0
           0   0.00395494     0.078358     0.190804     0.323974     0.457456      0.57085     0.646872     0.673983     0.648148     0.573452     0.461482     0.329575     0.198188    0.0877945            0
           0   0.00698902     0.099644     0.239078     0.403955     0.569095     0.709317     0.803277     0.836725     0.804673     0.712166     0.573512      0.41012     0.247244     0.110153            0
           0   0.00910157      0.11399     0.271482     0.457559     0.643858     0.802005     0.907948     0.945624     0.909412     0.804996     0.648502     0.464057     0.280118     0.125158            0
           0   0.00996591     0.119214     0.283105     0.476675     0.670442     0.834909     0.945073     0.984234     0.946549     0.837926     0.675131     0.483244     0.291851     0.130551            0
           0   0.00947282     0.114561     0.272234     0.458466     0.644889     0.803123     0.909113     0.946794     0.910544     0.806046     0.649432     0.464831     0.280709     0.125543            0
           0   0.00774525     0.100808     0.240609     0.405801     0.571193     0.711594     0.805652      0.83911      0.80698     0.714307     0.575407     0.411699     0.248448     0.110936            0
           0   0.00512454    0.0801563     0.193168     0.326825     0.460697      0.57437     0.650546     0.677675      0.65172     0.576767     0.464416     0.332019     0.200052    0.0890083            0
           0   0.00213175    0.0559115     0.137307     0.233725     0.330368     0.412466     0.467512     0.487158     0.468487     0.414456     0.333452     0.238023     0.142983    0.0631686            0
           0 -0.000584433    0.0320055    0.0817722      0.14089     0.200219     0.250658     0.284509     0.296637      0.28525     0.252169     0.202558     0.144145    0.0860578    0.0374598            0
           0  -0.00229249    0.0124466    0.0353632    0.0627326    0.0902639     0.113705     0.129467     0.135159     0.129948     0.114686    0.0917806    0.0648406     0.038136    0.0159743            0
           0            0            0            0            0            0            0            0            0            0            0            0            0            0            0            0
