          0           0           0           0           0           0           0           0           0           0           0           0           0           0           0           0
          0 -0.00228954 0.000479906  0.00483787  0.00996603   0.0150553   0.0193454   0.0222066   0.0232228   0.0222524   0.0194505   0.0152501   0.0103053  0.00541318  0.00144131           0
          0 0.000454833   0.0161013   0.0393139    0.066505   0.0935763    0.116469     0.13175    0.137133     0.13182    0.116627    0.093871   0.0670184   0.0401829   0.0175405           0
          0  0.00477228    0.039268   0.0899881    0.149344    0.208459     0.25847    0.291859    0.303604     0.29195     0.25868     0.20885    0.150027    0.091148   0.0411942           0
          0  0.00985096    0.066401    0.149283    0.246237    0.342809    0.424517     0.47907    0.498251    0.479182    0.424775    0.343291    0.247084     0.15073   0.0688268           0
          0   0.0148898   0.0934126    0.208335    0.342744    0.476627    0.589911    0.665546    0.692132    0.665675     0.59021    0.477189    0.343737    0.210046   0.0963139           0
          0   0.0191368    0.116253     0.25829    0.424395    0.589853    0.729858    0.823334    0.856186    0.823477     0.73019    0.590479    0.425507    0.260218    0.119551           0
          0    0.021969    0.131501    0.291641    0.478909    0.665449    0.823294    0.928681    0.965718    0.928833    0.823647    0.666115    0.480097    0.293711    0.135059           0
          0   0.0229749    0.136871    0.303373    0.498075    0.692021    0.856132    0.965703     1.00421    0.965857    0.856491    0.692699    0.499287    0.305489    0.140517           0
          0   0.0220143    0.131569    0.291731    0.479019    0.665577    0.823435    0.928831     0.96587    0.928981    0.823785    0.666238      0.4802     0.29379    0.135112           0
          0   0.0192408     0.11641    0.258497     0.42465    0.590149    0.730185    0.823681     0.85654    0.823822    0.730511    0.590764    0.425744    0.260401    0.119674           0
          0   0.0150827   0.0937041    0.208721    0.343219    0.477181    0.590527    0.666202    0.692801    0.666327    0.590816    0.477725    0.344183    0.210389   0.0965439           0
          0    0.010187    0.066909    0.149958    0.247072    0.343788    0.425612     0.48024    0.499444    0.480344    0.425853    0.344241    0.247872    0.151334   0.0692316           0
          0  0.00534276   0.0401282   0.0911342    0.150771    0.210146    0.260369    0.293896    0.305686    0.293976    0.260555    0.210494    0.151384   0.0921833   0.0418876           0
          0  0.00140947   0.0175271   0.0412176   0.0688979   0.0964344    0.119714    0.135251    0.140719    0.135305    0.119838   0.0966673   0.0693077   0.0419195   0.0187061           0
          0           0           0           0           0           0           0           0           0           0           0           0           0           0           0           0
