          0           0           0           0           0           0           0           0           0           0           0           0           0           0           0           0
          0 -0.00812881 -0.00792384 -0.00535035 -0.00132436  0.00319302  0.00728846   0.0102076   0.0114554    0.010864  0.00861709  0.00522428  0.00145078 -0.00178537 -0.00352676           0
          0 -0.00948403  0.00133958   0.0207018   0.0449633   0.0699452   0.0915209    0.106216    0.111722    0.107237   0.0935895    0.073114   0.0493052   0.0263018  0.00827688           0
          0 -0.00957842   0.0175298   0.0619016    0.115986     0.17097    0.218088    0.249935    0.261577    0.251295    0.220848    0.175209    0.121818   0.0694672   0.0269803           0
          0 -0.00892848   0.0375789    0.111441    0.200545    0.290683    0.367689    0.419577    0.438357    0.421239    0.371067    0.295886    0.207736    0.120835   0.0494347           0
          0 -0.00793637   0.0580713    0.161439    0.285512    0.410714    0.517509    0.589359    0.615229    0.591271    0.521402    0.416728    0.293862    0.172419   0.0720667           0
          0 -0.00692331   0.0756776    0.204086    0.357799    0.512703     0.64472    0.733461    0.765324    0.735558    0.648995    0.519324    0.367027    0.216289   0.0913557           0
          0 -0.00612965   0.0876116    0.232789    0.406331    0.581092    0.729963    0.829988    0.865848    0.832193    0.734463    0.588073    0.416086    0.245738    0.104337           0
          0 -0.00570353   0.0920269     0.24316     0.42372    0.605495    0.760313    0.864314    0.901577    0.866541     0.76486    0.612556    0.433599      0.2563     0.10904           0
          0  -0.0056897   0.0882856     0.23367    0.407385    0.582281    0.731245    0.831317    0.867177    0.833476    0.735654    0.589129    0.416968    0.246412    0.104777           0
          0 -0.00602467   0.0770532    0.205882    0.359948    0.515125    0.647328    0.736166     0.76803    0.738171    0.651421    0.521476    0.368825    0.217664   0.0922531           0
          0 -0.00653975   0.0602055    0.164221    0.288835    0.414456    0.521538    0.593535    0.619409    0.595307    0.525152    0.420057    0.296645    0.174551   0.0734598           0
          0 -0.00696965   0.0405627    0.115319    0.205165    0.295879     0.37328    0.425373    0.444157    0.426844    0.376278    0.300517    0.211615    0.123811   0.0513845           0
          0   -0.006959   0.0214966   0.0670294    0.122074    0.177803    0.225436    0.257552    0.269203    0.258668     0.22771    0.181314    0.126944   0.0734146   0.0295778           0
          0 -0.00605039  0.00647933   0.0272848   0.0527374   0.0786507    0.100877    0.115916     0.12144     0.11664    0.102349   0.0809224   0.0558814   0.0313937   0.0116567           0
          0           0           0           0           0           0           0           0           0           0           0           0           0           0           0           0
