          0           0           0           0           0           0           0           0           0           0           0           0           0           0           0           0
          0 -0.00346627 -0.00121911  0.00276805  0.00763264   0.0125333   0.0166972    0.019496   0.0205207    0.019636   0.0169991   0.0130425  0.00842007  0.00393407 0.000461351           0
          0 -0.00127756   0.0136741   0.0364661   0.0634174   0.0903563    0.113184    0.128454    0.133879    0.128668    0.113647   0.0911381    0.064627   0.0382536   0.0162277           0
          0  0.00261291   0.0363541   0.0867336    0.146007    0.205169    0.255275    0.288767     0.30061    0.289051    0.255889    0.206208    0.147616   0.0891143   0.0397525           0
          0   0.0073578   0.0631612    0.145853     0.24295    0.339807    0.421816    0.476616    0.495958    0.476963    0.422568     0.34108    0.244929    0.148793     0.06738           0
          0   0.0121356   0.0899498    0.204852    0.339639    0.474049    0.587841    0.663864    0.690672    0.664265    0.588709    0.475524     0.34194    0.208289   0.0949192           0
          0   0.0161936    0.112647    0.254815      0.4215     0.58769    0.728376    0.822358    0.855482    0.822799    0.729333     0.58932    0.424053    0.258647    0.118224           0
          0   0.0189207    0.127828     0.28821    0.476197    0.663609    0.822253    0.928226    0.965565    0.928691    0.823264    0.665335    0.478908    0.292291    0.133797           0
          0   0.0199195    0.133221    0.300016      0.4955    0.690377    0.855336    0.965525     1.00435    0.965996    0.856362    0.692129    0.498255    0.304172     0.13931           0
          0   0.0190583    0.128039    0.288488    0.476537    0.664001    0.822684    0.928681    0.966026    0.929139    0.823682    0.665705    0.479216    0.292528    0.133953           0
          0   0.0164905    0.113101    0.255418    0.422236     0.58854    0.729312    0.823346    0.856483    0.823773     0.73024    0.590124    0.424723    0.259159    0.118561           0
          0   0.0126363   0.0907176    0.205871    0.340886    0.475491    0.589433    0.665549    0.692382    0.665928    0.590255    0.476892    0.343079    0.209158   0.0954904           0
          0  0.00813273   0.0643495    0.147431    0.244887    0.342055    0.424308    0.479258    0.498642    0.479574    0.424992    0.343219    0.246705    0.150146   0.0682685           0
          0  0.00376175   0.0381109   0.0890668     0.14888    0.208521    0.259006    0.292738    0.304651     0.29298    0.259529    0.209409    0.150264   0.0911273   0.0410746           0
          0 0.000381607    0.016186   0.0397956   0.0675358    0.095194    0.118603    0.134246    0.139785    0.134405    0.118947   0.0957775   0.0684437   0.0411468   0.0181343           0
          0           0           0           0           0           0           0           0           0           0           0           0           0           0           0           0
