           0            0            0            0            0            0            0            0            0            0            0            0            0            0            0            0
           0  -0.00732644  -0.00672981  -0.00385947  0.000369718   0.00501018   0.00916631    0.0121001    0.0133273    0.0126841    0.0103494   0.00682157   0.00285011 -0.000661949  -0.00276417            0
           0  -0.00794177   0.00388896     0.024253    0.0494485    0.0752324    0.0974174     0.112479     0.118072     0.113386    0.0992574    0.0780542    0.0533218    0.0292613    0.0101154            0
           0  -0.00714285    0.0217911    0.0681448     0.124209     0.180985     0.229525     0.262266     0.274168     0.263474     0.231978     0.184755     0.129401    0.0748915    0.0302367            0
           0  -0.00553405    0.0437185     0.120683     0.212977     0.306063     0.385443     0.438848     0.458093     0.440322     0.388441     0.310683     0.219368      0.12904    0.0542782            0
           0  -0.00362908    0.0660206     0.173595     0.302055     0.431353     0.541471     0.615458     0.642002     0.617152     0.544922     0.436686     0.309463     0.183344     0.078456            0
           0  -0.00186417    0.0851281     0.218669     0.377778     0.537747     0.673889     0.765294     0.798007     0.767151     0.677676     0.543613     0.385956     0.229489    0.0990357            0
           0 -0.000578759    0.0980492     0.248974     0.428583     0.609054     0.762586     0.865627     0.902456     0.867578     0.766569     0.615234     0.437221     0.260445     0.112871            0
           0  1.21234e-05     0.102799     0.259893     0.446753     0.634465      0.79413     0.901271     0.939544      0.90324     0.798152     0.640711     0.455497     0.271526     0.117866            0
           0 -0.000160369    0.0986913     0.249815     0.429592     0.610195     0.763818     0.866907     0.903738     0.868816     0.767718     0.616252     0.438071     0.261094     0.113294            0
           0  -0.00101034    0.0864374     0.220383     0.379834      0.54007     0.676398       0.7679     0.800618     0.769673     0.680017     0.545688     0.387689     0.230813    0.0998989            0
           0   -0.0023042    0.0680492     0.176247     0.305232     0.434942     0.545347     0.619485     0.646037     0.621051     0.548543     0.439897     0.312146     0.185395    0.0797949            0
           0  -0.00368036    0.0465489     0.124374     0.217392     0.311047     0.390826     0.444441       0.4637     0.445742     0.393477     0.315152     0.223104     0.131902    0.0561499            0
           0  -0.00467259    0.0255426    0.0730148     0.130019      0.18754     0.236605     0.269628     0.281552     0.270616     0.238617      0.19065     0.134336    0.0786809     0.032725            0
           0  -0.00471884   0.00872876    0.0304853    0.0568565    0.0835824     0.106442     0.121873     0.127505     0.122514     0.107746    0.0855952    0.0596456     0.034137    0.0133425            0
           0            0            0            0            0            0            0            0            0            0            0            0            0            0            0            0
