           0            0            0            0            0            0            0            0            0            0            0            0            0            0            0            0
           0  -0.00748008  -0.00695527  -0.00413753   5.7375e-05   0.00467865   0.00882673      0.01176     0.012992    0.0123578    0.0100376   0.00653197   0.00259403 -0.000869785  -0.00290701            0
           0  -0.00823246   0.00342132    0.0236159     0.048658    0.0743134    0.0964027     0.111408      0.11699     0.112337    0.0982863    0.0772013    0.0526207    0.0287371   0.00978369            0
           0  -0.00759788    0.0210209    0.0670438     0.122785     0.179273     0.227588     0.260188     0.272051     0.261425     0.230098     0.183132     0.128099    0.0739468    0.0296584            0
           0  -0.00616491    0.0426181     0.119068     0.210843     0.303456     0.382457     0.435622     0.454796     0.437132     0.385527     0.308186     0.217386     0.127623     0.053425            0
           0  -0.00442706    0.0646029     0.171482     0.299229     0.427869     0.537457     0.611105     0.637545     0.612841     0.540992     0.433331     0.306817     0.181466    0.0773357            0
           0  -0.00279965    0.0834477     0.216142     0.374376      0.53353     0.669013     0.759996     0.792577     0.761899     0.672893      0.53954     0.382753     0.227225    0.0976927            0
           0  -0.00160408    0.0961963     0.246174     0.424799     0.604352      0.75714     0.859702      0.89638     0.861701     0.761221     0.610684      0.43365     0.257927     0.111381            0
           0  -0.00104318     0.100888        0.257     0.442839     0.629596     0.788488     0.895129     0.933245     0.897147      0.79261     0.635998     0.451799      0.26892     0.116326            0
           0   -0.0011814    0.0968448     0.247023     0.425817     0.605503     0.758382     0.860992     0.897671     0.862949     0.762379     0.611711     0.434506     0.258581     0.111807            0
           0  -0.00193691    0.0847702     0.217872      0.37645     0.535873     0.671543     0.762622     0.795207     0.764439     0.675252     0.541631     0.384499      0.22856    0.0985627            0
           0  -0.00308795    0.0666525      0.17416     0.302436     0.431489     0.541364     0.615162     0.641609     0.616768      0.54464     0.436567      0.30952     0.183533    0.0786856            0
           0  -0.00429043     0.045479     0.122796     0.215299     0.308482     0.387882     0.441257     0.460443      0.44259       0.3906     0.312688     0.221152     0.130508    0.0553125            0
           0  -0.00509824     0.024815     0.071965     0.128651     0.185884     0.234722     0.267602     0.279486     0.268615     0.236784      0.18907     0.133073    0.0777682    0.0321687            0
           0  -0.00496823    0.0083201    0.0299176    0.0561391    0.0827352     0.105495     0.120866     0.126482     0.121522     0.106831    0.0847973    0.0589958    0.0336564    0.0130414            0
           0            0            0            0            0            0            0            0            0            0            0            0            0            0            0            0
