           0            0            0            0            0            0            0            0            0            0            0            0            0            0            0            0
           0  -0.00646891   -0.0054933  -0.00235871   0.00202988   0.00674717    0.0109234    0.0138437    0.0150392    0.0143512    0.0119526   0.00832565    0.0041975  0.000447815  -0.00198884            0
           0  -0.00635118    0.0063571    0.0275129    0.0533876    0.0797157      0.10229     0.117568     0.123196     0.118355     0.103888    0.0821704    0.0567644    0.0318927    0.0118266            0
           0  -0.00468162    0.0257727    0.0736357     0.131115     0.189117     0.238595     0.271904     0.283949     0.272951     0.240722     0.192389      0.13563    0.0795146    0.0331515            0
           0  -0.00214527    0.0493394     0.128626     0.223182     0.318285     0.399248     0.453638     0.473158     0.454913     0.401844     0.322289     0.228725     0.135885    0.0585261            0
           0  0.000639303    0.0732097     0.183901     0.315458     0.447559     0.559902      0.63529     0.662245     0.636755     0.562886     0.452173     0.321872     0.192349    0.0839951            0
           0   0.00312685    0.0936125     0.230936     0.393844     0.557278     0.696187     0.789347     0.822586      0.79095     0.699458     0.562346     0.400914     0.240295     0.105649            0
           0   0.00488372     0.107382     0.262529     0.446403      0.63078     0.787441     0.892472     0.929904     0.894155     0.790878     0.636114     0.453862      0.27244     0.120193            0
           0   0.00563107     0.112417     0.273883     0.465169     0.656939     0.819861     0.929073     0.967979     0.930772      0.82333     0.662328     0.472715     0.283927     0.125429            0
           0   0.00527704     0.107987     0.263323     0.447358     0.631862     0.788613     0.893692     0.931128     0.895337     0.791975     0.637086     0.454673     0.273058     0.120595            0
           0   0.00392873    0.0948444     0.232553     0.395789     0.559482     0.698575     0.791832     0.825079      0.79336     0.701695     0.564328     0.402566     0.241556     0.106471            0
           0   0.00188136    0.0751158       0.1864     0.318462     0.450965     0.563592     0.639133     0.666101     0.640483     0.566348      0.45524      0.32443     0.194302    0.0852683            0
           0 -0.000412157    0.0519927     0.132099     0.227353     0.323015     0.404375     0.458981     0.478524     0.460102     0.406662     0.326557     0.232287     0.138607    0.0603034            0
           0  -0.00238099    0.0292777    0.0782069     0.136599     0.195336     0.245344     0.278947     0.291027     0.279799     0.247081     0.198022     0.140331    0.0831133    0.0355092            0
           0  -0.00336547    0.0108569    0.0333423    0.0603668    0.0876384     0.110904     0.126575      0.13226     0.127127      0.11203    0.0893781    0.0627811    0.0365105    0.0148734            0
           0            0            0            0            0            0            0            0            0            0            0            0            0            0            0            0
