          0           0           0           0           0           0           0           0           0           0           0           0           0           0           0           0
          0 -0.00816271 -0.00797529 -0.00541569 -0.00139976  0.00311102  0.00720276   0.0101206   0.0113689     0.01078  0.00853757  0.00515162  0.00138789 -0.00183514 -0.00355998           0
          0 -0.00955065  0.00122534   0.0205381    0.044752   0.0696921   0.0912354    0.105911    0.111411    0.106936   0.0933137   0.0728756   0.0491139   0.0261632  0.00819274           0
          0 -0.00968492   0.0173352   0.0616077     0.11559    0.170481    0.217524    0.249324    0.260951     0.25069    0.220297     0.17474    0.121449   0.0692081   0.0268283           0
          0 -0.00907796   0.0372956    0.111001    0.199941    0.289926    0.366807    0.418615    0.437369    0.420285    0.370201    0.295154    0.207166    0.120439   0.0492064           0
          0 -0.00812686   0.0577022    0.160857    0.284704    0.409693    0.516314     0.58805    0.613885    0.589972    0.520226    0.415736    0.293094     0.17189   0.0717639           0
          0 -0.00714761   0.0752372    0.203385     0.35682     0.51146    0.643261    0.731862    0.763679    0.733969    0.647558    0.518114    0.366093    0.215647   0.0909906           0
          0 -0.00637611   0.0871242    0.232009    0.405239    0.579702     0.72833    0.828196    0.864004    0.830412    0.732852    0.586717    0.415041    0.245022    0.103931           0
          0 -0.00595745   0.0915235    0.242354    0.422589    0.604055    0.758619    0.862455    0.899663    0.864692    0.763188     0.61115    0.432516    0.255558    0.108619           0
          0  -0.0059353   0.0877995    0.232892    0.406295    0.580894    0.729613    0.829526    0.865335    0.831696    0.734044    0.587775    0.415924    0.245697    0.104371           0
          0 -0.00624719   0.0766154    0.205185    0.358972    0.513886    0.645874     0.73457    0.766389    0.736585    0.649987    0.520269    0.367893    0.217024   0.0918893           0
          0 -0.00672736   0.0598405    0.163645    0.288033    0.413441    0.520349    0.592233    0.618069    0.594013    0.523981    0.419069    0.295881    0.174025   0.0731591           0
          0  -0.0071149   0.0402855    0.114886    0.204569     0.29513    0.372406    0.424418    0.443177    0.425896    0.375418     0.29979    0.211051     0.12342   0.0511593           0
          0 -0.00705945   0.0213107   0.0667458    0.121689    0.177325    0.224883     0.25695    0.268586    0.258072    0.227167    0.180854    0.126583   0.0731617   0.0294301           0
          0 -0.00610841  0.00637728   0.0271352   0.0525406   0.0784114    0.100604    0.115622     0.12114    0.116349    0.102084   0.0806941   0.0556997   0.0312636   0.0115785           0
          0           0           0           0           0           0           0           0           0           0           0           0           0           0           0           0
