          0           0           0           0           0           0           0           0           0           0           0           0           0           0           0           0
          0 -0.00633988 -0.00531007 -0.00213948  0.00226899  0.00699395   0.0111701   0.0140862   0.0152763   0.0145822   0.0121761  0.00853753  0.00438971 0.000608331 -0.00187501           0
          0   -0.006116  0.00671012   0.0279651   0.0539192   0.0803068     0.10292    0.118219    0.123848    0.118989    0.104483   0.0827066   0.0572216   0.0322507   0.0120659           0
          0 -0.00432149   0.0263308   0.0743773    0.132019    0.190156    0.239734    0.273101    0.285158    0.274124    0.241812    0.193354    0.136433   0.0801261   0.0335495           0
          0 -0.00165257   0.0501177    0.129682    0.224497    0.319822    0.400955    0.455447    0.474994    0.456694    0.403491    0.323734    0.229913    0.136777   0.0590987           0
          0  0.00125743   0.0741978    0.185259    0.317168    0.449578    0.562161    0.637697    0.664692    0.639127    0.565075    0.454085    0.323434    0.193513   0.0847361           0
          0  0.00384788   0.0947732    0.232543    0.395883    0.559698    0.698907    0.792252    0.825544    0.793818      0.7021    0.564647    0.402787    0.241684     0.10653           0
          0  0.00567178    0.108656    0.264301    0.448657    0.633465    0.790464    0.895706    0.933199    0.897349    0.793819    0.638672     0.45594    0.273978    0.121165           0
          0  0.00644127    0.113728     0.27571    0.467496    0.659714    0.822987     0.93242    0.971388    0.934077    0.826373    0.664974    0.474863    0.285515    0.126433           0
          0  0.00606118    0.109254    0.265087    0.449604    0.634538    0.791627    0.896916    0.934413    0.898523    0.794908    0.639637    0.456745    0.274591    0.121565           0
          0  0.00464164   0.0959931    0.234145     0.39781    0.561884    0.701275    0.794718    0.828018    0.796209    0.704321    0.566614    0.404426    0.242935    0.107345           0
          0  0.00248657   0.0760846    0.187735    0.320146    0.452956    0.565821     0.64151    0.668519    0.642828    0.568511    0.457128    0.325971     0.19545   0.0859988           0
          0 6.17867e-05   0.0527434    0.133121     0.22863    0.324512    0.406041     0.46075     0.48032    0.461845    0.408274     0.32797    0.233447    0.139477   0.0608611           0
          0 -0.00204714   0.0297975   0.0789019    0.137452    0.196322     0.24643    0.280093    0.292187    0.280924    0.248125    0.198945    0.141096   0.0836945   0.0358866           0
          0 -0.00316687   0.0111573   0.0337319   0.0608311   0.0881617    0.111469    0.127163    0.132852    0.127703    0.112569   0.0898606   0.0631893   0.0368276   0.0150844           0
          0           0           0           0           0           0           0           0           0           0           0           0           0           0           0           0
