           0            0            0            0            0            0            0            0            0            0            0            0            0            0            0            0
           0  -0.00589836  -0.00468779  -0.00140032   0.00306936   0.00781414    0.0119845    0.0148832    0.0160534    0.0153401    0.0129118   0.00923847   0.00502978   0.00114675  -0.00149023            0
           0  -0.00531861   0.00788628    0.0294464    0.0556333    0.0821861     0.104904      0.12025     0.125874     0.120959     0.106342    0.0843981    0.0586814    0.0334099    0.0128533            0
           0  -0.00310733     0.028169    0.0767685     0.134881     0.193395     0.243242      0.27676      0.28884       0.2777     0.245153     0.196339     0.138948    0.0820731    0.0348412            0
           0  2.65054e-06    0.0526632     0.133057     0.228613      0.32456     0.406157     0.460922     0.480529     0.462067     0.408487     0.328157     0.233598     0.139591    0.0609421            0
           0   0.00332942     0.077415     0.189573      0.32249     0.455763     0.569003     0.644935     0.672028     0.646248     0.571679     0.459903     0.328248     0.197162    0.0871106            0
           0   0.00626148    0.0985425     0.237632     0.402201     0.567084     0.707112     0.800958      0.83438     0.802394     0.710042     0.571626      0.40854     0.246027     0.109345            0
           0    0.0083077     0.112785     0.269896     0.455629     0.641638     0.799566     0.905378     0.943023     0.906885     0.802643     0.646415     0.462312     0.278777     0.124269            0
           0   0.00915032     0.117976     0.281473     0.474687     0.668152     0.832392     0.942419     0.981547     0.943938     0.835496     0.672976     0.481443     0.290468     0.129634            0
           0   0.00868333     0.113363     0.270656     0.456546     0.642679     0.800695     0.906554     0.944204     0.908026     0.803703     0.647353     0.463093     0.279373     0.124657            0
           0   0.00702676    0.0997199      0.23918     0.404067     0.569203     0.709411     0.803355     0.836786     0.804722     0.712203     0.573539     0.410134     0.247242     0.110136            0
           0   0.00451336    0.0792347     0.191964     0.325372     0.459038     0.572557     0.648643     0.675753     0.649851     0.575023     0.462863     0.330715     0.199044    0.0883362            0
           0   0.00165154    0.0551923     0.136376     0.232612     0.329107     0.411098     0.466082     0.485716     0.467085     0.413145     0.332279     0.237032     0.142212    0.0626517            0
           0 -0.000924453    0.0315021    0.0811298     0.140133     0.199374     0.249751     0.283568     0.295692     0.284331     0.251306      0.20178      0.14348    0.0855346    0.0371056            0
           0  -0.00249637    0.0121507    0.0349946    0.0623094    0.0898023     0.113219      0.12897     0.134663     0.129465     0.114228    0.0913619    0.0644763    0.0378433    0.0157723            0
           0            0            0            0            0            0            0            0            0            0            0            0            0            0            0            0
