           0            0            0            0            0            0            0            0            0            0            0            0            0            0            0            0
           0  -0.00712985   -0.0064432  -0.00350808  0.000762238   0.00542465   0.00958894    0.0125219    0.0137427    0.0130883    0.0107366   0.00718249   0.00317075 -0.000400326  -0.00258327            0
           0  -0.00757254   0.00447515    0.0250429    0.0504193    0.0763529    0.0986479     0.113773     0.119379     0.114652     0.100432    0.0790903    0.0541786    0.0299067    0.0105279            0
           0  -0.00656734    0.0227494    0.0694975     0.125941     0.183054     0.231855     0.264757     0.276702     0.265927     0.234232     0.186709     0.130978    0.0760446    0.0309498            0
           0  -0.00473816    0.0450819     0.122658     0.215561       0.3092     0.389019       0.4427     0.462025     0.444128     0.391924     0.313678     0.221757     0.130762    0.0553258            0
           0  -0.00262391    0.0677725     0.176171     0.305467     0.435533     0.546266     0.620644     0.647307     0.622286      0.54961       0.4407     0.312647     0.185621    0.0798283            0
           0 -0.000686904    0.0872015     0.221745     0.381882     0.542799     0.679706       0.7716     0.804464     0.773399     0.683374     0.548481     0.389804     0.232229     0.100679            0
           0  0.000710899     0.100334     0.252379     0.433142     0.614683      0.76908     0.872674     0.909676     0.874564     0.772936     0.620668     0.441508     0.263491     0.114692            0
           0   0.00133921     0.105155      0.26341     0.451468     0.640291     0.800856     0.908573     0.947027      0.91048     0.804751      0.64634     0.459936     0.274677     0.119749            0
           0    0.0011237     0.100967      0.25321     0.434139     0.615811     0.770298     0.873941     0.910945     0.875789     0.774074     0.621676      0.44235     0.264133     0.115111            0
           0  0.000155348    0.0884936     0.223437     0.383912     0.545096     0.682188      0.77418     0.807049     0.775896     0.685693     0.550536     0.391519     0.233539     0.101533            0
           0  -0.00131752    0.0697738     0.178789     0.308606     0.439082     0.550102     0.624631     0.651304     0.626148     0.553196      0.44388     0.315302      0.18765    0.0811528            0
           0  -0.00291146    0.0478727       0.1263     0.219922     0.314128     0.394345     0.448238      0.46758     0.449498     0.396913     0.318103     0.225455     0.133593    0.0571767            0
           0  -0.00413515    0.0264457    0.0743008     0.131679     0.189535     0.238862     0.272049      0.28402     0.273006     0.240811     0.192547     0.135861    0.0797921    0.0334093            0
           0  -0.00440303   0.00923856    0.0311851    0.0577321    0.0846087     0.107583     0.123083     0.128733     0.123704     0.108846    0.0865586    0.0604349    0.0347255     0.013715            0
           0            0            0            0            0            0            0            0            0            0            0            0            0            0            0            0
