          0           0           0           0           0           0           0           0           0           0           0           0           0           0           0           0
          0 -0.00809469 -0.00787213 -0.00528478  -0.0012488   0.0032751  0.00737416   0.0102946   0.0115417   0.0109479  0.00869656  0.00529695  0.00151375 -0.00173547  -0.0034934           0
          0 -0.00941709  0.00145399   0.0208653    0.045174   0.0701973   0.0918051     0.10652    0.112031    0.107536   0.0938639   0.0733512   0.0494959   0.0264401    0.008361           0
          0 -0.00947153   0.0177244   0.0621946    0.116379    0.171456    0.218648    0.250542    0.262198    0.251895    0.221395    0.175674    0.122184   0.0697253    0.027132           0
          0 -0.00877854    0.037862    0.111879    0.201146    0.291435    0.368565    0.420532    0.439337    0.422186    0.371926    0.296614    0.208303    0.121228   0.0496624           0
          0 -0.00774537   0.0584399    0.162019    0.286316    0.411729    0.518696    0.590657    0.616563    0.592559     0.52257    0.417713    0.294625    0.172946   0.0723685           0
          0 -0.00669845   0.0761172    0.204783    0.358772    0.513937    0.646167    0.735047    0.766955    0.737134    0.650422    0.520526    0.367955    0.216927   0.0917195           0
          0 -0.00588261    0.088098    0.233564    0.407416    0.582471    0.731584    0.831766    0.867677     0.83396    0.736062    0.589418    0.417123    0.246451    0.104742           0
          0 -0.00544903   0.0925293    0.243962    0.424844    0.606925    0.761994    0.866159    0.903475    0.868374    0.766519    0.613951    0.434675    0.257037    0.109459           0
          0 -0.00544354   0.0887708    0.234444    0.408469    0.583659    0.732864    0.833093    0.869005    0.835242    0.737252    0.590472    0.418004    0.247124    0.105181           0
          0 -0.00580162   0.0774901    0.206576    0.360917    0.516355    0.648772    0.737748    0.769658    0.739743    0.652845    0.522675     0.36975      0.2183   0.0926156           0
          0 -0.00635166   0.0605697    0.164796    0.289632    0.415464    0.522719    0.594827    0.620737     0.59659    0.526315    0.421037    0.297405    0.175075   0.0737595           0
          0 -0.00682399   0.0408396    0.115749    0.205758    0.296623    0.374148     0.42632     0.44513    0.427783     0.37713    0.301238    0.212176    0.124201   0.0516091           0
          0 -0.00685821   0.0216825    0.067312    0.122456    0.178278    0.225986    0.258149    0.269815     0.25926    0.228248    0.181772    0.127303   0.0736665   0.0297252           0
          0 -0.00599213  0.00658144   0.0274341   0.0529334   0.0788888    0.101148    0.116209    0.121739    0.116929    0.102614   0.0811494   0.0560621   0.0315234   0.0117347           0
          0           0           0           0           0           0           0           0           0           0           0           0           0           0           0           0
