           0            0            0            0            0            0            0            0            0            0            0            0            0            0            0            0
           0  -0.00751797  -0.00701108   -0.0042066 -2.04531e-05    0.0045958   0.00874167    0.0116747    0.0129078    0.0122759   0.00995936   0.00645948   0.00253009 -0.000921524  -0.00294245            0
           0  -0.00830446   0.00330463    0.0234559    0.0484585    0.0740805    0.0961449     0.111135     0.116714     0.112069    0.0980392    0.0769848    0.0524433     0.028605   0.00970053            0
           0  -0.00771085    0.0208279    0.0667661     0.122424     0.178838     0.227093     0.259657     0.271509     0.260901     0.229618     0.182718     0.127768    0.0737076    0.0295128            0
           0  -0.00632176    0.0423418      0.11866     0.210301      0.30279     0.381693     0.434796     0.453951     0.436314     0.384781     0.307548     0.216881     0.127263    0.0532097            0
           0  -0.00462563    0.0642464     0.170947      0.29851     0.426979     0.536429     0.609989     0.636401     0.611735     0.539985     0.432473     0.306142     0.180988    0.0770526            0
           0  -0.00303257    0.0830247     0.215501     0.373508     0.532452     0.667764     0.758637     0.791183     0.760551     0.671667     0.538497     0.381936      0.22665     0.097353            0
           0  -0.00185943    0.0957297     0.245464     0.423834      0.60315     0.755744     0.858181     0.894819     0.860193     0.759849     0.609519     0.432737     0.257286     0.111004            0
           0  -0.00130603     0.100407     0.256266     0.441841     0.628351     0.787041     0.893553     0.931627     0.895583     0.791188      0.63479     0.450854     0.268257     0.115936            0
           0  -0.00143571    0.0963797     0.246315     0.424855     0.604303     0.756989     0.859474     0.896113     0.861442     0.761009     0.610547     0.433595     0.257942     0.111431            0
           0  -0.00216765    0.0843504     0.217236     0.375587       0.5348     0.670298     0.761268     0.793818     0.763096      0.67403     0.540592     0.383685     0.227986    0.0982248            0
           0  -0.00328305    0.0663011     0.173631     0.301723     0.430606     0.540344     0.614054     0.640473     0.615669     0.543639     0.435715      0.30885      0.18306    0.0784052            0
           0   -0.0044422      0.04521     0.122397     0.214766     0.307827     0.387129     0.440441     0.459608     0.441782     0.389862     0.312058     0.220654     0.130154     0.055101            0
           0  -0.00520402    0.0246324    0.0716998     0.128303     0.185462     0.234241     0.267084     0.278956     0.268102     0.236315     0.188667     0.132751    0.0775367    0.0320285            0
           0  -0.00503011   0.00821785    0.0297745    0.0559575    0.0825198     0.105254     0.120609     0.126221     0.121269     0.106598    0.0845941    0.0588308    0.0335349    0.0129657            0
           0            0            0            0            0            0            0            0            0            0            0            0            0            0            0            0
