           0            0            0            0            0            0            0            0            0            0            0            0            0            0            0            0
           0  -0.00766742  -0.00723207    -0.004481 -0.000330644   0.00426463   0.00840078    0.0113321    0.0125694    0.0119468   0.00964553   0.00616919   0.00227471  -0.00112754  -0.00308308            0
           0  -0.00858968    0.0028389    0.0228135    0.0476535    0.0731373    0.0950974     0.110026      0.11559     0.110981    0.0970342     0.076106    0.0517254    0.0280727    0.0093671            0
           0  -0.00815947    0.0200546    0.0656452     0.120959     0.177063     0.225075     0.257486     0.269295     0.258758     0.227657     0.181032     0.126422     0.072739    0.0289263            0
           0  -0.00694552    0.0412317     0.117007     0.208095     0.300075      0.37857     0.431413     0.450489     0.432966     0.381729     0.304942     0.214824     0.125803    0.0523406            0
           0  -0.00541602    0.0628122     0.168778     0.295581     0.423343     0.532221     0.605414     0.631712       0.6072     0.535859     0.428964     0.303387     0.179049    0.0759083            0
           0  -0.00396012    0.0813219     0.212903     0.369975     0.528044     0.662646     0.753062     0.785463      0.75502      0.66664      0.53423     0.378597     0.224308    0.0959792            0
           0  -0.00287666    0.0938504     0.242582     0.419902     0.598231     0.750024     0.851943     0.888416     0.854001     0.754225      0.60475     0.429012     0.254679     0.109478            0
           0  -0.00235325    0.0984678     0.253288     0.437771     0.623256     0.781112     0.887085     0.924987     0.889163     0.785356     0.629847     0.446995     0.265559     0.114358            0
           0  -0.00244884    0.0945064     0.243441     0.420931     0.599394     0.751278     0.853245     0.889719     0.855259     0.755393     0.605785     0.429876     0.255339     0.109908            0
           0  -0.00308671    0.0826602     0.214653     0.372071     0.530411       0.6652     0.755712     0.788116     0.757583      0.66902     0.536339     0.380359     0.225655    0.0968575            0
           0  -0.00405985    0.0648869     0.171487     0.298822     0.426999     0.536165     0.609508     0.635812     0.611161     0.539538     0.432228     0.306115     0.181136    0.0772713            0
           0  -0.00504609    0.0441289      0.12078     0.212599     0.305153     0.384046     0.437097     0.456183     0.438469     0.386844     0.309483     0.218624     0.128716    0.0542468            0
           0  -0.00562449    0.0238998    0.0706277     0.126891     0.183741     0.232274     0.264962     0.276788     0.266004     0.234397     0.187021     0.131442    0.0765984    0.0314628            0
           0  -0.00527565   0.00780868    0.0291984    0.0552219    0.0816444      0.10427     0.119558     0.125152     0.120234     0.105645    0.0837668    0.0581613    0.0330438    0.0126613            0
           0            0            0            0            0            0            0            0            0            0            0            0            0            0            0            0
