          0           0           0           0           0           0           0           0           0           0           0           0           0           0           0           0
          0 -0.00822978 -0.00807739 -0.00554567 -0.00155007  0.00294727  0.00703135  0.00994627   0.0111958   0.0106118  0.00837841  0.00500636  0.00126235 -0.00193431 -0.00362603           0
          0 -0.00968291  0.00099742   0.0202103   0.0443278   0.0691827   0.0906599    0.105295    0.110784     0.10633   0.0927575   0.0723954    0.048729   0.0258851   0.0080244           0
          0 -0.00989671   0.0169459   0.0610176    0.114794    0.169495    0.216386    0.248088    0.259686    0.249468    0.219185    0.173794    0.120707   0.0686868   0.0265235           0
          0 -0.00937551    0.036728    0.110117    0.198724    0.288397    0.365024    0.416669    0.435371    0.418355     0.36845    0.293674    0.206017    0.119642   0.0487479           0
          0 -0.00850625   0.0569623    0.159686    0.283075     0.40763    0.513897    0.585403    0.611164    0.587343    0.517846    0.413731    0.291543    0.170822   0.0711554           0
          0 -0.00759453   0.0743539    0.201974    0.354845    0.508949     0.64031    0.728625    0.760349    0.730753    0.644648    0.515667    0.364206    0.214353   0.0902565           0
          0 -0.00686725   0.0861465     0.23044    0.403034    0.576894    0.725025    0.824568     0.86027    0.826805    0.729591    0.583976    0.412931    0.243578    0.103114           0
          0  -0.0064635   0.0905136     0.24073    0.420305    0.601144    0.755191     0.85869    0.895788     0.86095    0.759805    0.608307    0.430329    0.254061    0.107773           0
          0 -0.00642476   0.0868243    0.231326    0.404094    0.578089    0.726312    0.825902    0.861604    0.828093    0.730786    0.585037    0.413816    0.244255    0.103555           0
          0 -0.00669059   0.0757373     0.20378    0.357004    0.511382     0.64293    0.731341    0.763066    0.733376    0.647084    0.517827    0.366011    0.215734   0.0911579           0
          0 -0.00710111   0.0591089    0.162484    0.286414     0.41139    0.517943    0.589597    0.615359    0.591394     0.52161    0.417072    0.294339    0.172963   0.0725547           0
          0 -0.00740413     0.03973    0.114016    0.203368    0.293617    0.370639    0.422487    0.441193    0.423979    0.373681    0.298322    0.209912    0.122632   0.0507067           0
          0 -0.00725935   0.0209385   0.0661759    0.120915     0.17636    0.223765    0.255733    0.267339    0.256866    0.226071    0.179923    0.125855   0.0726524   0.0291336           0
          0 -0.00622375  0.00617331   0.0268351   0.0521448    0.077929    0.100053    0.115028    0.120533    0.115762    0.101547   0.0802336   0.0553338    0.031002    0.011422           0
          0           0           0           0           0           0           0           0           0           0           0           0           0           0           0           0
