           0            0            0            0            0            0            0            0            0            0            0            0            0            0            0            0
           0  -0.00465936  -0.00295514  0.000646473   0.00527556    0.0100653    0.0142104    0.0170524    0.0181608    0.0173898    0.0148989    0.0111325   0.00676285   0.00261033 -0.000437468            0
           0  -0.00315687    0.0109594    0.0331719    0.0597821    0.0865735     0.109392     0.124744     0.130304     0.125265     0.110457    0.0882244    0.0620826    0.0362046    0.0148225            0
           0  0.000103233    0.0327689    0.0824277     0.141303     0.200322     0.250459     0.284087     0.296118     0.284777      0.25187     0.202511     0.144357    0.0864577    0.0379029            0
           0   0.00430315     0.058849     0.140733     0.237421     0.334175     0.416281     0.471282     0.490865     0.472121     0.417996      0.33684     0.241148     0.145669    0.0651684            0
           0   0.00864724    0.0850795     0.199133     0.333534     0.467905     0.581871     0.658166     0.685262     0.659126     0.583836     0.470965     0.337826     0.204842    0.0924396            0
           0    0.0124048     0.107406      0.24872     0.415062     0.581283     0.722218     0.816534     0.849985     0.817583     0.724366     0.584634     0.419776     0.255017     0.115577            0
           0    0.0149815     0.122417     0.281964     0.469657      0.65716     0.816113     0.922467     0.960159     0.923566     0.818366      0.66068     0.474619     0.288614     0.131086            0
           0      0.01599     0.127847     0.293846     0.489078     0.684087      0.84939     0.959983     0.999165      0.96109     0.851662     0.687639      0.49409     0.300574     0.136639            0
           0    0.0152994     0.122907     0.282612     0.470441     0.658054     0.817087     0.923485     0.961184     0.924558     0.819288     0.661496     0.475298     0.289131     0.131423            0
           0    0.0130539     0.108407     0.250042     0.416663      0.58311     0.724209     0.818619     0.852084     0.819615     0.726253     0.586304     0.421166     0.256075     0.116266            0
           0   0.00965452    0.0866322     0.201183     0.336019     0.470745      0.58497     0.661412     0.688533     0.662294     0.586776     0.473565     0.339989     0.206488    0.0935113            0
           0   0.00571025    0.0610152     0.143592     0.240889     0.338146     0.420624      0.47584     0.495461     0.476573     0.422126     0.340488     0.244179     0.147975    0.0666704            0
           0   0.00196965    0.0356315    0.0862006     0.145886     0.205585     0.256234     0.290161     0.302252     0.290719     0.257376     0.207365     0.148383    0.0895202     0.039901            0
           0 -0.000744257    0.0146233    0.0379839    0.0656392    0.0933315     0.116842      0.13261     0.138263     0.132973     0.117585    0.0944877    0.0672608    0.0401407    0.0174038            0
           0            0            0            0            0            0            0            0            0            0            0            0            0            0            0            0
