           0            0            0            0            0            0            0            0            0            0            0            0            0            0            0            0
           0  -0.00684648   -0.0060335  -0.00300959     0.001315   0.00600432    0.0101765    0.0131058    0.0143164    0.0136469    0.0112733   0.00768513    0.0036201 -3.10864e-05  -0.00232597            0
           0  -0.00704532   0.00529789     0.026135    0.0517448    0.0778668     0.100298     0.115499     0.121118     0.116339     0.102002    0.0804828    0.0553398    0.0307911    0.0111004            0
           0  -0.00575006     0.024081    0.0713448     0.128276     0.185812      0.23494      0.26804     0.280036     0.269158      0.23721     0.189303     0.133088     0.077605    0.0319288            0
           0  -0.00361166    0.0469655     0.125337     0.219019     0.313356     0.393725     0.447748     0.467172     0.449111     0.396496      0.31763     0.224935     0.133078    0.0567554            0
           0  -0.00120405    0.0701846     0.179651     0.310015     0.441051     0.552557     0.627423      0.65423     0.628988     0.555746     0.445981     0.316866     0.188671    0.0816946            0
           0  0.000974016    0.0900502     0.225891     0.387338     0.549455     0.687322     0.779826     0.812875     0.781541     0.690819     0.554873     0.394894     0.235891     0.102909            0
           0   0.00252913     0.103468     0.256963     0.439197     0.622089     0.777572     0.881858     0.919071     0.883659     0.781248     0.627795     0.447173     0.267558     0.117162            0
           0    0.0032097     0.108386     0.268141     0.457726     0.647954     0.809649     0.918086     0.956762     0.919904      0.81336      0.65372     0.465798     0.278882       0.1223            0
           0   0.00293371      0.10409     0.257778     0.440176     0.623198     0.778771     0.883105     0.920321     0.884867     0.782369     0.628788     0.448002     0.268191     0.117574            0
           0   0.00179922     0.091317     0.227551     0.389332     0.551713     0.689764     0.782366     0.815421     0.784002     0.693103     0.556897     0.396583     0.237181     0.103749            0
           0  7.51458e-05    0.0721457     0.182219     0.313098      0.44454     0.556331     0.631349     0.658168     0.632794      0.55928     0.449113      0.31948     0.190668    0.0829976            0
           0  -0.00182456    0.0496982     0.128907       0.2233     0.318201     0.398967     0.453206     0.472648     0.454406     0.401414      0.32199     0.228576     0.135863    0.0585755            0
           0  -0.00337364    0.0276964    0.0760501     0.133907     0.192184     0.241839     0.275229     0.287255      0.27614     0.243697     0.195055     0.137896      0.08129    0.0343455            0
           0  -0.00395386    0.0099495    0.0321449    0.0589169    0.0859828     0.109099     0.124683     0.130352     0.125274     0.110303    0.0878424    0.0614957    0.0355254    0.0142284            0
           0            0            0            0            0            0            0            0            0            0            0            0            0            0            0            0
