           0            0            0            0            0            0            0            0            0            0            0            0            0            0            0            0
           0  -0.00440297   -0.0025871   0.00109354   0.00577111    0.0105839     0.014733    0.0175662    0.0186577    0.0178644    0.0153454    0.0115424   0.00712324   0.00290339   -0.0002335            0
           0  -0.00273475    0.0115627    0.0339041    0.0605948    0.0874265     0.110255     0.125595      0.13113     0.126055     0.111201    0.0889077    0.0626839    0.0366947    0.0151656            0
           0   0.00069695    0.0336113     0.083446     0.142431     0.201506     0.251659     0.285272      0.29727     0.285882     0.252912      0.20347     0.145204     0.087152    0.0383933            0
           0   0.00506255    0.0599183      0.14202     0.238843     0.335666      0.41779     0.472775     0.492317     0.473516     0.419315     0.338058     0.242228     0.146559     0.065803            0
           0   0.00955207     0.086345     0.200649     0.335205     0.469653     0.583639     0.659915     0.686965     0.660763     0.585387     0.472402     0.339105     0.205902    0.0932017            0
           0    0.0134206     0.108819     0.250407     0.416916     0.583218     0.724173     0.818467     0.851867     0.819395     0.726086     0.586231     0.421203     0.256206     0.116437            0
           0    0.0160623     0.123915     0.283746     0.471611     0.659196     0.818167     0.924495     0.962134     0.925469     0.820175     0.662364     0.476128     0.289876     0.132002            0
           0    0.0170824     0.129357     0.295639     0.491039     0.686128     0.851446     0.962011      1.00114     0.962993     0.853472     0.689327     0.495606     0.301846     0.137564            0
           0    0.0163484     0.124356     0.284329     0.472317     0.660004     0.819048     0.925418     0.963064      0.92637     0.821013     0.663106     0.476746     0.290347     0.132309            0
           0    0.0140083     0.109725     0.251604     0.418368     0.584879     0.725986     0.820367     0.853783     0.821252     0.727812     0.587759     0.422475     0.257175     0.117068            0
           0    0.0104723    0.0877635     0.202524     0.337481     0.472259     0.586489     0.662905     0.689982     0.663688     0.588104     0.474804     0.341104     0.207425    0.0941932            0
           0   0.00636251    0.0619196     0.144665     0.242058     0.339354     0.421833     0.477025     0.496609     0.477676     0.423176     0.341468     0.245061     0.148715    0.0672082            0
           0   0.00244197    0.0362881    0.0869792     0.146733     0.206459     0.257104     0.291012     0.303074     0.291508     0.258126     0.208066     0.149014    0.0900495    0.0402845            0
           0 -0.000452875    0.0150286    0.0384636     0.066159    0.0938649     0.117371     0.133124     0.138758     0.133447     0.118036    0.0949107    0.0676426    0.0404613    0.0176361            0
           0            0            0            0            0            0            0            0            0            0            0            0            0            0            0            0
