          0           0           0           0           0           0           0           0           0           0           0           0           0           0           0           0
          0 -0.00748331 -0.00616657 -0.00268473  0.00203268  0.00703891   0.0114478   0.0145337   0.0158239   0.0151627   0.0127334  0.00903279  0.00480226 0.000925455 -0.00169017           0
          0 -0.00796001  0.00492203   0.0259497   0.0514925   0.0774016   0.0995881    0.114614    0.120197    0.115554    0.101516   0.0804083   0.0557057   0.0315159   0.0119685           0
          0 -0.00742382   0.0225655   0.0691777    0.124923    0.181067    0.228923    0.261153    0.272874    0.262395    0.231478    0.185076    0.130598   0.0767899    0.032428           0
          0 -0.00636461   0.0437325    0.120268    0.211265    0.302659     0.38042    0.432676    0.451516    0.434196    0.383559    0.307617    0.218351    0.129911   0.0564898           0
          0 -0.00513582   0.0650456    0.171405    0.297501    0.423973     0.53148    0.603647    0.629554    0.605407    0.535126    0.429763    0.305846    0.182897   0.0805041           0
          0 -0.00400352   0.0832091    0.214825    0.370628    0.526778    0.659447     0.74845    0.780326    0.750394    0.663483    0.533216    0.379966    0.227798    0.100865           0
          0 -0.00315897   0.0954638    0.243974    0.419635    0.595616    0.745093    0.845341    0.881199    0.847397    0.749369    0.602455    0.429594    0.257887    0.114534           0
          0 -0.00271601   0.0999821    0.254489    0.437178    0.620168    0.775581    0.879796    0.917056    0.881881    0.779921    0.627117    0.447314    0.268681     0.11949           0
          0  -0.0027053   0.0961363    0.244853    0.420701    0.596838    0.746433    0.846748    0.882621    0.848775     0.75065    0.603589    0.430543     0.25862    0.115032           0
          0 -0.00307186   0.0845927    0.216638     0.37283     0.52931    0.662226    0.751375    0.783281    0.753259    0.666143    0.535568    0.381929    0.229312    0.101892           0
          0 -0.00367823   0.0672172    0.174261    0.300986    0.427995     0.53591    0.608319    0.634279    0.609987    0.539371    0.433508     0.30896     0.18529   0.0821205           0
          0 -0.00431153    0.046806    0.124336    0.216261     0.30846    0.386838    0.439466    0.458393    0.440858     0.38972    0.313031    0.222829    0.133331   0.0587864           0
          0 -0.00468924   0.0266867   0.0746822    0.131749     0.18906    0.237825    0.270613    0.282472    0.271687    0.240042    0.192559    0.136738   0.0814344   0.0355175           0
          0 -0.00445285   0.0102555   0.0331683   0.0605674   0.0881563    0.111676    0.127531    0.133334    0.128259    0.113175   0.0905118   0.0639014   0.0376258     0.01597           0
          0           0           0           0           0           0           0           0           0           0           0           0           0           0           0           0
