          0           0           0           0           0           0           0           0           0           0           0           0           0           0           0           0
          0 -0.00216476  -0.0022461 -0.00241919 -0.00279332 -0.00330678 -0.00382329 -0.00419871 -0.00432635 -0.00416375 -0.00374112 -0.00315156 -0.00252285 -0.00197004 -0.00152581           0
          0 0.000897204  0.00853127   0.0191789   0.0312382   0.0429945   0.0528039   0.0593013   0.0615859   0.0593479   0.0529142   0.0432048   0.0316071    0.019792  0.00950799           0
          0  0.00594322   0.0252268   0.0521654   0.0829524    0.113209    0.138602    0.155477    0.161403    0.155531    0.138732    0.113459   0.0833955   0.0529052   0.0264068           0
          0   0.0120967   0.0451839   0.0913951    0.144333    0.196473    0.240304     0.26946    0.279693    0.269518    0.240446     0.19675    0.144827   0.0922278   0.0465225           0
          0   0.0183604   0.0652935    0.130816    0.205941    0.280003    0.342302    0.383759    0.398305    0.383818    0.342447    0.280291    0.206465     0.13171   0.0667474           0
          0    0.023752   0.0824595    0.164387    0.258355    0.351029    0.429008    0.480907    0.499115    0.480964    0.429151    0.351318    0.258889    0.165312   0.0839821           0
          0   0.0274453   0.0940646    0.186997    0.293595     0.39874    0.487224    0.546119    0.566778    0.546172    0.487359     0.39902    0.294121    0.187921   0.0956042           0
          0    0.028892   0.0983658    0.195238    0.306342    0.415929     0.50815    0.569532    0.591061    0.569579    0.508274     0.41619    0.306843    0.196129   0.0998672           0
          0   0.0279034   0.0947581    0.187925    0.294745    0.400087    0.488726    0.547718    0.568407    0.547759    0.488835    0.400324    0.295206    0.188753   0.0961656           0
          0   0.0246769   0.0838656    0.166277     0.26071    0.353797    0.432104    0.484212    0.502484    0.484246    0.432198    0.354004    0.261117    0.167017   0.0851279           0
          0   0.0197647   0.0674456    0.133735    0.209609    0.284347    0.347186    0.388989    0.403645    0.389016    0.347263    0.284519    0.209954    0.134364   0.0685208           0
          0   0.0139862   0.0481183    0.095433    0.149475    0.202632    0.247285    0.276973    0.287379    0.276994    0.247345     0.20277    0.149752   0.0959382   0.0489785           0
          0    0.008296   0.0289602   0.0574213   0.0897835     0.12152    0.148129      0.1658    0.171992    0.165816    0.148175    0.121624   0.0899911   0.0577982    0.029595           0
          0   0.0036243   0.0130186   0.0257306   0.0400145   0.0539147   0.0655122   0.0731924   0.0758809   0.0732039   0.0655444   0.0539866   0.0401557   0.0259829   0.0134352           0
          0           0           0           0           0           0           0           0           0           0           0           0           0           0           0           0
