          0           0           0           0           0           0           0           0           0           0           0           0           0           0           0           0
          0 -0.00744893 -0.00635826 -0.00292139  0.00193918  0.00721498   0.0119326    0.015283   0.0167332   0.0161021   0.0135847  0.00972167  0.00531709  0.00131428 -0.00135292           0
          0 -0.00940071 0.000286493   0.0172212   0.0383127   0.0599898   0.0787191    0.091525   0.0964308   0.0927528   0.0812021   0.0637766   0.0434582   0.0237582    0.008175           0
          0   -0.010993   0.0114136   0.0478905   0.0922833    0.137402    0.176097    0.202329    0.212078     0.20395    0.179384    0.142445   0.0991998   0.0568069   0.0224224           0
          0  -0.0124039   0.0249523   0.0842252     0.15571    0.228035    0.289872    0.331643    0.346965    0.333623    0.293904    0.234256     0.16432   0.0954793    0.039138           0
          0  -0.0136242   0.0386644    0.120631    0.219044    0.318387    0.403189    0.460366    0.481199    0.462656    0.407862    0.325633    0.229154    0.133998   0.0557942           0
          0  -0.0145572   0.0503978    0.151575    0.272763    0.394941    0.499146    0.569334     0.59481    0.571858     0.50431    0.402981    0.284046    0.166623    0.069911           0
          0  -0.0150866   0.0583637    0.172395    0.308805    0.446239      0.5634     0.64227     0.67084    0.644936    0.568862    0.454765    0.320819    0.188503   0.0794037           0
          0  -0.0151219   0.0613812    0.179988    0.321796    0.464628    0.586367    0.668301    0.697958    0.671002    0.591906    0.473284    0.334014    0.196406   0.0828863           0
          0  -0.0146258   0.0590437    0.173275    0.309859    0.447433    0.564695     0.64362    0.672195    0.646245    0.570077    0.455843    0.321722    0.189202    0.079877           0
          0  -0.0136227   0.0517772    0.153361    0.274903    0.397369     0.50178    0.572079    0.597566    0.574522    0.506782     0.40517    0.285879    0.168039     0.07087           0
          0  -0.0121908   0.0407814    0.123375    0.222336    0.322126     0.40725    0.464603    0.485453    0.466766    0.411672    0.329004     0.23197     0.13617   0.0572621           0
          0  -0.0104347   0.0278618   0.0880004    0.160248    0.233199     0.29549    0.337512    0.352862    0.339318    0.299176     0.23891    0.168197   0.0984601   0.0411458           0
          0  -0.0084404   0.0151838   0.0527887   0.0981853    0.144138    0.183444    0.210019    0.219809    0.211411    0.186279    0.148511    0.104231   0.0606564   0.0250027           0
          0  -0.0062059  0.00499332   0.0233427   0.0457136   0.0684699   0.0880025    0.101266    0.106234    0.102207   0.0899139    0.071407   0.0497463   0.0285332   0.0113508           0
          0           0           0           0           0           0           0           0           0           0           0           0           0           0           0           0
