           0            0            0            0            0            0            0            0            0            0            0            0            0            0            0            0
           0   -0.0106859   -0.0108547  -0.00868921  -0.00509388 -0.000977943   0.00281405   0.00559304   0.00690979   0.00661292   0.00486811   0.00213387 -0.000903109  -0.00342275  -0.00457985            0
           0   -0.0124363  -0.00133511    0.0183304    0.0428872    0.0681457    0.0899816     0.104928     0.110684     0.106452    0.0930573    0.0728238    0.0492277    0.0263779   0.00840234            0
           0   -0.0128952    0.0152912     0.060833     0.116093     0.172173      0.22023     0.252794     0.264892     0.254796      0.22428     0.178363     0.124547    0.0716886    0.0286669            0
           0   -0.0125808    0.0358815     0.111854     0.203087     0.295206      0.37388     0.426983     0.446434     0.429418      0.37882     0.302792     0.213526     0.125414    0.0528786            0
           0   -0.0118706    0.0569457     0.163334     0.290454     0.418489     0.527653     0.601193     0.627937     0.603994     0.533349     0.427273     0.302623     0.179298    0.0772431            0
           0   -0.0110472    0.0750882     0.207287     0.364822     0.523274     0.658248     0.749078     0.781981     0.752154     0.664515     0.532972     0.378325     0.225134    0.0980202            0
           0   -0.0103126    0.0874707     0.236973     0.414873     0.593677     0.745909     0.848295     0.885307     0.851533     0.752516     0.603923     0.429189     0.255987     0.112061            0
           0  -0.00978705    0.0922139     0.247909     0.433062     0.619095     0.777448     0.883925     0.922384     0.887199     0.784132     0.629472     0.447583     0.267234     0.117272            0
           0   -0.0095057    0.0886689     0.238535     0.416758      0.59583     0.748258     0.850756     0.887786     0.853934     0.754746     0.605899     0.430842     0.257264     0.112925            0
           0  -0.00941706    0.0775122     0.210452      0.36865     0.527652     0.663031     0.754093     0.787035     0.757048     0.669058     0.536993     0.381684     0.227726    0.0997713            0
           0  -0.00938649    0.0606481     0.168184     0.296337     0.425238     0.535043     0.608954     0.635765     0.611573     0.540376     0.433481     0.307795     0.183276     0.079924            0
           0  -0.00920288    0.0409343     0.118504     0.211194     0.304549     0.384151     0.437797     0.457353     0.439985       0.3886     0.311403      0.22067     0.130882     0.056547            0
           0   -0.0085836    0.0217741    0.0694248     0.126647      0.18442     0.233768       0.2671     0.279359     0.268788     0.237193     0.189679     0.133872    0.0787719    0.0333829            0
           0  -0.00716784   0.00664257    0.0290143    0.0561584    0.0837017     0.107312     0.123333     0.129335     0.124474     0.109622    0.0872372    0.0609882    0.0352023    0.0142032            0
           0            0            0            0            0            0            0            0            0            0            0            0            0            0            0            0
