           0            0            0            0            0            0            0            0            0            0            0            0            0            0            0            0
           0  -0.00578472  -0.00413655 -0.000737875   0.00358156   0.00802647    0.0118726    0.0145339    0.0156308    0.0150387    0.0129048   0.00962912    0.0058116   0.00217726 -0.000504849            0
           0  -0.00432813    0.0101477    0.0325127    0.0591221    0.0858304     0.108556     0.123867     0.129485     0.124621     0.110102    0.0882434    0.0625071    0.0369918    0.0158311            0
           0  -0.00124413    0.0321512    0.0822304     0.141304     0.200389     0.250544     0.284208     0.296344     0.285202      0.25259     0.203601     0.145853    0.0883384    0.0400723            0
           0   0.00268451    0.0582932     0.140806     0.237823     0.334724     0.416902      0.47198     0.491703     0.473196     0.419413     0.338691     0.243494     0.148527    0.0685108            0
           0   0.00672589    0.0845105     0.199357     0.334173     0.468736     0.582796     0.659187     0.686451     0.660594     0.585709     0.473362     0.340843     0.208544     0.096869            0
           0     0.010222     0.106807     0.249038     0.415856     0.582294     0.723335     0.817758     0.851396      0.81931     0.726557     0.587433      0.42331     0.259395     0.120904            0
           0    0.0126439     0.121822     0.282373     0.470587      0.65833       0.8174      0.92387     0.961764      0.92551     0.820809     0.663783     0.478529     0.293469     0.137032            0
           0    0.0136503     0.127325      0.29438     0.490171     0.685448     0.850889     0.961614      1.00101     0.963275     0.854346     0.690984     0.498246     0.305687     0.142868            0
           0    0.0131299     0.122547     0.283329     0.471754     0.659679     0.818887      0.92544     0.963354     0.927054     0.822243     0.665051     0.479586     0.294284     0.137584            0
           0    0.0112164     0.108295     0.251005     0.418267     0.585088     0.726422     0.821023     0.854705     0.822522     0.729537     0.590063     0.425498     0.261077      0.12204            0
           0   0.00827126    0.0868343     0.202446     0.337983     0.473174      0.58772     0.664409     0.691749     0.665734     0.590469      0.47755     0.344312     0.211196    0.0986534            0
           0   0.00483802    0.0615563     0.145185     0.243271     0.341122     0.424044     0.479584      0.49943     0.480688     0.426331     0.344747     0.248476     0.152307    0.0710341            0
           0   0.00157746    0.0364759    0.0881132     0.148723     0.209202     0.260467     0.294828      0.30716      0.29568     0.262223     0.211973     0.152671    0.0934489    0.0434413            0
           0 -0.000799973    0.0156481    0.0401514    0.0689464    0.0976865     0.122059     0.138421     0.144347     0.138997     0.123246    0.0995498    0.0715805    0.0436665    0.0201411            0
           0            0            0            0            0            0            0            0            0            0            0            0            0            0            0            0
