          0           0           0           0           0           0           0           0           0           0           0           0           0           0           0           0
          0 -0.00975259  -0.0095547 -0.00713166 -0.00337959 0.000813196  0.00462707  0.00739534   0.0086839  0.00834645  0.00654279  0.00371581 0.000530109  -0.0022175 -0.00369849           0
          0  -0.0107584  0.00121809   0.0217092   0.0470029   0.0728725   0.0951595    0.110369    0.116181     0.11179   0.0980283   0.0772365   0.0529188    0.029219   0.0103056           0
          0  -0.0103315   0.0193985   0.0665473    0.123368    0.180834    0.229974     0.26321    0.275497    0.265077    0.233752    0.186609    0.131257   0.0766805   0.0318862           0
          0 -0.00907411   0.0416781    0.120147     0.21389    0.308295    0.388792     0.44305    0.462848    0.445322    0.393401    0.315374    0.223634    0.132809   0.0575556           0
          0 -0.00746998   0.0643617     0.17412    0.304688    0.435902    0.547625    0.622802    0.650053    0.625415    0.552941    0.444101     0.31605    0.189032   0.0833323           0
          0 -0.00591185   0.0838443    0.220145    0.381917    0.544304    0.682459    0.775333     0.80888    0.778202    0.688307    0.553356    0.394528    0.236822    0.105286           0
          0 -0.00469633   0.0971079    0.251199    0.433861    0.617101    0.772931    0.877633     0.91538    0.880654    0.779096    0.626666    0.447231    0.268968    0.120104           0
          0 -0.00400779    0.102152    0.262606    0.452704     0.64335    0.805446    0.914335    0.953562     0.91739    0.811683    0.653035    0.466264    0.280663    0.125583           0
          0 -0.00390432   0.0982859    0.252738    0.435722     0.61923    0.775257    0.880073     0.91784    0.883037    0.781309    0.628626     0.44887    0.270233    0.120959           0
          0 -0.00431301   0.0862258    0.223262    0.385694    0.548633    0.687197    0.780307    0.813897    0.783062    0.692818    0.557346    0.397858    0.239388    0.107018           0
          0 -0.00503721   0.0679953    0.178892    0.310491    0.442576    0.554949    0.630504    0.657829    0.632945     0.55992    0.450262    0.321177    0.192971   0.0859834           0
          0 -0.00577391    0.046628    0.126683    0.221883    0.317535    0.398975     0.45379    0.473703    0.455829     0.40312    0.323923    0.230715    0.138219    0.061179           0
          0 -0.00613503   0.0257318   0.0749774    0.133767    0.192948    0.243405    0.277433    0.289895    0.279005    0.246595    0.197845    0.140496   0.0836799   0.0365349           0
          0 -0.00566072  0.00897831   0.0321654   0.0600674   0.0882625     0.11237    0.128693    0.134773    0.129755    0.114521   0.0915537   0.0645624   0.0379214   0.0160039           0
          0           0           0           0           0           0           0           0           0           0           0           0           0           0           0           0
