           0            0            0            0            0            0            0            0            0            0            0            0            0            0            0            0
           0   -0.0081032  -0.00731517  -0.00450907 -0.000555256   0.00370352   0.00749863    0.0102084    0.0114292    0.0110254   0.00914586   0.00620331   0.00281862 -0.000258869  -0.00223854            0
           0  -0.00791841   0.00526262    0.0267431    0.0528071    0.0792357     0.101882     0.117262     0.123063     0.118483     0.104349    0.0829951    0.0579141    0.0332409    0.0131429            0
           0  -0.00611042    0.0255896    0.0745277     0.132905     0.191639     0.241699     0.275458     0.287835     0.277062      0.24495     0.196617     0.139722    0.0833045    0.0364323            0
           0  -0.00340215    0.0501522     0.131303     0.227498     0.323989     0.406061     0.461259     0.481275     0.463212      0.41003     0.330097     0.235925     0.142284    0.0639606            0
           0 -0.000434269    0.0749961     0.188301     0.322199     0.456307     0.570257     0.646789     0.674388     0.649037     0.574836     0.463386     0.332034     0.201249    0.0915195            0
           0    0.0022373    0.0962495     0.236817     0.402652     0.568612     0.709543     0.804126     0.838132     0.806596     0.714584     0.576432     0.413577     0.251309     0.114946            0
           0   0.00417499     0.110665     0.269496     0.456707      0.64397     0.802941     0.909587     0.947869     0.912189     0.808257     0.652236     0.468294     0.284945      0.13073            0
           0   0.00509924     0.116089     0.281442     0.476255     0.671079     0.836443     0.947359     0.987148      0.94999     0.841821      0.67945     0.488007     0.297142     0.136534            0
           0   0.00491802     0.111773     0.270948     0.458469     0.645993     0.805158     0.911918     0.950222      0.91447     0.810376     0.654111      0.46986     0.286152     0.131545            0
           0   0.00373675    0.0984895     0.239759     0.406232      0.57273     0.714065     0.808884     0.842939     0.811255     0.718908     0.580253     0.416761      0.25376     0.116599            0
           0   0.00184521    0.0784128     0.192809     0.327706     0.462668     0.577262     0.654177     0.681858     0.656275     0.581542     0.469298     0.336945     0.205013    0.0940489            0
           0 -0.000316215    0.0548024     0.137478     0.235095     0.332817     0.415832     0.471595      0.49174     0.473347     0.419397      0.33832     0.242719     0.147459    0.0674179            0
           0  -0.00220245    0.0315254    0.0824892     0.142801     0.203243     0.254632     0.289202     0.301777     0.290552     0.257374     0.207458     0.148602    0.0900031    0.0408631            0
           0  -0.00320765    0.0125009    0.0366009    0.0652496    0.0940186     0.118521     0.135054     0.141155     0.135966     0.120369    0.0968491      0.06912    0.0415615    0.0185554            0
           0            0            0            0            0            0            0            0            0            0            0            0            0            0            0            0
