           0            0            0            0            0            0            0            0            0            0            0            0            0            0            0            0
           0  -0.00527071  -0.00449546  -0.00220589    0.0008866   0.00413199   0.00695482   0.00889705   0.00966461   0.00916179   0.00750399   0.00500627   0.00215066 -0.000457359  -0.00212408            0
           0  -0.00381138   0.00874704     0.028674     0.052576    0.0766349    0.0971115      0.11087     0.115831     0.111274    0.0979489    0.0779665    0.0544968     0.031318     0.012294            0
           0 -0.000313949    0.0301441    0.0764392     0.131283     0.186219     0.232853     0.264099     0.275237     0.264625     0.233944     0.187953      0.13378     0.079865    0.0347125            0
           0   0.00433988    0.0560541     0.133478     0.224769     0.316035     0.393428     0.445226     0.463612     0.445856     0.394732     0.318106     0.227749     0.137565    0.0615012            0
           0   0.00924289    0.0822965     0.190883     0.318617     0.446189     0.554309     0.626632     0.652247     0.627341     0.555779     0.448524     0.321978     0.195498    0.0884628            0
           0    0.0135376     0.104739     0.239779     0.398426     0.556783      0.69095     0.780667     0.812405     0.781431     0.692533     0.559299     0.402053      0.24477      0.11143            0
           0    0.0165161     0.119897     0.272659     0.451997      0.63095     0.782538     0.883886     0.919715     0.884677     0.784178     0.633559     0.455764     0.277853     0.126883            0
           0    0.0177124     0.125454     0.284515     0.471185     0.657425     0.815173     0.920629     0.957899     0.921419     0.816813     0.660037     0.474958     0.289724     0.132474            0
           0     0.016967     0.120599     0.273595     0.453141     0.632269     0.783987     0.885412     0.921257     0.886174     0.785569     0.634788     0.456785     0.278628     0.127385            0
           0     0.014449     0.106158     0.241675     0.400748     0.559463     0.693898     0.783773     0.815547      0.78448     0.695365     0.561801     0.404129     0.246345      0.11245            0
           0    0.0106332    0.0844648     0.193784      0.32218     0.450312     0.558855      0.63143     0.657105     0.632056     0.560155     0.452384     0.325176     0.197921    0.0900302            0
           0   0.00623487    0.0590144     0.137451     0.229667     0.321727     0.399725     0.451891     0.470369     0.452414     0.400811     0.323458     0.232171     0.140906    0.0636602            0
           0   0.00211715    0.0339471    0.0815627     0.137638     0.193648     0.241116     0.272876     0.284152     0.273276     0.241947     0.194973     0.139557    0.0842149    0.0375187            0
           0 -0.000806307    0.0134421    0.0350294    0.0605254    0.0860124     0.107622     0.122092     0.127255     0.122354     0.108166    0.0868808    0.0617848    0.0367763    0.0158111            0
           0            0            0            0            0            0            0            0            0            0            0            0            0            0            0            0
