           0            0            0            0            0            0            0            0            0            0            0            0            0            0            0            0
           0   0.00123791   0.00135822  0.000967139  0.000198132 -0.000743465  -0.00163659   -0.0022895  -0.00257377  -0.00244564  -0.00195281  -0.00122574 -0.000453693  0.000153827  0.000420733            0
           0   0.00306775   0.00449159   0.00552369   0.00619047   0.00656189    0.0067194   0.00673415    0.0066525   0.00648789   0.00621867   0.00579234   0.00513659   0.00417855   0.00287502            0
           0   0.00557081   0.00893897    0.0122174    0.0152443    0.0178363    0.0198086    0.0210007    0.0213013    0.0206665     0.019126    0.0167784    0.0137751    0.0102994   0.00654559            0
           0   0.00843847    0.0140978    0.0200694    0.0259601    0.0312697    0.0354768    0.0381276    0.0389114    0.0377114    0.0346228    0.0299356    0.0240839    0.0175718    0.0108873            0
           0    0.0112725    0.0192219    0.0279043    0.0366919    0.0447597    0.0512412    0.0553807    0.0566619    0.0548932    0.0502373    0.0431808    0.0344481    0.0248719     0.015239            0
           0    0.0136621    0.0235527    0.0345404    0.0457972    0.0562202    0.0646463    0.0700604    0.0717696    0.0695178    0.0635256    0.0544488    0.0432606    0.0310753    0.0189349            0
           0    0.0152549    0.0264431    0.0389744     0.051887     0.063891    0.0736236     0.079895    0.0818931    0.0793183    0.0724303    0.0619984    0.0491638    0.0352297    0.0214097            0
           0    0.0158145      0.02746    0.0405371    0.0540364    0.0666015    0.0767987    0.0833756    0.0854775    0.0827893    0.0755843    0.0646726    0.0512547    0.0367014    0.0222867            0
           0    0.0152582    0.0264527    0.0389959    0.0519248    0.0639472    0.0736973    0.0799821    0.0819872     0.079412    0.0725165    0.0620718    0.0492214     0.035271    0.0214354            0
           0    0.0136697    0.0235756     0.034591    0.0458859    0.0563518    0.0648182     0.070263    0.0719876     0.069734    0.0637237    0.0546165    0.0433913    0.0311679    0.0189922            0
           0     0.011285    0.0192632    0.0279983    0.0368579    0.0450064    0.0515631    0.0557588    0.0570673    0.0552931    0.0506013    0.0434862    0.0346832     0.025036    0.0153387            0
           0   0.00845234    0.0141607    0.0202251    0.0262433    0.0316948    0.0360333    0.0387809    0.0396098    0.0383965    0.0352411    0.0304478    0.0244712    0.0178357    0.0110434            0
           0   0.00557089   0.00901651    0.0124517    0.0156968    0.0185318    0.0207272    0.0220815    0.0224545    0.0217914    0.0201309    0.0175974    0.0143792    0.0106967   0.00677095            0
           0   0.00301198   0.00455001   0.00584132   0.00687553   0.00765583   0.00818657   0.00846929   0.00850241     0.008282   0.00780241   0.00705657   0.00603682   0.00473841   0.00316986            0
           0            0            0            0            0            0            0            0            0            0            0            0            0            0            0            0
