          0           0           0           0           0           0           0           0           0           0           0           0           0           0           0           0
          0 -0.00367748 -0.00171863   0.0024253  0.00788191   0.0136402   0.0186969   0.0222056   0.0236029   0.0226926   0.0196743   0.0151119  0.00984507  0.00485688  0.00111578           0
          0 -0.00456703  0.00472048   0.0204468   0.0398673   0.0597531   0.0768827   0.0885305   0.0928792   0.0892941   0.0784187   0.0620757   0.0429867   0.0243518  0.00934819           0
          0 -0.00529233   0.0146585   0.0469422   0.0861801    0.126037    0.160186    0.183275    0.191729    0.184302    0.162258    0.129185   0.0904442   0.0523509   0.0212043           0
          0 -0.00599548   0.0263954   0.0778909    0.140063    0.202996     0.25679    0.293065     0.30623    0.294332    0.259354    0.206913    0.145414   0.0847692   0.0348934           0
          0 -0.00666695   0.0380956    0.108661    0.193572    0.279368    0.352614    0.401938    0.419753     0.40341      0.3556    0.283952    0.199882    0.116866   0.0484105           0
          0 -0.00722961    0.047992    0.134664    0.238773    0.343863    0.433518    0.493846    0.515576    0.495473    0.436826    0.348961    0.245834    0.143929   0.0597867           0
          0 -0.00759286   0.0546129    0.152032    0.268943    0.386895    0.487488    0.555146    0.579482    0.556867    0.490991     0.39231    0.276473    0.161969   0.0673646           0
          0 -0.00768783   0.0569836    0.158184     0.27959    0.402055    0.506482    0.576708    0.601953    0.578452    0.510037    0.407557    0.287254    0.168324   0.0700395           0
          0 -0.00748741    0.054765    0.152214    0.269138    0.387089    0.487672    0.555317    0.579638    0.557011    0.491125    0.392432     0.27658    0.162056   0.0674235           0
          0 -0.00701196   0.0483031    0.135032     0.23916    0.344241     0.43387    0.494165    0.515865    0.495738    0.437073    0.349191     0.24604    0.144099   0.0599035           0
          0 -0.00632055   0.0385825    0.109222    0.194146    0.279909    0.353097    0.402359    0.420122    0.403746    0.355918    0.284259    0.200169    0.117112   0.0485849           0
          0 -0.00548643   0.0270931   0.0786668    0.140819    0.203665    0.257342    0.293506     0.30659    0.294653    0.259673    0.207248    0.145757   0.0850854   0.0351305           0
          0 -0.00455389    0.015635   0.0479733   0.0871143     0.12678     0.16071    0.183608     0.19194    0.184476    0.162471    0.129478   0.0908131   0.0527413   0.0215246           0
          0 -0.00346747  0.00610524   0.0218111    0.040982   0.0604928   0.0772296   0.0885591   0.0927262   0.0891198   0.0783649   0.0622286   0.0433512    0.024844  0.00980956           0
          0           0           0           0           0           0           0           0           0           0           0           0           0           0           0           0
