         0          0          0          0          0          0          0          0          0          0          0          0          0          0          0          0
         0 0.00141582 0.00186451 0.00205086 0.00203628 0.00190093 0.00172515 0.00157543 0.00149431 0.00149414 0.00155517 0.00162814 0.00164159 0.00151417 0.00117269          0
         0 0.00260654 0.00355054 0.00413273 0.00443019 0.00453129 0.00451933 0.00446051  0.0043955 0.00433423 0.00425438 0.00410351 0.00380535 0.00327032 0.00241174          0
         0 0.00402534 0.00556573 0.00665625 0.00738716 0.00784316 0.00809506  0.0081944  0.0081699 0.00802542 0.00773927 0.00726512 0.00653459 0.00546215 0.00395336          0
         0 0.00553859 0.00771243 0.00935552  0.0105713  0.0114351  0.0119972  0.0122869  0.0123157  0.0120793  0.0115586  0.0107182 0.00950426 0.00784126 0.00562871          0
         0 0.00697195 0.00974187  0.0119098  0.0135921   0.014853  0.0157203  0.0161994  0.0162831  0.0159592  0.0152114  0.0140168  0.0123381  0.0101111 0.00723001          0
         0 0.00814545  0.0114001  0.0139966  0.0160622  0.0176515  0.0187728  0.0194103  0.0195411  0.0191458  0.0182109  0.0167247  0.0146641  0.0119752 0.00854743          0
         0 0.00890476  0.0124704  0.0153423  0.0176552  0.0194574  0.0207441  0.0214854  0.0216476  0.0212066  0.0201509  0.0184763  0.0161693  0.0131828 0.00940279          0
         0  0.0091464  0.0128079  0.0157645  0.0181544  0.0200238  0.0213632   0.022138   0.022311  0.0218562  0.0207631  0.0190297  0.0166461  0.0135671 0.00967735          0
         0  0.0088342  0.0123619  0.0152002  0.0174852  0.0192657  0.0205374  0.0212706   0.021432  0.0209975  0.0199557  0.0183022  0.0160231  0.0130707 0.00932994          0
         0 0.00800486  0.0111844  0.0137152  0.0157266  0.0172742   0.018367  0.0189896  0.0191192  0.0187364  0.0178283  0.0163827  0.0143763  0.0117541 0.00840344          0
         0 0.00676194 0.00942132  0.0114945  0.0131002  0.0143036  0.0151327  0.0155923  0.0156752  0.0153692  0.0146585  0.0135208  0.0119187 0.00978734 0.00701832          0
         0 0.00525867 0.00728924 0.00881383 0.00993807  0.0107365  0.0112574  0.0115279  0.0115579  0.0113432  0.0108655  0.0100915 0.00896942 0.00742439 0.00535407          0
         0 0.00367111 0.00503913 0.00599678 0.00663417 0.00703098 0.00725115  0.0073399 0.00732183 0.00719983 0.00695455 0.00654469 0.00590812 0.00496454 0.00362056          0
         0 0.00216325  0.0029105  0.0033616 0.00358658 0.00365941 0.00364688 0.00360084 0.00355262 0.00350963 0.00345417 0.00334471 0.00311971 0.00270441  0.0020215          0
         0          0          0          0          0          0          0          0          0          0          0          0          0          0          0          0
