           0            0            0            0            0            0            0            0            0            0            0            0            0            0            0            0
           0  -0.00393222  -0.00170304   0.00242286   0.00752979    0.0127119    0.0171332    0.0201129    0.0212086    0.0202739    0.0174804    0.0132974   0.00843461   0.00375917  0.000210669            0
           0  -0.00228237    0.0124913    0.0353245    0.0624629    0.0896553     0.112728     0.128178     0.133677     0.128425     0.113263    0.0905592    0.0638633    0.0373959    0.0154497            0
           0  0.000884928    0.0342139    0.0844612     0.143789     0.203103     0.253382      0.28701     0.298917      0.28734     0.254095     0.204312     0.145668    0.0872535    0.0382196            0
           0   0.00480517    0.0599222     0.142269     0.239245     0.336112      0.41819     0.473061     0.492448     0.473465     0.419066     0.337603     0.241575     0.145753    0.0649663            0
           0   0.00876876    0.0856233     0.199963     0.334448     0.468719     0.582465      0.65849     0.685321     0.658958     0.583482     0.470456     0.337176     0.204071    0.0916274            0
           0    0.0121403     0.107402     0.248822     0.415049     0.580971     0.721511     0.815433     0.848561      0.81595     0.722637     0.582898      0.41809     0.253429     0.114188            0
           0    0.0144097     0.121971      0.28148     0.468904     0.655959     0.814391      0.92026     0.957592     0.920807     0.815583     0.658006     0.472142     0.286404     0.129264            0
           0    0.0152478     0.127149     0.293027      0.48791     0.682398      0.84712     0.957191     0.995999     0.957745     0.848331     0.684478     0.491206     0.298049     0.134601            0
           0     0.014547     0.122181     0.281756     0.469239     0.656344     0.814812     0.920704     0.958042     0.921244      0.81599     0.658367     0.472445     0.286636     0.129417            0
           0     0.012437     0.107855     0.249419     0.415775     0.581804     0.722426     0.816396     0.849537     0.816898     0.723521     0.583683     0.418746     0.253931      0.11452            0
           0   0.00927082    0.0863893     0.200973     0.335676     0.470132     0.584018     0.660128     0.686981     0.660572     0.584986     0.471789     0.338289     0.204924    0.0921896            0
           0   0.00558576    0.0611111     0.143835     0.241151     0.338309     0.420611      0.47562     0.495043      0.47599     0.421415     0.339684      0.24331     0.147081    0.0658419            0
           0   0.00205055      0.03598    0.0867811     0.146614     0.206369     0.256992     0.290836     0.302802     0.291118     0.257606     0.207414      0.14825    0.0892302    0.0395258            0
           0 -0.000580155    0.0150356    0.0386451    0.0665095    0.0943501      0.11794     0.133717     0.139312     0.133903     0.118343    0.0950348    0.0675783    0.0402411    0.0173424            0
           0            0            0            0            0            0            0            0            0            0            0            0            0            0            0            0
