          0           0           0           0           0           0           0           0           0           0           0           0           0           0           0           0
          0  0.00142164  0.00181008   0.0018819  0.00171568  0.00141794  0.00109772 0.000846751  0.00072473 0.000750208 0.000897698  0.00110145  0.00126595  0.00128319  0.00105739           0
          0  0.00272456   0.0036888  0.00424256  0.00447337  0.00448824  0.00439155  0.00426834  0.00417219  0.00411775  0.00407847   0.0039898  0.00375793  0.00327462  0.00243873           0
          0   0.0043246  0.00602801  0.00725431  0.00809028  0.00862083  0.00891875  0.00903785  0.00900861  0.00883559  0.00849671  0.00794446  0.00710925  0.00590554  0.00424205           0
          0  0.00606119  0.00857734   0.0105656   0.0121081   0.0132559   0.0140357   0.0144567   0.0145169   0.0142073   0.0135134   0.0124136   0.0108744  0.00884501  0.00625095           0
          0  0.00772428   0.0110216   0.0137518   0.0159914   0.0177551   0.0190199   0.0197473    0.019901   0.0194578   0.0184118    0.016769   0.0145355   0.0116977  0.00819938           0
          0  0.00909663   0.0130388   0.0163855   0.0192083   0.0214902   0.0231651    0.024153   0.0243874   0.0238332   0.0224918   0.0203939   0.0175795   0.0140679  0.00981854           0
          0  0.00999178   0.0143539   0.0181038   0.0213099   0.0239339   0.0258804   0.0270414   0.0273303   0.0267036    0.025168   0.0227705   0.0195745   0.0156211   0.0108802           0
          0   0.0102846   0.0147829   0.0186648   0.0219979   0.0247364   0.0267747   0.0279949    0.028303   0.0276529   0.0260528   0.0235558   0.0202335   0.0161345   0.0112321           0
          0  0.00993144   0.0142618   0.0179848   0.0211695   0.0237778   0.0257143   0.0268706     0.02716   0.0265389   0.0250139   0.0226325    0.019458   0.0155313   0.0108216           0
          0  0.00897651   0.0128563   0.0161509   0.0189333   0.0211864   0.0228434   0.0238234   0.0240593   0.0235158   0.0221945   0.0201267    0.017353   0.0138926  0.00970385           0
          0  0.00754489   0.0107515   0.0134085   0.0155938   0.0173212   0.0185653   0.0192852   0.0194427   0.0190142   0.0179944   0.0163912   0.0142122   0.0114453  0.00803312           0
          0  0.00582135  0.00822167   0.0101227   0.0116069   0.0127214   0.0134871   0.0139073    0.013976   0.0136831   0.0130157    0.011956   0.0104758   0.0085282  0.00603932           0
          0  0.00401779  0.00558463  0.00672144  0.00751193  0.00803068  0.00833736  0.00847367  0.00846187   0.0083039  0.00798112  0.00745453  0.00666581  0.00553996  0.00399096           0
          0  0.00233089  0.00314311  0.00362518  0.00385244  0.00390863  0.00387153  0.00380258  0.00373962   0.0036923  0.00364063  0.00353668  0.00330974  0.00287522  0.00214848           0
          0           0           0           0           0           0           0           0           0           0           0           0           0           0           0           0
