           0            0            0            0            0            0            0            0            0            0            0            0            0            0            0            0
           0  -0.00267543  -0.00267905  -0.00243125   -0.0021643  -0.00196506  -0.00184838  -0.00179937  -0.00179797  -0.00183162  -0.00189836  -0.00200041  -0.00212704  -0.00222262  -0.00212968            0
           0 -9.74191e-05   0.00828405    0.0205779    0.0348184    0.0488688    0.0606669    0.0684939    0.0712132    0.0684326    0.0605634    0.0487656    0.0347899    0.0207464   0.00884656            0
           0   0.00458436    0.0258674    0.0565248    0.0920241     0.127144     0.156718     0.176387     0.183247     0.176288     0.156541     0.126933    0.0918554    0.0565188    0.0262073            0
           0    0.0104784    0.0471597     0.099647     0.160388     0.220517     0.271188     0.304913      0.31669      0.30477     0.270923     0.220168     0.160023    0.0993688    0.0471158            0
           0    0.0165665    0.0687466     0.143158     0.229229     0.314448     0.386284     0.434108     0.450817     0.433921     0.385926     0.313951     0.228647     0.142566    0.0682513            0
           0    0.0218424    0.0872238      0.18028      0.28788     0.394417     0.484233     0.544034     0.564932     0.543808     0.483792     0.393785     0.287095     0.179395    0.0863039            0
           0    0.0254581     0.099711     0.205274     0.327303     0.448123     0.549983     0.617806     0.641508      0.61755      0.54948      0.44739     0.326367     0.204168    0.0984734            0
           0      0.02685     0.104288      0.21431     0.341469     0.467358      0.57349     0.644156     0.668851     0.643886     0.572956     0.466575     0.340456     0.213093     0.102893            0
           0    0.0258227     0.100285     0.206052     0.328272     0.449258     0.551247     0.619151     0.642877     0.618883     0.550718     0.448481     0.327269     0.204849    0.0989137            0
           0    0.0225781     0.088386     0.181861     0.289855     0.396737     0.486824     0.546796     0.567745     0.546547     0.486334     0.396023     0.288941     0.180787    0.0872016            0
           0    0.0176838    0.0705209     0.145587     0.232283     0.318057     0.390333     0.438436     0.455233      0.43822     0.389909     0.317447     0.231521     0.144725    0.0696391            0
           0    0.0119857    0.0495732     0.102984     0.164627     0.225573       0.2769     0.311047     0.322961     0.310872     0.276562     0.225095      0.16405     0.102375    0.0490385            0
           0   0.00647655    0.0289359    0.0608354    0.0975867     0.133868     0.164388     0.184674     0.191742     0.184547     0.164143     0.133529    0.0971979    0.0604691    0.0287136            0
           0   0.00214153    0.0119852    0.0259071    0.0418601    0.0575443    0.0707001    0.0794256    0.0824549    0.0793463    0.0705498     0.057342    0.0416411    0.0257347    0.0119716            0
           0            0            0            0            0            0            0            0            0            0            0            0            0            0            0            0
