          0           0           0           0           0           0           0           0           0           0           0           0           0           0           0           0
          0 0.000983974  0.00188745  0.00302446  0.00428735  0.00552315  0.00656637  0.00727057  0.00753459  0.00731972  0.00665547  0.00563301  0.00438715  0.00306921  0.00181417           0
          0  0.00137957  0.00285494  0.00477113  0.00692727  0.00904924   0.0108448   0.0120574   0.0125106   0.0121378   0.0109919   0.0092347  0.00710557  0.00487585  0.00279343           0
          0  0.00160969   0.0036586  0.00640445  0.00953246   0.0126273   0.0152519   0.0170251    0.017686   0.0171373   0.0154593   0.0128947  0.00980356  0.00659764  0.00366118           0
          0  0.00169179  0.00428112   0.0078494   0.0119579   0.0160415   0.0195114   0.0218566    0.022729   0.0219998   0.0197788   0.0163934   0.0123312  0.00815303  0.00439036           0
          0  0.00166703  0.00472454  0.00903532   0.0140413   0.0190353   0.0232855   0.0261593   0.0272271   0.0263309   0.0236084   0.0194674    0.014516  0.00945666  0.00496173           0
          0  0.00158524  0.00500062  0.00989924   0.0156241   0.0213508   0.0262305   0.0295313   0.0307569   0.0297259    0.026599   0.0218502   0.0161864   0.0104271  0.00536078           0
          0  0.00149209  0.00512318   0.0103907   0.0165726   0.0227679   0.0280514   0.0316264   0.0329535   0.0318363   0.0284505   0.0233134   0.0171967   0.0109961  0.00557662           0
          0  0.00141922  0.00510258   0.0104766   0.0167972    0.023138   0.0285482   0.0322098   0.0335694   0.0324255   0.0289592   0.0237023    0.017448   0.0111177  0.00560202           0
          0  0.00137807   0.0049426   0.0101448   0.0162652   0.0224065   0.0276475   0.0311953   0.0325133   0.0314064     0.02805   0.0229595   0.0169036   0.0107745  0.00543374           0
          0  0.00135799  0.00463963  0.00940595   0.0150053   0.0206211   0.0254131   0.0286574   0.0298639   0.0288538   0.0257871   0.0211337    0.015594  0.00997995  0.00507291           0
          0  0.00132897   0.0041845  0.00829259   0.0131039   0.0179238   0.0220353   0.0248192   0.0258559   0.0249919   0.0223634   0.0183711   0.0136123  0.00877686  0.00452537           0
          0  0.00124892  0.00356697  0.00685684   0.0106927    0.014529   0.0177997   0.0200147    0.020841   0.0201566   0.0180684   0.0148928   0.0111001  0.00723191  0.00380213           0
          0  0.00107497  0.00278281  0.00516689  0.00793131   0.0106904   0.0130411   0.0146334   0.0152288   0.0147395   0.0132413   0.0109592  0.00822723  0.00542814  0.00292072           0
          0 0.000778616  0.00184377  0.00330393  0.00498655  0.00666197  0.00808826  0.00905454  0.00941682  0.00912174   0.0082145  0.00683003  0.00516834  0.00345742  0.00190825           0
          0           0           0           0           0           0           0           0           0           0           0           0           0           0           0           0
