           0            0            0            0            0            0            0            0            0            0            0            0            0            0            0            0
           0  0.000263817  0.000116602 -0.000560192  -0.00165912  -0.00294603  -0.00414753  -0.00501813   -0.0053898  -0.00520248  -0.00451363   -0.0034856  -0.00235099  -0.00135608 -0.000680536            0
           0   0.00272371   0.00599952    0.0097896    0.0136537    0.0171725    0.0199639    0.0217169    0.0222269    0.0214225    0.0193759    0.0162959    0.0125062   0.00841669    0.0045023            0
           0    0.0064917    0.0150627    0.0258486    0.0375601    0.0487316    0.0579163    0.0638932    0.0658465    0.0634885     0.057103    0.0475043    0.0359191    0.0238118    0.0126858            0
           0    0.0110052    0.0259089    0.0450836    0.0662282    0.0866169     0.103515     0.114596     0.118304     0.114086     0.102483    0.0850427    0.0640843    0.0423431    0.0225546            0
           0     0.015568    0.0368519    0.0644828    0.0951432     0.124836     0.149525     0.165767     0.171253     0.165163     0.148298     0.122946    0.0925316    0.0610717     0.032542            0
           0    0.0194718    0.0461927    0.0810279     0.119796     0.157419      0.18875     0.209393     0.216396     0.208714     0.187366     0.155274     0.116802      0.07706    0.0410774            0
           0     0.022112    0.0524868    0.0921594     0.136371     0.179316     0.215105     0.238702     0.246726     0.237976     0.213621     0.177005     0.133125    0.0878209      0.04683            0
           0    0.0230843    0.0547697    0.0961697     0.142321     0.187162     0.224538     0.249188     0.257575     0.248446      0.22302     0.184794     0.138987     0.091697    0.0489126            0
           0    0.0222474    0.0527049     0.092464     0.136761     0.179787     0.215641     0.239282     0.247322     0.238559     0.214161      0.17748     0.133514    0.0881127    0.0470175            0
           0     0.019745    0.0466361    0.0816518     0.120603     0.158396     0.189867     0.210604     0.217643     0.209933     0.188495     0.156262      0.11761    0.0776628    0.0414635            0
           0    0.0159818    0.0375322    0.0654536    0.0964143     0.126392     0.151318      0.16772     0.173266      0.16713     0.150114     0.124527    0.0938156    0.0620236    0.0331477            0
           0    0.0115565    0.0268351    0.0464366    0.0680363    0.0888647     0.106133     0.117467     0.121272     0.116981     0.105145    0.0873417    0.0659325    0.0436976    0.0234076            0
           0   0.00715953    0.0162281    0.0276171    0.0399984    0.0518322     0.061583     0.067947    0.0700502     0.067582    0.0608426    0.0506978    0.0384471    0.0256313    0.0138122            0
           0   0.00344684   0.00735548    0.0119861    0.0168302    0.0213426    0.0249936    0.0273376    0.0280764    0.0271032    0.0245194    0.0206201    0.0158524    0.0107569   0.00590971            0
           0            0            0            0            0            0            0            0            0            0            0            0            0            0            0            0
