         0          0          0          0          0          0          0          0          0          0          0          0          0          0          0          0
         0 0.00117513 0.00194532 0.00278934 0.00365568 0.00446541  0.0051299 0.00556889 0.00572569 0.00557727  0.0051377 0.00445432  0.0035974 0.00264481 0.00166427          0
         0 0.00179514 0.00300079  0.0043395 0.00572505 0.00702652 0.00809776 0.00880687 0.00906101 0.00882282 0.00811598 0.00701896  0.0056481 0.00413238   0.002584          0
         0 0.00234375 0.00395389 0.00576806 0.00766208 0.00945016  0.0109262  0.0119051   0.012257  0.0119299  0.0109581 0.00945259 0.00757822 0.00551808 0.00343243          0
         0 0.00280285 0.00477072 0.00701998 0.00938802  0.0116344  0.0134939  0.0147292  0.0151743  0.0147637  0.0135419  0.0116527 0.00930877 0.00674747  0.0041771          0
         0 0.00315947 0.00542159 0.00804029  0.0108177  0.0134634  0.0156588  0.0171195   0.017647  0.0171638   0.015724   0.013501  0.0107517 0.00776236  0.0047854          0
         0 0.00340464 0.00588167 0.00877862  0.0118692  0.0148231  0.0172791   0.018915  0.0195072  0.0189681    0.01736  0.0148802  0.0118205 0.00850705 0.00522716          0
         0 0.00353253 0.00613206 0.00919416  0.0124744  0.0156171  0.0182336  0.0199782  0.0206106  0.0200376  0.0183266  0.0156901  0.0124425 0.00893508  0.0054776          0
         0 0.00353984  0.0061608 0.00926015  0.0125879  0.0157804  0.0184405  0.0202152  0.0208594  0.0202779    0.01854  0.0158629  0.0125683 0.00901523 0.00552024          0
         0 0.00342565 0.00596385 0.00896703   0.012193  0.0152889  0.0178693  0.0195912  0.0202168  0.0196535  0.0179687  0.0153733  0.0121795 0.00873581  0.0053489          0
         0  0.0031915 0.00554561 0.00832382  0.0113044  0.0141631  0.0165453  0.0181349  0.0187126  0.0181932  0.0166382  0.0142419  0.0112912 0.00810634  0.0049686          0
         0 0.00284178 0.00491904 0.00735749 0.00996639  0.0124651  0.0145459   0.015934  0.0164385   0.015985  0.0146268  0.0125321 0.00994967 0.00715646 0.00439521          0
         0  0.0023845 0.00410542  0.0061105 0.00824728  0.0102897  0.0119886  0.0131214  0.0135331  0.0131629  0.0120536  0.0103412 0.00822638 0.00593234 0.00365381          0
         0 0.00183237 0.00313399 0.00463706 0.00623123  0.0077511 0.00901368   0.009855  0.0101606 0.00988533 0.00906051 0.00778581 0.00620838 0.00449142 0.00277663          0
         0 0.00120428 0.00204158 0.00299895 0.00400868 0.00496833 0.00576414 0.00629389 0.00648601 0.00631225 0.00579179 0.00498648 0.00398765 0.00289646 0.00180062          0
         0          0          0          0          0          0          0          0          0          0          0          0          0          0          0          0
