          0           0           0           0           0           0           0           0           0           0           0           0           0           0           0           0
          0 -0.00515096 -0.00327299 0.000887335  0.00634408   0.0120571   0.0170365   0.0204644   0.0218041   0.0208744   0.0178751     0.01336  0.00816021  0.00327286 -0.00026367           0
          0 -0.00483527   0.0085497   0.0302983   0.0566801   0.0834131     0.10627    0.121694     0.12732    0.122331    0.107575   0.0854458   0.0595235   0.0340494   0.0133009           0
          0 -0.00331605    0.027185   0.0746812    0.131515    0.188752    0.237508     0.27028    0.282067     0.27113    0.239253    0.191478    0.135346   0.0797694   0.0336922           0
          0 -0.00117492   0.0494774    0.127125    0.219539    0.312376    0.391336    0.444322    0.463268    0.445363    0.393477    0.315733    0.224283    0.133479   0.0577033           0
          0  0.00109823   0.0718875    0.179598    0.307451    0.435725    0.544738    0.617831    0.643888    0.619032    0.547214    0.439619    0.312984    0.187068   0.0816735           0
          0  0.00308854   0.0909515     0.22412    0.381966    0.540222    0.674656    0.764751    0.796816    0.766072    0.677383    0.544525    0.388107    0.232465    0.101985           0
          0  0.00447306    0.103764    0.253951    0.431835    0.610115    0.761523    0.862968    0.899041    0.864361      0.7644    0.614664    0.438348    0.262839    0.115588           0
          0  0.00504666    0.108395    0.264596    0.449548    0.634883    0.792266    0.897704    0.935183    0.899113    0.795178    0.639491    0.456156    0.273634    0.120449           0
          0  0.00474287    0.104176    0.254488    0.432477    0.610838    0.762303    0.863777    0.899851    0.865144    0.765128    0.615311    0.438889    0.263254    0.115859           0
          0  0.00364197   0.0917957    0.225219    0.383277    0.541696    0.676243    0.766397    0.798464    0.767666    0.678866    0.545843    0.389212    0.233313     0.10254           0
          0  0.00196419   0.0732041    0.181305    0.309481    0.438005    0.547189     0.62037     0.64643    0.621491    0.549504    0.441658    0.314695    0.188383   0.0825361           0
          0 5.11559e-05   0.0513303    0.129514    0.222366    0.315538    0.394728    0.447832    0.466782    0.448763    0.396646     0.31856    0.226663    0.135315   0.0589128           0
          0 -0.00165503   0.0296676   0.0778484    0.135233    0.192891    0.241935    0.274854    0.286644    0.275561     0.24339    0.195177    0.138474   0.0821992   0.0353067           0
          0  -0.0026162   0.0117973   0.0343691   0.0614027   0.0886317    0.111829    0.127428    0.133055    0.127886    0.112772   0.0901122   0.0634954   0.0371687   0.0154085           0
          0           0           0           0           0           0           0           0           0           0           0           0           0           0           0           0
