          0           0           0           0           0           0           0           0           0           0           0           0           0           0           0           0
          0  -0.0015424 -0.00168812 -0.00195975 -0.00243478  -0.0030391 -0.00363572 -0.00408505 -0.00428556 -0.00419757 -0.00385013  -0.0033306 -0.00275614 -0.00222521 -0.00174203           0
          0  0.00115278  0.00761015   0.0166094   0.0267835   0.0366797   0.0449093   0.0503193   0.0521482   0.0501336   0.0445508   0.0361784   0.0261957   0.0160354  0.00722359           0
          0  0.00574719   0.0224026   0.0456536   0.0722038   0.0982692    0.120109    0.134567    0.139544    0.134303    0.119592    0.097527   0.0712859   0.0446468   0.0214518           0
          0   0.0114362   0.0402808   0.0805222    0.126586    0.171922    0.209986    0.235238    0.243973    0.234894    0.209307    0.170922      0.1253   0.0790033   0.0386192           0
          0   0.0172732   0.0583956    0.115722      0.1814    0.246102    0.300475    0.336575    0.349091    0.336157    0.299641    0.244855    0.179749    0.113682   0.0559917           0
          0   0.0223118   0.0738965    0.145763    0.228124    0.309297    0.377537    0.422863    0.438595    0.422384    0.376574     0.30784     0.22616     0.14327   0.0708396           0
          0   0.0257509   0.0843685    0.165992    0.259541    0.351755    0.429291    0.480801    0.498688     0.48028     0.42824    0.350155     0.25736    0.163182   0.0808525           0
          0   0.0270563   0.0882003    0.173306    0.270837    0.366975    0.447812    0.501516    0.520167    0.500978    0.446725    0.365315    0.268565    0.170362     0.08449           0
          0   0.0260425   0.0848303    0.166623    0.260332    0.352687    0.430335    0.481916    0.499826     0.48139    0.429271    0.351062    0.258109    0.163747   0.0812168           0
          0   0.0229002   0.0748318    0.147046    0.229739    0.311209    0.379686    0.425164    0.440945    0.424675    0.378699    0.309708    0.227697    0.144426   0.0715839           0
          0   0.0181656   0.0598242    0.117697    0.183908    0.249093    0.303853    0.340204    0.352804    0.339775    0.302991     0.24779    0.182154    0.115483    0.057146           0
          0   0.0126357   0.0422229   0.0832432    0.130087    0.176141    0.214791    0.240426    0.249294    0.240076     0.21409    0.175089     0.12869   0.0815225   0.0402237           0
          0  0.00723954   0.0248633   0.0491748   0.0768237    0.103928    0.126627    0.141655    0.146833    0.141394    0.126106    0.103155   0.0758164   0.0479729   0.0235483           0
          0  0.00288353   0.0105505   0.0209624   0.0326685   0.0440543    0.053538   0.0597888   0.0619204   0.0596226   0.0532085   0.0435701   0.0320494   0.0202514  0.00983607           0
          0           0           0           0           0           0           0           0           0           0           0           0           0           0           0           0
