          0           0           0           0           0           0           0           0           0           0           0           0           0           0           0           0
          0 -0.00455305 -0.00259921  0.00170979  0.00741541   0.0134401   0.0187282   0.0223948   0.0238533   0.0229011   0.0197491   0.0149895  0.00950654  0.00434339 0.000545856           0
          0 -0.00520633  0.00581545   0.0242976   0.0470158   0.0702119    0.090151    0.103679    0.108696    0.104471   0.0917504    0.072648   0.0503222   0.0284969   0.0108912           0
          0 -0.00534215   0.0190244   0.0579896     0.10512    0.152864    0.193696    0.221251    0.231283    0.222313    0.195847    0.156154    0.109616   0.0637635   0.0261224           0
          0 -0.00524901   0.0347605   0.0975959    0.173099    0.249332    0.314388    0.358185    0.374002    0.359492    0.317041     0.25341    0.178715     0.10489   0.0438873           0
          0 -0.00507416   0.0505322    0.137112    0.240806    0.345326    0.434418    0.494324    0.515865    0.495837    0.437498    0.350082    0.247401    0.145768    0.061529           0
          0 -0.00489137   0.0639219    0.170584    0.298106    0.426523    0.535917    0.609423    0.635791    0.611093    0.539322    0.431799    0.305462    0.180317   0.0764306           0
          0 -0.00473569   0.0729088    0.192984     0.33641    0.480774    0.603711    0.686286    0.715869    0.688049    0.607311    0.486367    0.344238    0.203395   0.0863871           0
          0  -0.0046212   0.0761529     0.20096    0.349985    0.499955    0.627649    0.713407    0.744115    0.715193    0.631298    0.505629    0.357941    0.211567   0.0899287           0
          0 -0.00454928   0.0731877    0.193336    0.336815    0.481213    0.604165    0.686743    0.716316    0.688476    0.607708    0.486721    0.344538    0.203628   0.0865405           0
          0 -0.00451015   0.0644894    0.171297     0.29892    0.427399     0.53682    0.610327    0.636674    0.611936    0.540106    0.432503    0.306061    0.180784   0.0767397           0
          0 -0.00447853   0.0514109    0.138203    0.242038    0.346635    0.435755    0.495652    0.517157    0.497071     0.43865    0.351123    0.248296    0.146472   0.0619996           0
          0 -0.00440139   0.0359925   0.0990979    0.174762    0.251067     0.31613    0.359895    0.375655     0.36107    0.318525    0.254769    0.179901    0.105841    0.044533           0
          0  -0.0041726   0.0206849   0.0599574    0.107234    0.155007    0.195794    0.223269    0.233214    0.224158    0.197604    0.157798    0.111092   0.0649822   0.0269739           0
          0 -0.00358177  0.00803762   0.0268215   0.0496112   0.0727279   0.0925139    0.105879    0.110765    0.106455   0.0936836    0.074527   0.0520882   0.0300292   0.0120159           0
          0           0           0           0           0           0           0           0           0           0           0           0           0           0           0           0
