          0           0           0           0           0           0           0           0           0           0           0           0           0           0           0           0
          0 -0.00405774   -0.002092  0.00214341  0.00773593   0.0136406   0.0188258    0.022423   0.0238554   0.0229225   0.0198302   0.0151578  0.00976908  0.00467848 0.000892083           0
          0 -0.00487662  0.00513411   0.0220279    0.042855    0.064158   0.0824938   0.0949511   0.0995899   0.0957335   0.0840704   0.0665488   0.0460791   0.0260874  0.00998341           0
          0 -0.00539656   0.0163793   0.0514548   0.0940053    0.137181    0.174147    0.199121    0.208245    0.200172    0.176271    0.140417   0.0984038    0.057061   0.0232069           0
          0 -0.00581552   0.0297152   0.0859275    0.153665    0.222162    0.280673    0.320103    0.334385    0.321399    0.283298    0.226182    0.159174   0.0930381   0.0385449           0
          0 -0.00618229   0.0430436    0.120256     0.21299    0.306597    0.386462     0.44021    0.459588    0.441713    0.389515    0.311295    0.219475    0.128721   0.0537291           0
          0 -0.00647527    0.054337    0.149298    0.263144    0.377953    0.475841     0.54167    0.565341     0.54333     0.47922    0.383173    0.270393    0.158839   0.0665296           0
          0 -0.00664985   0.0619042    0.168712    0.296645    0.425593    0.535497    0.609378    0.635908    0.611133    0.539075    0.431133    0.304367    0.178935   0.0750682           0
          0 -0.00666746   0.0646245    0.175605     0.30849    0.442404    0.556525    0.633228    0.660757    0.635006    0.560152    0.448029    0.316346    0.186031   0.0780931           0
          0 -0.00651137   0.0621079    0.168963    0.296924    0.425885     0.53579    0.609663    0.636181     0.61139    0.539313    0.431348    0.304552     0.17908    0.075165           0
          0 -0.00619092   0.0547523    0.149805    0.263704    0.378531    0.476414    0.542223    0.565867    0.543825    0.479681    0.383592    0.270755    0.159127   0.0667233           0
          0  -0.0057343   0.0436897    0.121031    0.213828    0.307446    0.387285    0.440992    0.460324    0.442405    0.390164    0.311894    0.220004    0.129149   0.0540217           0
          0  -0.0051684   0.0306298   0.0869962    0.154785    0.223256    0.281698    0.321046    0.335255    0.322216    0.284077    0.226922    0.159851   0.0936064   0.0389445           0
          0 -0.00448192   0.0176335    0.052863   0.0954109    0.138479    0.175292    0.200116     0.20913    0.201002     0.17709    0.141241    0.099209   0.0577792   0.0237381           0
          0 -0.00356117  0.00685966   0.0238586   0.0445585   0.0655977   0.0836299   0.0958258    0.100301   0.0963981   0.0847901   0.0673759   0.0469937   0.0269902    0.010708           0
          0           0           0           0           0           0           0           0           0           0           0           0           0           0           0           0
