          0           0           0           0           0           0           0           0           0           0           0           0           0           0           0           0
          0  0.00108603  0.00192278  0.00291171  0.00397393  0.00499406  0.00584558  0.00641556  0.00662531  0.00644405  0.00589346  0.00504251   0.0039933  0.00285986  0.00174289           0
          0   0.0015931  0.00292222  0.00453094  0.00627907  0.00796782  0.00938163   0.0103293   0.0106782    0.010377  0.00946342  0.00805535  0.00632765  0.00447677  0.00267897           0
          0   0.0019797  0.00378039  0.00601583  0.00847373   0.0108618   0.0128668   0.0142125    0.014708   0.0142804   0.0129853   0.0109949  0.00856462  0.00598358  0.00351566           0
          0  0.00224632  0.00447528  0.00730885   0.0104581   0.0135339   0.0161229   0.0178624   0.0185032   0.0179507   0.0162792   0.0137168   0.0106018  0.00731981  0.00422676           0
          0  0.00240792  0.00499714  0.00835596   0.0121227   0.0158175   0.0189342   0.0210305    0.021803   0.0211377   0.0191267   0.0160499   0.0123233  0.00842249  0.00479048           0
          0  0.00248576  0.00534352  0.00910927   0.0133614   0.0175463   0.0210823   0.0234625   0.0243402   0.0235856   0.0213054   0.0178219   0.0136143   0.0092318  0.00518857           0
          0  0.00250041  0.00551526  0.00953054   0.0140856   0.0185788   0.0223797   0.0249398   0.0258844   0.0250737   0.0226241   0.0188853   0.0143776  0.00969787  0.00540666           0
          0  0.00246649  0.00551388  0.00959478   0.0142357   0.0188192   0.0226993   0.0253137   0.0262789   0.0254521   0.0229529     0.01914   0.0145472  0.00978705  0.00543518           0
          0  0.00238942  0.00534002  0.00929289   0.0137898   0.0182324   0.0219938    0.024529   0.0254655   0.0246649   0.0222432   0.0185484   0.0140983  0.00948649  0.00527024           0
          0  0.00226446  0.00499326  0.00863292   0.0127668   0.0168482   0.0203031   0.0226318   0.0234926   0.0227584   0.0205351   0.0171414   0.0130509  0.00880596  0.00491411           0
          0  0.00207838  0.00447323  0.00763968   0.0112239   0.0147576   0.0177471   0.0197619   0.0205073   0.0198731   0.0179503   0.0150126   0.0114666  0.00777668  0.00437529           0
          0  0.00181343  0.00378199  0.00635303  0.00924917   0.0120984   0.0145068   0.0161295   0.0167304   0.0162207   0.0146725   0.0123042  0.00943973  0.00644762  0.00366838           0
          0  0.00145375    0.002928  0.00482541   0.0069501  0.00903494   0.0107952    0.011981   0.0124204   0.0120488   0.0109179  0.00918529  0.00708456  0.00488025  0.00281414           0
          0 0.000993643  0.00193145  0.00311951  0.00444107  0.00573393  0.00682403    0.007558  0.00783019  0.00760052  0.00690042  0.00582612  0.00452009  0.00314306  0.00184048           0
          0           0           0           0           0           0           0           0           0           0           0           0           0           0           0           0
