          0           0           0           0           0           0           0           0           0           0           0           0           0           0           0           0
          0 -0.00222156  -0.0022933 -0.00227461 -0.00233268 -0.00248509 -0.00268062  -0.0028498 -0.00293677   -0.002917 -0.00280197 -0.00263102 -0.00244908 -0.00226709 -0.00199646           0
          0 0.000424376  0.00804078   0.0190128   0.0316158   0.0439899   0.0543461   0.0611951   0.0635528   0.0610795   0.0541316   0.0437143   0.0313467   0.0188647   0.0082031           0
          0  0.00510534   0.0245698   0.0522932   0.0842361    0.115752    0.142244    0.159834    0.165941    0.159663    0.141919     0.11531   0.0837439   0.0518581   0.0243613           0
          0   0.0109595   0.0445736   0.0922323     0.14717     0.20144    0.247115    0.277478    0.288046    0.277248    0.246668    0.200808    0.146405   0.0914195   0.0438376           0
          0   0.0169904    0.064851    0.132541    0.210568    0.287683    0.352615    0.395801    0.410847    0.395512    0.352048    0.286858     0.20952    0.131323   0.0635347           0
          0   0.0222089   0.0822064    0.166937    0.264593    0.361125    0.442423    0.496506    0.515359    0.496168    0.441752    0.360131    0.263294    0.165353   0.0803635           0
          0   0.0257796   0.0939344    0.190096    0.300913    0.410456     0.50272    0.564104    0.585506    0.563731    0.501976    0.409342    0.299432    0.188248     0.09171           0
          0   0.0271466   0.0982308     0.19847    0.313967    0.428131    0.524286    0.588258    0.610564     0.58787    0.523509    0.426963    0.312403    0.196501   0.0958317           0
          0    0.026117   0.0944669     0.19082    0.301816    0.411517    0.503904    0.565365    0.586791    0.564983    0.503139    0.410367    0.300279    0.188887   0.0921226           0
          0   0.0228896   0.0832843    0.168407    0.266436    0.363296    0.444853      0.4991    0.518005    0.498745    0.444144    0.362235    0.265028    0.166659   0.0812054           0
          0   0.0180237   0.0664967    0.134802    0.213421    0.291067    0.356421    0.399877    0.415011    0.399567    0.355804    0.290152    0.212225    0.133352   0.0648377           0
          0   0.0123514   0.0468115    0.095342    0.151139    0.206193    0.252501    0.283274    0.293978    0.283022    0.252002    0.205463    0.150203     0.09425    0.045645           0
          0  0.00684667   0.0274111   0.0563121   0.0894549    0.122091    0.149503    0.167697    0.174011     0.16751    0.149137    0.121563   0.0887963   0.0555839   0.0267192           0
          0  0.00246958   0.0114556   0.0239808   0.0382372   0.0522006   0.0638843   0.0716166   0.0742844    0.071499   0.0636553   0.0518748    0.037844   0.0235757   0.0111421           0
          0           0           0           0           0           0           0           0           0           0           0           0           0           0           0           0
