           0            0            0            0            0            0            0            0            0            0            0            0            0            0            0            0
           0 -0.000277299 -0.000461442  -0.00108709  -0.00209193  -0.00327373  -0.00438241  -0.00518877  -0.00553419  -0.00536092   -0.0047214  -0.00376559  -0.00270621  -0.00176149   -0.0010722            0
           0   0.00232317   0.00657111    0.0119146    0.0176405    0.0230292    0.0274082    0.0302242    0.0311127    0.0299475    0.0268595    0.0222219    0.0166055    0.0107172   0.00533982            0
           0   0.00645287    0.0175633    0.0321929    0.0484449    0.0641547    0.0771846    0.0857319     0.088594     0.085349    0.0764197    0.0630127    0.0469423    0.0303708    0.0155088            0
           0    0.0114595    0.0307801    0.0565227    0.0853857     0.113475     0.136891     0.152328     0.157571     0.151842     0.135914     0.111996     0.083397    0.0540226    0.0277858            0
           0    0.0165491    0.0441436    0.0810796     0.122647     0.163211     0.197099     0.219484     0.227134     0.218906     0.195928     0.161422       0.1202    0.0779235    0.0402159            0
           0    0.0209186    0.0555649     0.102034      0.15442     0.205607     0.248413     0.276718     0.286418     0.276065     0.247087     0.203565     0.151594    0.0983273    0.0508424            0
           0     0.023884     0.063271     0.116141     0.175786     0.234101      0.28289     0.315167     0.326244     0.314466     0.281463     0.231891     0.172707     0.112063    0.0580079            0
           0    0.0249885    0.0660778     0.121234     0.183466     0.244317     0.295235     0.328924     0.340491     0.328206     0.293771     0.242048     0.180293     0.117015    0.0606074            0
           0    0.0240728    0.0635728     0.116558     0.176316     0.234733     0.283605     0.315935     0.327031     0.315235     0.282177     0.232519     0.173223     0.112451    0.0582575            0
           0    0.0212995    0.0561773     0.102886     0.155508     0.206912     0.249894     0.278314     0.288056     0.277664      0.24857     0.204864     0.152659    0.0991255    0.0513547            0
           0    0.0171263    0.0450808     0.082398      0.12435     0.165271     0.199452     0.222032     0.229752     0.221461     0.198292     0.163484     0.121881    0.0791756    0.0410152            0
           0    0.0122311    0.0320547    0.0583496    0.0877861     0.116419     0.140288     0.156028     0.161383     0.155558     0.139337     0.114963    0.0857948    0.0557905    0.0289045            0
           0   0.00739879     0.019171    0.0345686    0.0516496    0.0681645    0.0818741    0.0908809    0.0939152    0.0905287     0.081163    0.0670833    0.0501878    0.0327266    0.0169784            0
           0   0.00338097   0.00846345    0.0148569     0.021772    0.0283471     0.033742    0.0372501    0.0383998    0.0370244    0.0332878     0.027661    0.0208553    0.0137264    0.0071727            0
           0            0            0            0            0            0            0            0            0            0            0            0            0            0            0            0
