           0            0            0            0            0            0            0            0            0            0            0            0            0            0            0            0
           0     -0.00334  -0.00321593  -0.00258015  -0.00176789 -0.000979436 -0.000339514  7.53012e-05  0.000224835    0.0001012 -0.000271289 -0.000832967  -0.00148064  -0.00204905  -0.00226968            0
           0 -0.000913861   0.00857364    0.0228084     0.039468    0.0560031    0.0699436    0.0792271    0.0824883    0.0792563    0.0700246    0.0561846    0.0398328    0.0234881   0.00977209            0
           0   0.00368377    0.0275418    0.0624135     0.103049      0.14339     0.177436     0.200125     0.208087     0.200148     0.177506     0.143562     0.103413    0.0631059    0.0287631            0
           0   0.00953091    0.0505234     0.109889     0.178938     0.247475     0.305331     0.343894     0.357421       0.3439     0.305369     0.247599     0.179235     0.110487    0.0516029            0
           0    0.0155941    0.0738243     0.157772     0.255311      0.35211     0.433825     0.488295     0.507395     0.488279     0.433818     0.352162     0.255501     0.158214    0.0746724            0
           0      0.02086    0.0937683     0.198613     0.320355     0.441155      0.54313     0.611105     0.634935     0.611066     0.543076     0.441129     0.320429     0.198885    0.0943675            0
           0    0.0244775     0.107247     0.226105     0.364064     0.500939     0.616481     0.693497     0.720493     0.693439     0.616386     0.500848     0.364039     0.226233      0.10764            0
           0    0.0258817      0.11219     0.236041     0.379761     0.522338     0.642688     0.722905     0.751021     0.722836     0.642567     0.522205     0.379673     0.236079     0.112458            0
           0     0.024877     0.107875     0.226952     0.365114     0.502165     0.617842     0.694942     0.721962     0.694869     0.617714     0.502019     0.365008     0.226966     0.108114            0
           0    0.0216663    0.0950379     0.200332     0.322494     0.443658     0.545916     0.614067     0.637949     0.613999     0.545798     0.443527     0.322409      0.20038    0.0953327            0
           0    0.0168197    0.0757625     0.160411     0.258612     0.355993     0.438165     0.492923     0.512109     0.492865      0.43807     0.355897     0.258577     0.160529    0.0761625            0
           0    0.0111877    0.0531613     0.113512      0.18351     0.252898     0.311429     0.350423     0.364083      0.35038     0.311361     0.252843     0.183531     0.113703    0.0536641            0
           0   0.00577362    0.0309025    0.0670898     0.109031     0.150568     0.185581     0.208896     0.217061     0.208869     0.185542      0.15055     0.109092    0.0673217    0.0314473            0
           0   0.00158425    0.0126478    0.0285919    0.0470178     0.065219    0.0805327    0.0907172    0.0942806    0.0907028    0.0805152    0.0652235    0.0470884    0.0288024    0.0131213            0
           0            0            0            0            0            0            0            0            0            0            0            0            0            0            0            0
