           0            0            0            0            0            0            0            0            0            0            0            0            0            0            0            0
           0  -0.00434695  -0.00395383  -0.00258813 -0.000761878   0.00112035   0.00273186   0.00382629   0.00425089   0.00395915   0.00301629   0.00159614  -2.8267e-05  -0.00149274  -0.00233281            0
           0   -0.0022927   0.00883227    0.0260223    0.0464051    0.0667875    0.0840583    0.0956143    0.0997305    0.0958109    0.0844783    0.0674874    0.0474774    0.0276059    0.0111294            0
           0    0.0019466    0.0294686    0.0705047      0.11873     0.166827      0.20754     0.234748     0.244372     0.234994     0.208066       0.1677     0.120059    0.0724454    0.0322376            0
           0   0.00743751     0.054476     0.123744     0.204871      0.28569     0.354071     0.399744     0.415861     0.400027     0.354672     0.286685     0.206375     0.125925    0.0575555            0
           0    0.0131696    0.0798242     0.177394     0.291467     0.405038     0.501103      0.56525     0.587857     0.565556     0.501751     0.406107     0.293078     0.179718    0.0830896            0
           0    0.0181663     0.101515     0.223128      0.36517     0.506535     0.626089     0.705908     0.734017     0.706223     0.626759     0.507639     0.366831      0.22552     0.104869            0
           0    0.0216127     0.116173     0.253901     0.414675     0.574646     0.709919     0.800224     0.832012      0.80054     0.710591     0.575752     0.416339     0.256298     0.119536            0
           0    0.0229697     0.121549     0.265014     0.432434     0.598997     0.739836     0.833848     0.866936     0.834158     0.740492      0.60008     0.434064     0.267365     0.124854            0
           0    0.0220515     0.116859     0.254823     0.415811     0.575964     0.711376     0.801764     0.833575     0.802059     0.712002     0.576998     0.417372     0.257081     0.120043            0
           0    0.0190526     0.102904     0.224997     0.367479      0.50922     0.629062     0.709056     0.737211     0.709329     0.629643     0.510182     0.368936     0.227112     0.105898            0
           0    0.0145188    0.0819443     0.180258      0.29502     0.409187     0.505712     0.570143     0.592828     0.570387     0.506232     0.410051     0.296334     0.182176    0.0846753            0
           0   0.00926794     0.057365      0.12767     0.209774     0.291453     0.360505     0.406598     0.422836     0.406805     0.360947      0.29219     0.210902     0.129328    0.0597443            0
           0    0.0042731    0.0331623    0.0755691     0.125119     0.174406     0.216065     0.243873      0.25368     0.244034     0.216411     0.174984     0.126011    0.0768914    0.0350848            0
           0  0.000531743    0.0133468    0.0322924    0.0544344    0.0764422    0.0950326     0.107441     0.111826     0.107548    0.0952639    0.0768311    0.0550376    0.0331974    0.0146879            0
           0            0            0            0            0            0            0            0            0            0            0            0            0            0            0            0
