           0            0            0            0            0            0            0            0            0            0            0            0            0            0            0            0
           0 -0.000843498  0.000731344   0.00353571   0.00709093    0.0107953    0.0140316    0.0162703     0.017155    0.0165584    0.0146012    0.0116307   0.00816147   0.00478466   0.00205751            0
           0  -0.00145884   0.00290772    0.0102374    0.0193069    0.0286248    0.0366801     0.042184    0.0442724    0.0426394    0.0375836    0.0299583    0.0210341      0.01229   0.00516223            0
           0  -0.00242678   0.00572784    0.0191661    0.0356481    0.0524882    0.0669833    0.0768351    0.0805055    0.0774528    0.0682135    0.0543172    0.0380467    0.0220769   0.00904472            0
           0  -0.00366815   0.00876975    0.0291246    0.0539927     0.079334     0.101099     0.115851     0.121293     0.116619     0.102635     0.081635    0.0570472     0.032905    0.0132185            0
           0  -0.00499108    0.0116337    0.0387668    0.0718543     0.105525      0.13441     0.153957     0.161127     0.154856     0.136213     0.108244    0.0755017    0.0433544    0.0171685            0
           0   -0.0061655    0.0139594    0.0467732    0.0867524     0.127407     0.162259     0.185824     0.194439     0.186824     0.164271     0.130455     0.090874    0.0520192    0.0203993            0
           0  -0.00698212    0.0154566    0.0520354    0.0965851     0.141872     0.180682      0.20691     0.216482     0.207972     0.182824     0.145128     0.101011    0.0577111    0.0224972            0
           0  -0.00729657    0.0159357     0.053815    0.0999464     0.146837     0.187017     0.214167     0.224068     0.215248     0.189198     0.150157      0.10447     0.059635    0.0231862            0
           0  -0.00705689     0.015331    0.0518519    0.0963395     0.141566     0.180323     0.206514     0.216069     0.207566     0.182445     0.144796     0.100739    0.0575087    0.0223681            0
           0   -0.0063122    0.0137095     0.046403    0.0862513     0.126777     0.161517     0.185002     0.193582     0.185979     0.163486     0.129769    0.0903155    0.0516052    0.0201364            0
           0  -0.00520151    0.0112649    0.0382056    0.0710783     0.104535     0.133232     0.152646     0.159756     0.153506     0.134964     0.107159    0.0746261    0.0427115     0.016764            0
           0  -0.00392268   0.00829853    0.0283724    0.0529158     0.077927    0.0994024     0.113948     0.119298     0.114659      0.10083    0.0800828    0.0558112    0.0320118    0.0126657            0
           0  -0.00268243   0.00519406     0.018236    0.0342409    0.0505874    0.0646466     0.074188    0.0777212     0.074724    0.0657213    0.0522037    0.0363969     0.020915   0.00834586            0
           0   -0.0016261    0.0023974   0.00917143    0.0175427    0.0261271     0.033532    0.0385741    0.0404622    0.0389189    0.0342221    0.0271614    0.0189141    0.0108579   0.00434577            0
           0            0            0            0            0            0            0            0            0            0            0            0            0            0            0            0
