         0          0          0          0          0          0          0          0          0          0          0          0          0          0          0          0
         0 0.00136144 0.00193544 0.00236934 0.00268459 0.00290279  0.0030414 0.00311201 0.00311991 0.00306412 0.00293743 0.00272662 0.00241297 0.00197397 0.00138755          0
         0 0.00232448  0.0033009 0.00406414 0.00464784  0.0050775 0.00536896 0.00552959 0.00556017  0.0054564 0.00520941 0.00480538  0.0042244 0.00343978 0.00241936          0
         0  0.0033859 0.00477667 0.00587674 0.00673665 0.00738632  0.0078388  0.0080956 0.00815173 0.00799911 0.00762767 0.00702403 0.00616801 0.00502827  0.0035585          0
         0 0.00446242 0.00625106 0.00766979 0.00878992 0.00964723  0.0102523  0.0106009   0.010682   0.010484 0.00999576  0.0092044 0.00808929 0.00661302 0.00471136          0
         0 0.00544808 0.00758615 0.00928043  0.0106239  0.0116592  0.0123952  0.0128228  0.0129258  0.0126895  0.0121016  0.0111497 0.00981217 0.00804475 0.00576399          0
         0 0.00623479 0.00864252  0.0105463  0.0120583  0.0132273  0.0140618  0.0145489  0.0146687  0.0144038  0.0137414  0.0126691  0.0111638 0.00917498 0.00660193          0
         0 0.00673044 0.00930177  0.0113304  0.0129416  0.0141891  0.0150813  0.0156034  0.0157333   0.015452  0.0147462  0.0136034  0.0119993  0.0098785 0.00712827          0
         0 0.00687343 0.00948496  0.0115415  0.0131735   0.014437   0.015341  0.0158703  0.0160025  0.0157184  0.0150042  0.0138473  0.0122224   0.010072  0.0072784          0
         0  0.0066423 0.00916463   0.011148  0.0127194   0.013934   0.014802  0.0153098  0.0154363  0.0151632  0.0144769  0.0133642  0.0117998 0.00972647 0.00702978          0
         0 0.00605903 0.00836912  0.0101829  0.0116156  0.0127194  0.0135057  0.0139643  0.0140774  0.0138286  0.0132048  0.0121924   0.010766 0.00887178 0.00640545          0
         0 0.00518563 0.00717828 0.00873887 0.00996488  0.0109035  0.0115681  0.0119535  0.0120466  0.0118338  0.0113029  0.0104397 0.00921911 0.00759243 0.00547071          0
         0 0.00411436 0.00571127 0.00695481 0.00792181 0.00865362 0.00916627 0.00946025 0.00952837 0.00936078 0.00894627 0.00826994 0.00730725 0.00601542 0.00432335          0
         0 0.00295238 0.00410741 0.00499512 0.00567169 0.00617245 0.00651591 0.00670861  0.0067495 0.00663272 0.00634842 0.00588141 0.00520794 0.00429145 0.00307856          0
         0 0.00180164 0.00250179 0.00302386 0.00340475 0.00367304 0.00384814 0.00394117  0.0039562 0.00389119 0.00373819 0.00348292 0.00310388 0.00257163 0.00184949          0
         0          0          0          0          0          0          0          0          0          0          0          0          0          0          0          0
