          0           0           0           0           0           0           0           0           0           0           0           0           0           0           0           0
          0 -0.00452599 -0.00407248 -0.00255342 -0.00051573  0.00159432  0.00340826  0.00464432  0.00512623  0.00479932  0.00373728  0.00213761 0.000308459 -0.00134514 -0.00231931           0
          0 -0.00256139  0.00884835   0.0265662   0.0476206   0.0687006   0.0865775   0.0985486    0.102822   0.0987799   0.0870677   0.0695072   0.0488372   0.0283319   0.0113633           0
          0   0.0015759   0.0297099   0.0718052    0.121348    0.170798    0.212679     0.24068    0.250599    0.240973      0.2133    0.171817    0.122875   0.0739994   0.0327893           0
          0  0.00695616   0.0549888    0.125932    0.209121    0.292048     0.36224    0.409141    0.425708    0.409482    0.362959    0.293223    0.210874    0.128436   0.0584733           0
          0   0.0125807   0.0806099    0.180464    0.297337    0.413762    0.512275    0.578078    0.601289    0.578451     0.51306    0.415042    0.299242    0.183176   0.0843684           0
          0   0.0174873    0.102532    0.226945     0.37241    0.517257    0.639796    0.721631    0.750473    0.722021    0.640618    0.518597      0.3744    0.229775    0.106451           0
          0   0.0208744    0.117346    0.258218    0.422829    0.586701    0.725318    0.817878    0.850486    0.818274    0.726151    0.588058    0.424845    0.261085    0.121321           0
          0   0.0222122    0.122779    0.269508    0.440912    0.611524     0.75583    0.852183    0.886119    0.852572     0.75665    0.612861      0.4429    0.272339     0.12671           0
          0    0.021318    0.118039    0.259148    0.423974    0.588028    0.726783    0.819426    0.852055    0.819798    0.727567    0.589309    0.425882    0.261871     0.12183           0
          0   0.0183833    0.103935     0.22883    0.374735    0.519958    0.642784    0.724792     0.75368    0.725137    0.643512    0.521149    0.376514    0.231374    0.107486           0
          0   0.0139451   0.0827513    0.183352    0.300914    0.417933    0.516903    0.582987    0.606273    0.583294    0.517553    0.418998     0.30251    0.185643   0.0859613           0
          0  0.00880867   0.0579077     0.12989    0.214055    0.297835    0.368693    0.416007    0.432692    0.416267    0.369242    0.298738    0.215413    0.131851   0.0606712           0
          0  0.00393404   0.0334447   0.0769112    0.127772      0.1784    0.221215    0.249806    0.259901    0.250007    0.221641    0.179104    0.128836   0.0784579   0.0356478           0
          0 0.000310069   0.0134204   0.0328893    0.055687   0.0783703   0.0975446     0.11035    0.114884    0.110483   0.0978279   0.0788393   0.0564003   0.0339368   0.0149373           0
          0           0           0           0           0           0           0           0           0           0           0           0           0           0           0           0
