           0            0            0            0            0            0            0            0            0            0            0            0            0            0            0            0
           0  -0.00216646 -0.000342099   0.00322298   0.00784669    0.0127047    0.0169649    0.0199189    0.0210929    0.0203196    0.0177637    0.0138935   0.00940427   0.00510236   0.00176351            0
           0  -0.00305978   0.00353743    0.0147624    0.0286781    0.0429689    0.0553091     0.063724    0.0668937    0.0643548    0.0565702    0.0448552     0.031171    0.0178133   0.00703842            0
           0  -0.00415697   0.00920537    0.0311339    0.0579483    0.0852825     0.108763     0.124681     0.130561     0.125533     0.110472    0.0878542    0.0613821    0.0354068    0.0142467            0
           0  -0.00544551    0.0157202    0.0499521    0.0915612     0.133834     0.170057     0.194546     0.203503     0.195601     0.172182     0.137051    0.0959009    0.0554402    0.0223635            0
           0  -0.00677082    0.0221078    0.0684932     0.124706     0.181714     0.230501     0.263433     0.275414     0.264663     0.232985     0.185497     0.129854    0.0750937    0.0302636            0
           0  -0.00792467    0.0274488    0.0840702     0.152579     0.221992     0.281351     0.321384     0.335903     0.322748     0.284112     0.226215     0.158368    0.0915676      0.03685            0
           0  -0.00871049    0.0309848    0.0944192     0.171112     0.248778      0.31517     0.359924      0.37613     0.361371     0.318101     0.253276     0.177305     0.102494    0.0412016            0
           0  -0.00899051    0.0322156    0.0980312     0.177582      0.25813     0.326976     0.373377     0.390167     0.374845     0.329955     0.262708     0.183899      0.10629    0.0427043            0
           0  -0.00871434    0.0309675    0.0943765     0.171034     0.248659     0.315012     0.359736     0.375924     0.361164     0.317908     0.253109     0.177172     0.102398    0.0411416            0
           0  -0.00792784    0.0274176    0.0839835     0.152414     0.221737     0.281011     0.320977     0.335459     0.322302     0.283698      0.22586     0.158087    0.0913665    0.0367262            0
           0  -0.00676122    0.0220728    0.0683624     0.124438     0.181288     0.229926     0.262741      0.27466      0.26391     0.232291     0.184907     0.129396    0.0747725      0.03007            0
           0  -0.00539617    0.0157062     0.049784    0.0911674     0.133181     0.169161     0.193463     0.202324     0.194429     0.171113     0.136158    0.0952236    0.0549806    0.0220968            0
           0  -0.00401141   0.00926682    0.0309528    0.0574048    0.0843249     0.107418     0.123045      0.12878     0.123775     0.108889    0.0865616    0.0604343    0.0347958     0.013916            0
           0  -0.00270253   0.00378588    0.0146272    0.0279639    0.0415977    0.0533291    0.0612949    0.0642517    0.0617652    0.0542763    0.0430329    0.0298978    0.0170596   0.00668598            0
           0            0            0            0            0            0            0            0            0            0            0            0            0            0            0            0
