           0            0            0            0            0            0            0            0            0            0            0            0            0            0            0            0
           0  -0.00415945  -0.00382482   -0.0026108 -0.000994207  0.000662037   0.00207279   0.00302675   0.00339451    0.0031376   0.00231284   0.00107054 -0.000351214  -0.00162889   -0.0023376            0
           0  -0.00202022   0.00880411    0.0254423    0.0451253    0.0647822    0.0814236    0.0925491    0.0965023    0.0927112    0.0817738    0.0653759    0.0460535    0.0268432    0.0108817            0
           0   0.00231144    0.0291775    0.0690903     0.115924     0.162594     0.202077      0.22845     0.237766     0.228651      0.20251     0.163323     0.117055    0.0707775    0.0316349            0
           0   0.00790033     0.053867     0.121349     0.200283     0.278867     0.345327     0.389702     0.405343     0.389927     0.345812     0.279682      0.20154     0.123207     0.056541            0
           0    0.0137267    0.0788951      0.17402     0.285108     0.395642     0.489103     0.551492     0.573459     0.551731     0.489616       0.3965     0.286427     0.175959     0.081668            0
           0    0.0188017     0.100313     0.218925     0.357313     0.494964     0.611339     0.689012     0.716343     0.689254     0.611859     0.495835     0.358646     0.220882     0.103104            0
           0    0.0222992     0.114788     0.249144     0.405816     0.561623     0.693333     0.781234     0.812152     0.781473     0.693846     0.562481     0.407131     0.251074     0.117543            0
           0    0.0236723     0.120096     0.260058      0.42322     0.585461     0.722601      0.81412     0.846305     0.814351     0.723096     0.586291     0.424495     0.261932     0.122779            0
           0    0.0227322     0.115466     0.250055      0.40694     0.562929     0.694778     0.782763     0.813704     0.782981     0.695247     0.563718     0.408156      0.25185     0.118045            0
           0    0.0196761     0.101685     0.220773     0.359598     0.497626     0.614289     0.692139     0.719517     0.692341     0.614725     0.498361     0.360737     0.222463     0.104126            0
           0    0.0150573    0.0809886     0.176852     0.288627     0.399758     0.493682     0.556357     0.578403     0.556538     0.494074     0.400423     0.289663     0.178401    0.0832424            0
           0    0.0097043    0.0567191     0.125233     0.205144      0.28459     0.351727     0.396525     0.412291      0.39668     0.352063     0.285163     0.206044     0.126589    0.0587152            0
           0   0.00460085    0.0328215     0.074101     0.122262      0.17013      0.21057     0.237552     0.247054     0.237674     0.210835     0.170585     0.122983    0.0751997    0.0344635            0
           0   0.00075083    0.0132505    0.0316441    0.0530976    0.0743974    0.0923769     0.104369       0.1086     0.104452    0.0925566    0.0747068    0.0535912    0.0324071    0.0144156            0
           0            0            0            0            0            0            0            0            0            0            0            0            0            0            0            0
