          0           0           0           0           0           0           0           0           0           0           0           0           0           0           0           0
          0 -0.00485586 -0.00427687 -0.00244852 1.40856e-05  0.00258174  0.00480228  0.00632288  0.00691992  0.00652225  0.00522045  0.00325951  0.00101788 -0.00101799  -0.0022664           0
          0 -0.00308312  0.00884407   0.0275372   0.0498399   0.0722208   0.0912303    0.103978    0.108549    0.104279   0.0918608   0.0732403   0.0513433   0.0296628   0.0117857           0
          0 0.000822758   0.0300397   0.0740451     0.12598    0.177894    0.221905    0.251356    0.261817    0.251744    0.222716    0.179202      0.1279    0.076742   0.0337309           0
          0  0.00594548   0.0557184    0.129649    0.216542    0.303266    0.376729    0.425849    0.443235    0.426306    0.377683    0.304803    0.218793    0.132797   0.0600052           0
          0   0.0113165   0.0817386    0.185647     0.30752    0.429057    0.531965    0.600745    0.625047    0.601252    0.533026    0.430763    0.310014    0.189131   0.0864776           0
          0   0.0160094    0.103998    0.233365    0.384922     0.53599     0.66387    0.749317     0.77948    0.749858    0.664998    0.537803    0.387574    0.237069    0.109043           0
          0   0.0192546    0.119038    0.265463    0.436895    0.607725    0.752312    0.848909    0.882988    0.849463    0.753469    0.609586    0.439617    0.269271    0.124234           0
          0   0.0205445    0.124553    0.277046    0.455526    0.633353     0.78385    0.884388    0.919849    0.884938    0.784999    0.635202    0.458233    0.280838    0.129736           0
          0   0.0197045     0.11974    0.266403    0.438048    0.609059    0.753782     0.85046    0.884559    0.850989    0.754887    0.610838    0.440656    0.270059    0.124744           0
          0   0.0169183    0.105418    0.235268    0.387264    0.538703    0.666864    0.752481    0.782685    0.752971    0.667889    0.540355    0.389688    0.238671     0.11008           0
          0   0.0127015   0.0839069    0.188562    0.311119    0.433241    0.536596    0.605647    0.630019    0.606082    0.537507    0.434711    0.313279    0.191599   0.0880725           0
          0  0.00782873   0.0586757    0.133643    0.221499    0.309059    0.383169    0.432687    0.450182    0.433052    0.383933    0.310295    0.223319    0.136209   0.0622044           0
          0  0.00322737   0.0338294   0.0791963    0.132424    0.185485    0.230397    0.260413    0.271035    0.260694    0.230985    0.186438    0.133833   0.0811911   0.0365902           0
          0 -0.00013753   0.0134987     0.03392   0.0579199   0.0818467    0.102098    0.115638    0.120447    0.115823    0.102486   0.0824766    0.058854   0.0352516   0.0153639           0
          0           0           0           0           0           0           0           0           0           0           0           0           0           0           0           0
