           0            0            0            0            0            0            0            0            0            0            0            0            0            0            0            0
           0  -0.00335915 -0.000922345   0.00329593   0.00840701     0.013541     0.017895    0.0208134    0.0218681    0.0209162    0.0181224    0.0139395   0.00905333   0.00430413   0.00060907            0
           0  -0.00133366    0.0138023    0.0368262    0.0640239    0.0911946     0.114209     0.129594     0.135041     0.129751     0.114557    0.0918066     0.065019    0.0383803    0.0161538            0
           0   0.00221041    0.0360514    0.0865856     0.146029     0.205352     0.255585      0.28915     0.300995     0.289359      0.25605      0.20617     0.147365    0.0886809    0.0392357            0
           0   0.00649153    0.0622597     0.144982     0.242127     0.339033      0.42108     0.475891     0.495208     0.476148     0.421651     0.340045     0.243788     0.147605    0.0662839            0
           0    0.0107764    0.0884039     0.203197     0.337898     0.472235     0.585966     0.661934      0.68869     0.662232      0.58663     0.473417     0.339847     0.206301    0.0932155            0
           0     0.014401      0.11053     0.252464     0.418943     0.584954     0.725491     0.819361      0.85241      0.81969     0.726228     0.586268     0.421124     0.255958      0.11599            0
           0    0.0168271     0.125314     0.285371     0.473069     0.660225      0.81866     0.924481     0.961731      0.92483     0.819443     0.661624     0.475397     0.289116     0.131198            0
           0    0.0177046     0.130543     0.296974     0.492132     0.686721     0.851446     0.961466      1.00019     0.961821     0.852241     0.688145     0.494505     0.300799     0.136565            0
           0    0.0169175     0.125451     0.285552     0.473289     0.660479      0.81894     0.924776      0.96203     0.925122     0.819714     0.661865     0.475598     0.289271     0.131301            0
           0    0.0146015     0.110835     0.252866     0.419434     0.585519     0.726114     0.820019     0.853078     0.820341     0.726834     0.586806     0.421573     0.256303      0.11622            0
           0    0.0111291    0.0889399     0.203905     0.338763     0.473236     0.587071     0.663105     0.689879     0.663389     0.587708     0.474371     0.340644     0.206912    0.0936208            0
           0   0.00706691    0.0631336     0.146137     0.243542     0.340675       0.4229     0.477823     0.497172      0.47806      0.42343     0.341616     0.245096     0.148607    0.0669483            0
           0   0.00311683    0.0374224    0.0883958     0.148252     0.207944     0.258473     0.292226     0.304127     0.292408     0.258878     0.208662     0.149432     0.090262     0.040285            0
           0  6.51493e-05    0.0158921    0.0395753    0.0674127     0.095171     0.118664     0.134359     0.139903     0.134479     0.118932    0.0956444    0.0681887    0.0407993    0.0177669            0
           0            0            0            0            0            0            0            0            0            0            0            0            0            0            0            0
