          0           0           0           0           0           0           0           0           0           0           0           0           0           0           0           0
          0 -0.00326744 -0.00132906  0.00268943  0.00796272    0.013523    0.018405   0.0217925   0.0231412   0.0222611   0.0193438   0.0149322  0.00983358  0.00499085  0.00132639           0
          0 -0.00419632  0.00433902   0.0188298   0.0367507    0.055119   0.0709535   0.0817297   0.0857632   0.0824652   0.0724307   0.0573463   0.0397293   0.0225365  0.00869553           0
          0 -0.00508416    0.012993   0.0423738    0.078149    0.114526    0.145718    0.166822    0.174567    0.167812    0.147713     0.11755   0.0822292   0.0475234   0.0191846           0
          0 -0.00602176   0.0231589   0.0697792    0.126173    0.183315    0.232193    0.265176    0.277171    0.266399    0.234665    0.187084    0.131303   0.0763456   0.0312293           0
          0 -0.00694816     0.03326    0.096973    0.173789    0.251484    0.317857    0.362581    0.378765    0.364003    0.320739    0.255899    0.179849    0.104824   0.0430857           0
          0 -0.00773816   0.0417845    0.119926    0.213972       0.309    0.390124    0.444743    0.464452    0.446317     0.39332    0.313917    0.220762    0.128805   0.0530442           0
          0  -0.0082617   0.0474761    0.135239     0.24077    0.347349    0.438299    0.499507    0.521561    0.501173    0.441686    0.352575    0.248018    0.144773   0.0596664           0
          0 -0.00842398   0.0495035    0.140646    0.250206    0.360833    0.455224    0.518738    0.541609    0.520427    0.458662    0.366144    0.257587    0.150381   0.0619935           0
          0 -0.00818907   0.0475772    0.135353    0.240882    0.347447    0.438378    0.499567    0.521605    0.501208    0.441718    0.352607     0.24805    0.144803   0.0596885           0
          0 -0.00758682   0.0419924    0.120155    0.214191    0.309184    0.390262    0.444836    0.464513     0.44636     0.39336    0.313964    0.220816    0.128859   0.0530864           0
          0 -0.00670278   0.0335894    0.097324    0.174105    0.251726     0.31801    0.362654    0.378782    0.363997    0.320739    0.255925    0.179903    0.104893   0.0431457           0
          0  -0.0056502    0.023642   0.0702675    0.126575    0.183573    0.232291    0.265136    0.277044    0.266247    0.234545    0.187031    0.131326   0.0764192   0.0313094           0
          0 -0.00452192   0.0136944   0.0430352    0.078626    0.114737     0.14565    0.166527    0.174141    0.167367    0.147351    0.117339   0.0821815   0.0475992   0.0193017           0
          0 -0.00331461   0.0053845   0.0197371   0.0372967   0.0551909   0.0705545   0.0809634   0.0848015   0.0815058   0.0716512   0.0568636    0.039572   0.0226362   0.0089033           0
          0           0           0           0           0           0           0           0           0           0           0           0           0           0           0           0
