           0            0            0            0            0            0            0            0            0            0            0            0            0            0            0            0
           0  -0.00514386  -0.00443476  -0.00229776  0.000586883   0.00360871   0.00623286   0.00803598   0.00874729    0.0082792   0.00673896   0.00441853   0.00176587 -0.000652611   -0.0021797            0
           0  -0.00357718   0.00879134    0.0283398    0.0517481    0.0752872    0.0953084     0.108753     0.113591     0.109123    0.0960777    0.0765163    0.0535323    0.0308149    0.0121422            0
           0  6.38901e-05    0.0301617    0.0757747     0.129745     0.183769      0.22961     0.260312     0.271244     0.260793     0.230609     0.185363     0.132053    0.0789622    0.0344447            0
           0   0.00488425    0.0560444     0.132442      0.22243     0.312345     0.388565     0.439562     0.457647     0.440135     0.389754      0.31424      0.22517     0.136222    0.0611125            0
           0   0.00995421    0.0822635     0.189487     0.315497     0.441287     0.547863     0.619134     0.644357     0.619777     0.549198     0.443414     0.318573      0.19373    0.0879623            0
           0    0.0143913     0.104689     0.238083     0.394653     0.550867      0.68318     0.771635     0.802905     0.772325     0.684612      0.55315     0.397959     0.242651      0.11084            0
           0    0.0174655     0.119837     0.270765     0.447792     0.624361      0.77389     0.873838     0.909147      0.87455     0.775371     0.626723     0.451215     0.275502     0.126235            0
           0    0.0186957      0.12539     0.282552     0.466831     0.650604      0.80622     0.910228     0.946962     0.910939     0.807698     0.652964     0.470253     0.287295     0.131807            0
           0    0.0179172     0.120541     0.271704     0.448943     0.625689      0.77535     0.875376     0.910703      0.87606     0.776774     0.627964     0.452244     0.276284     0.126741            0
           0    0.0153042     0.106112     0.239986     0.396988     0.553564      0.68615     0.774768     0.806076     0.775403     0.687471     0.555675     0.400053     0.244238     0.111868            0
           0    0.0113462    0.0844372       0.1924     0.319081     0.445441     0.552449     0.623979     0.649266     0.624543      0.55362     0.447314     0.321801     0.196174     0.089543            0
           0   0.00677995     0.059011     0.136432      0.22736     0.318085     0.394926     0.446302     0.464485     0.446773     0.395906     0.319652     0.229638     0.139595    0.0632904            0
           0   0.00249199    0.0339695    0.0809201     0.136145     0.191271      0.23797     0.269205     0.280283     0.269566     0.238721     0.192473     0.137896    0.0833563    0.0372757            0
           0 -0.000584909    0.0134842      0.03472    0.0597611    0.0847716     0.105965      0.12015     0.125204     0.120387     0.106457    0.0855613    0.0609134    0.0363307    0.0156886            0
           0            0            0            0            0            0            0            0            0            0            0            0            0            0            0            0
