           0            0            0            0            0            0            0            0            0            0            0            0            0            0            0            0
           0  0.000717619  0.000643456  2.84923e-06  -0.00107047  -0.00233364  -0.00351346  -0.00436815  -0.00473365  -0.00455223  -0.00388162  -0.00288325  -0.00178978  -0.00085279 -0.000269131            0
           0    0.0029807   0.00541989   0.00791523    0.0102502    0.0122466    0.0137535    0.0146517    0.0148631    0.0143592    0.0131656    0.0113604   0.00907031   0.00646711   0.00377488            0
           0   0.00631686     0.012626    0.0200652    0.0278619    0.0351416    0.0410408     0.044829    0.0460167    0.0444291    0.0402324    0.0339104     0.026193    0.0179542    0.0100967            0
           0    0.0102581    0.0211868    0.0345645    0.0489516    0.0626277    0.0738584    0.0811641    0.0835504    0.0806623    0.0728389    0.0610596    0.0467921    0.0317639    0.0176965            0
           0    0.0142157     0.029794    0.0491611    0.0702059     0.090352     0.106981     0.117853     0.121459     0.117261     0.105774    0.0884801    0.0675954    0.0457116     0.025376            0
           0    0.0175875    0.0371252    0.0615955    0.0883163     0.113981     0.135218     0.149134     0.153784     0.148472     0.133862     0.111867    0.0853407    0.0576124    0.0319327            0
           0    0.0198583    0.0420548    0.0699511     0.100483     0.129854     0.154184     0.170147     0.175499     0.169441     0.152735     0.127584    0.0972698    0.0656168    0.0363466            0
           0    0.0206831    0.0438306    0.0729491     0.104839      0.13553     0.160963     0.177655     0.183258     0.176934     0.159483     0.133209     0.101546    0.0684923    0.0379381            0
           0    0.0199413    0.0421906    0.0701445     0.100736     0.130163     0.154541     0.170536     0.175902     0.169835       0.1531     0.127903     0.097531    0.0658117    0.0364715            0
           0    0.0177554    0.0374025    0.0619943    0.0888425      0.11463     0.135969     0.149957     0.154635     0.149306     0.134633     0.112539    0.0858873    0.0580182    0.0321916            0
           0    0.0144701    0.0302219    0.0497879    0.0710463    0.0914005     0.108207       0.1192     0.122856     0.118628     0.107034    0.0895717    0.0684761    0.0463599    0.0257864            0
           0    0.0105951    0.0217715    0.0354481     0.050167    0.0641723     0.075686    0.0831875     0.085653    0.0827156     0.074722    0.0626762    0.0480806    0.0326992    0.0182808            0
           0   0.00671648    0.0133594    0.0212323    0.0295307    0.0373189    0.0436599    0.0477547    0.0490658    0.0473995    0.0429362    0.0362018    0.0279869    0.0192283     0.010876            0
           0   0.00338622   0.00625652   0.00937402    0.0124642    0.0152427    0.0174352    0.0188102    0.0192114    0.0185815    0.0169707    0.0145293    0.0114872   0.00812563    0.0047529            0
           0            0            0            0            0            0            0            0            0            0            0            0            0            0            0            0
