           0            0            0            0            0            0            0            0            0            0            0            0            0            0            0            0
           0   0.00042565  0.000298874 -0.000375563  -0.00147929  -0.00277267  -0.00397971  -0.00485394  -0.00522717  -0.00503959  -0.00434929  -0.00331981  -0.00218597  -0.00119838 -0.000544884            0
           0   0.00282588   0.00580619   0.00913347    0.0124479    0.0154177    0.0177448    0.0191881    0.0195891    0.0188921    0.0171524    0.0145312    0.0112806   0.00772415   0.00424623            0
           0   0.00645701    0.0142391    0.0238479    0.0341775    0.0439726    0.0519938    0.0571945    0.0588753    0.0567885    0.0511761    0.0427349    0.0325149    0.0217705     0.011792            0
           0    0.0107876    0.0243099    0.0414558    0.0602285    0.0782574    0.0931609     0.102913     0.106153     0.102401    0.0921258    0.0766739    0.0580638     0.038675     0.020885            0
           0    0.0151564    0.0344607     0.059206    0.0864998     0.112846     0.134706     0.149062     0.153886     0.148458     0.133477     0.110948      0.08387    0.0557578    0.0300839            0
           0    0.0188893    0.0431201    0.0743402     0.108896     0.142332     0.170126      0.18841     0.194587     0.187732     0.168742     0.140182     0.105887    0.0703397    0.0379437            0
           0    0.0214107    0.0489517    0.0845192      0.12395     0.162146     0.193923     0.214845     0.221931     0.214121      0.19244     0.159833     0.120693    0.0801526    0.0432394            0
           0    0.0223352    0.0510628    0.0881824     0.129351     0.169243     0.202438       0.2243      0.23171      0.22356     0.200922     0.166874     0.126008    0.0836848    0.0451546            0
           0    0.0215284    0.0491421    0.0847864     0.124295     0.162563     0.194399     0.215361     0.222463     0.214641     0.192922     0.160256      0.12104    0.0804119     0.043406            0
           0     0.019127    0.0435075    0.0748883     0.109608     0.143199     0.171121     0.189491     0.195701     0.188823     0.169752     0.141065     0.106608    0.0708767    0.0382873            0
           0    0.0155164    0.0350559    0.0600611    0.0876265     0.114232      0.13631     0.150813     0.155694     0.150225     0.135108     0.112366    0.0850195    0.0566083    0.0306244            0
           0    0.0112664    0.0251209     0.042651    0.0618381    0.0802703    0.0955159     0.105501     0.108833     0.105017    0.0945291    0.0787458    0.0597256    0.0398897    0.0216482            0
           0   0.00703386    0.0152585    0.0254142    0.0363584    0.0467654    0.0553122     0.060874    0.0626963    0.0605098    0.0545723    0.0456289    0.0347987    0.0234083    0.0128026            0
           0   0.00344067   0.00698621    0.0110819    0.0153028    0.0191973    0.0223277    0.0243252    0.0249426    0.0240911    0.0218535    0.0184729    0.0143183   0.00983731   0.00551019            0
           0            0            0            0            0            0            0            0            0            0            0            0            0            0            0            0
