          0           0           0           0           0           0           0           0           0           0           0           0           0           0           0           0
          0 -0.00132002 -0.00148248 -0.00183511 -0.00242807 -0.00316045  -0.0038707 -0.00439934 -0.00463201 -0.00452484 -0.00411191 -0.00349428 -0.00280985 -0.00218245 -0.00164397           0
          0  0.00137723  0.00745131   0.0158061   0.0251906   0.0342836   0.0418252   0.0467706   0.0484298   0.0465649   0.0414255    0.033717   0.0245095   0.0151054  0.00689841           0
          0  0.00592046   0.0216325   0.0433974   0.0681627   0.0924282    0.112734    0.126161    0.130767    0.125871    0.112163   0.0915998   0.0671212   0.0422221   0.0204597           0
          0   0.0115272   0.0387619   0.0765233    0.119631    0.161996    0.197533    0.221089    0.229218    0.220713    0.196787    0.160892    0.118194   0.0747984   0.0368267           0
          0   0.0172716   0.0561141    0.109966    0.171517    0.232078    0.282932    0.316673    0.328349    0.316219    0.282022    0.230711    0.169693    0.107688    0.053392           0
          0   0.0222261   0.0709608    0.138508    0.215748    0.291789     0.35567    0.398076    0.412769    0.397557    0.354625    0.290201    0.213595    0.135752   0.0675513           0
          0   0.0256049   0.0809894    0.157727    0.245491    0.331909    0.404524    0.452738    0.469454    0.452175    0.403387    0.330172    0.243111    0.154641   0.0771002           0
          0   0.0268837   0.0846571    0.164676    0.256185    0.346292    0.422009    0.472285    0.489719    0.471706    0.420837    0.344495    0.253713    0.161453   0.0805689           0
          0   0.0258803    0.081426    0.158324    0.246241    0.332795    0.405517      0.4538    0.470538    0.453233    0.404369    0.331037    0.243824    0.155179   0.0774468           0
          0   0.0227816   0.0718452    0.139722    0.217282    0.293607    0.357716    0.400268     0.41501    0.399741    0.356652    0.291982     0.21506    0.136854   0.0682599           0
          0   0.0181139   0.0574652    0.111838      0.1739    0.234925    0.286153    0.320137    0.331896    0.319676    0.285223    0.233513    0.171987    0.109404   0.0544917           0
          0   0.0126585   0.0405985   0.0791043    0.122961    0.166019    0.202124    0.226052    0.234311    0.225674    0.201365    0.164876    0.121434   0.0772027   0.0383567           0
          0  0.00732506   0.0239578   0.0467391    0.072564    0.097835    0.118975    0.132958    0.137761    0.132676    0.118411   0.0969932   0.0714572   0.0454004   0.0224601           0
          0  0.00299847   0.0102239   0.0199378   0.0308057   0.0413469   0.0501109    0.055878   0.0578352   0.0556981   0.0497533   0.0408178    0.030122   0.0191379  0.00939108           0
          0           0           0           0           0           0           0           0           0           0           0           0           0           0           0           0
