           0            0            0            0            0            0            0            0            0            0            0            0            0            0            0            0
           0 -0.000473839    -0.000662  -0.00125142  -0.00219875  -0.00331738  -0.00437013  -0.00513759  -0.00546719  -0.00530297  -0.00469467  -0.00378523  -0.00277645  -0.00187228  -0.00119595            0
           0   0.00216007   0.00675633    0.0126659    0.0190751    0.0251532    0.0301193    0.0333296    0.0343598    0.0330631    0.0295924     0.024382    0.0180949    0.0115482   0.00563842            0
           0   0.00639246    0.0183957    0.0343939    0.0522712    0.0696101    0.0840231    0.0934966     0.096688    0.0931268     0.083286    0.0685142    0.0508385    0.0326734    0.0164846            0
           0    0.0115428    0.0324072    0.0604709    0.0920736     0.122902     0.148642     0.165633     0.171427     0.165163     0.147697     0.121478    0.0901669    0.0580897    0.0295806            0
           0    0.0167873    0.0465815    0.0867946     0.132219     0.176635     0.213787     0.238355     0.246776     0.237793     0.212653     0.174905     0.129862    0.0837702    0.0428401            0
           0    0.0212942    0.0586994     0.109259      0.16645     0.222434     0.269303     0.300324     0.310983     0.299689     0.268015     0.220455      0.16372     0.105692    0.0541758            0
           0    0.0243562     0.066878     0.124383      0.18947     0.253214     0.306601      0.34195     0.354111     0.341268     0.305212     0.251069      0.18649     0.120449    0.0618201            0
           0    0.0255006    0.0698601     0.129846     0.197746     0.264251     0.319956     0.356844     0.369539     0.356144     0.318531     0.262045     0.194671     0.125771    0.0645946            0
           0    0.0245628    0.0672076     0.124837     0.190046     0.253899     0.307374      0.34278     0.354961     0.342097     0.305983     0.251747     0.187047     0.120868    0.0620901            0
           0     0.021711    0.0593678     0.110185     0.167631     0.223846     0.270902     0.302045     0.312748     0.301411     0.269612     0.221855     0.164869     0.106554    0.0547292            0
           0    0.0174187    0.0476038    0.0882274     0.134063     0.178859     0.216322     0.241096      0.24959     0.240539     0.215193     0.177123     0.131673    0.0851198    0.0437024            0
           0    0.0123879    0.0337972    0.0624537    0.0946678     0.126073     0.152291       0.1696      0.17551     0.169143     0.151365      0.12466    0.0927423    0.0599914    0.0307857            0
           0   0.00743158    0.0201504    0.0369695    0.0557258    0.0739142    0.0890418    0.0989966     0.102367    0.0986536    0.0883505    0.0728663    0.0543151    0.0352026    0.0180658            0
           0   0.00333119   0.00882797     0.015854    0.0235174    0.0308408      0.03687    0.0408025    0.0421031    0.0405829    0.0364289    0.0301767    0.0226346    0.0147735   0.00760963            0
           0            0            0            0            0            0            0            0            0            0            0            0            0            0            0            0
