         0          0          0          0          0          0          0          0          0          0          0          0          0          0          0          0
         0 0.00125092 0.00195496  0.0026578 0.00333387 0.00393927 0.00442212 0.00473389 0.00483926 0.00472279 0.00439115 0.00387075 0.00320101  0.0024249 0.00157861          0
         0 0.00198487 0.00309034 0.00419756 0.00526737 0.00622904 0.00699827 0.00749616 0.00766544 0.00748128 0.00695491  0.0061296  0.0050696 0.00384404 0.00250889          0
         0 0.00270041  0.0041784 0.00566211 0.00710072 0.00839783 0.00943777  0.0101122  0.0103426  0.0100951 0.00938556 0.00827383 0.00684824 0.00520297 0.00341181          0
         0 0.00335918 0.00516628 0.00698393 0.00875193  0.0103505  0.0116348  0.0124691  0.0127554  0.0124515  0.0115776  0.0102092 0.00845705 0.00643826 0.00424156          0
         0 0.00391868 0.00599619 0.00808952  0.0101315  0.0119823  0.0134722  0.0144416  0.0147755  0.0144247  0.0134135  0.0118309 0.00980718 0.00747887  0.0049465          0
         0 0.00433824 0.00661295 0.00890856  0.0111532   0.013192  0.0148357  0.0159067  0.0162768  0.0158915  0.0147783  0.0130367   0.010812 0.00825566 0.00547638          0
         0 0.00458435  0.0069711 0.00938286  0.0117454  0.0138946  0.0156293  0.0167609  0.0171529  0.0167478  0.0155749  0.0137404  0.0113989  0.0087107 0.00578917          0
         0   0.004635 0.00704076 0.00947399  0.0118603  0.0140333  0.0157886  0.0169344  0.0173321  0.0169233  0.0157379  0.0138842  0.0115191 0.00880528 0.00585685          0
         0 0.00448267 0.00681161 0.00916848   0.011481  0.0135877    0.01529  0.0164016  0.0167879   0.016392  0.0152433  0.0134467  0.0111547 0.00852539 0.00566938          0
         0 0.00413544 0.00629448 0.00847984  0.0106238  0.0125766  0.0141544  0.0151847  0.0155429  0.0151762  0.0141118  0.0124465  0.0103218 0.00788384 0.00523618          0
         0 0.00361618 0.00552018 0.00744712 0.00933612  0.0110555  0.0124442  0.0133507  0.0136658   0.013343   0.012406  0.0109396 0.00906757 0.00691864 0.00458503          0
         0 0.00295987 0.00453599 0.00613019 0.00769094 0.00910994  0.0102551  0.0110022  0.0112616  0.0109952   0.010222 0.00901138 0.00746482 0.00568809 0.00375847          0
         0 0.00220935 0.00339997 0.00460258 0.00577753 0.00684394 0.00770349 0.00826379 0.00845799 0.00825756 0.00767649 0.00676624 0.00560214 0.00426319 0.00280832          0
         0  0.0014097 0.00217371 0.00294272 0.00369107 0.00436819 0.00491277 0.00526717 0.00538958 0.00526201 0.00489299 0.00431442 0.00357313 0.00271861 0.00178883          0
         0          0          0          0          0          0          0          0          0          0          0          0          0          0          0          0
