          0           0           0           0           0           0           0           0           0           0           0           0           0           0           0           0
          0 -0.00105623 0.000567834  0.00351179  0.00726175   0.0111762   0.0145991   0.0169682   0.0179057   0.0172768   0.0152102   0.0120753  0.00841911  0.00487163  0.00202852           0
          0 -0.00173424  0.00298488   0.0109408   0.0207946   0.0309203   0.0396733   0.0456523   0.0479184   0.0461398   0.0406418   0.0323537    0.022659   0.0131702  0.00545674           0
          0 -0.00275213  0.00620748   0.0209794   0.0390942    0.057598   0.0735205   0.0843379   0.0883618   0.0849985    0.074838   0.0595617   0.0416792    0.024133  0.00982817           0
          0 -0.00403705  0.00973916   0.0322543   0.0597431   0.0877424    0.111781    0.128067    0.134066    0.128888    0.113425   0.0902103   0.0630301   0.0363411    0.014578           0
          0 -0.00539735   0.0130991    0.043216   0.0799069    0.117224    0.149223    0.170867    0.178795    0.171827    0.151151    0.120137   0.0838269   0.0481667    0.019103           0
          0 -0.00660047   0.0158486   0.0523436   0.0967572    0.141893     0.18057    0.206708     0.21625    0.207775     0.18272    0.145157    0.101183   0.0579974   0.0228213           0
          0 -0.00743401   0.0176321   0.0583583    0.107897    0.158223    0.201332    0.230451    0.241062    0.231585     0.20362    0.161708    0.112646   0.0644698   0.0252459           0
          0 -0.00775117   0.0182165   0.0604083    0.111725    0.163851    0.208497     0.23865     0.24963    0.239802    0.210825    0.167403    0.116577    0.066672   0.0260525           0
          0 -0.00749903   0.0175212   0.0581938    0.107674    0.157941    0.200999    0.230082    0.240676    0.231203    0.203264    0.161396    0.112392   0.0642809   0.0251256           0
          0 -0.00672742   0.0156285   0.0520114   0.0963002    0.141311    0.179879    0.205939    0.215444     0.20698     0.18198    0.144512    0.100659   0.0576103    0.022576           0
          0 -0.00557737   0.0127758   0.0427124   0.0791972    0.116305     0.14812    0.169633    0.177499     0.17055    0.149969    0.119113   0.0830029   0.0475641   0.0187251           0
          0 -0.00424925  0.00933048     0.03158   0.0587546   0.0864303    0.110183    0.126262    0.132167     0.12702    0.111707   0.0887368   0.0618619   0.0355015    0.014061           0
          0 -0.00295105  0.00575582   0.0201492   0.0377976    0.055813   0.0713008   0.0818065   0.0856903   0.0823782   0.0724486    0.057543   0.0401127   0.0230384  0.00917527           0
          0  -0.0018254  0.00258106  0.00999944   0.0191631   0.0285565   0.0366562   0.0421688   0.0442299   0.0425367   0.0373935   0.0296641   0.0206367   0.0118202  0.00469864           0
          0           0           0           0           0           0           0           0           0           0           0           0           0           0           0           0
