          0           0           0           0           0           0           0           0           0           0           0           0           0           0           0           0
          0 0.000869377  0.00183947  0.00312714  0.00459473  0.00605061  0.00728942  0.00813056  0.00844995  0.00820083  0.00742073   0.0062235  0.00477741  0.00327204  0.00187783           0
          0  0.00115539  0.00279925  0.00505912  0.00766709   0.0102665   0.0124816   0.0139844    0.014551   0.0140981   0.0126955   0.0105524   0.0079788  0.00532805  0.00292695           0
          0  0.00123519  0.00358902  0.00693241   0.0108341   0.0147396   0.0180721   0.0203319   0.0211793   0.0204892   0.0183703   0.0151445   0.0112902  0.00735785  0.00386844           0
          0  0.00114145  0.00418903  0.00863953   0.0138816   0.0191474    0.023646   0.0266959   0.0278351   0.0268952   0.0240268    0.019672     0.01449  0.00924385  0.00466725           0
          0 0.000939711  0.00460487   0.0100757   0.0165662   0.0231043   0.0286955   0.0324858   0.0338979   0.0327229   0.0291512   0.0237402    0.017321   0.0108608  0.00529848           0
          0 0.000706635  0.00485436   0.0111454   0.0186483   0.0262217   0.0327034   0.0370974   0.0387319   0.0373648   0.0332199   0.0269493   0.0195267   0.0120881  0.00574312           0
          0 0.000511549  0.00495735   0.0117712   0.0199256    0.028168   0.0352262   0.0400114   0.0417901   0.0402986   0.0357828    0.028957   0.0208886   0.0128246  0.00598685           0
          0 0.000402171  0.00492854   0.0119021   0.0202624   0.0287195   0.0359642   0.0408764   0.0427021   0.0411706   0.0365354    0.029532   0.0212593   0.0130019  0.00602012           0
          0 0.000395627  0.00477318   0.0115194   0.0196095   0.0277949    0.034808   0.0395639   0.0413325   0.0398515   0.0353662   0.0285892   0.0205843   0.0125947  0.00583875           0
          0 0.000475679  0.00448611   0.0106399   0.0180111    0.025467   0.0318551   0.0361882   0.0378014   0.0364555   0.0323736    0.026203   0.0189105   0.0116237   0.0054444           0
          0 0.000596545  0.00405403  0.00931365   0.0155987   0.0219513   0.0273935   0.0310861   0.0324634   0.0313213   0.0278487   0.0225946   0.0163784   0.0101531  0.00484486           0
          0 0.000693194  0.00346123  0.00761995   0.0125721   0.0175719   0.0218544   0.0247616   0.0258487   0.0249551    0.022228   0.0180967   0.0132009  0.00828212  0.00405455           0
          0 0.000697538  0.00269901  0.00566017    0.009171    0.012711   0.0157425   0.0178017   0.0185745   0.0179468   0.0160216   0.0131005   0.0096319  0.00613295  0.00309596           0
          0 0.000560054  0.00177888  0.00355149  0.00564298   0.0077488  0.00955186   0.0107776   0.0112396   0.0108699  0.00972887  0.00799426  0.00592987  0.00383832  0.00200366           0
          0           0           0           0           0           0           0           0           0           0           0           0           0           0           0           0
