           0            0            0            0            0            0            0            0            0            0            0            0            0            0            0            0
           0 -0.000239772   0.00117209   0.00353635   0.00648073   0.00952643    0.0121778    0.0140074    0.0147266    0.0142314    0.0126178    0.0101644   0.00728358   0.00444684   0.00209345            0
           0 -0.000632511   0.00274724   0.00829751    0.0151258    0.0221283    0.0281794    0.0323158    0.0338899     0.032671    0.0288797     0.023151    0.0164288   0.00980795   0.00434253            0
           0  -0.00138589   0.00456224    0.0142901    0.0262043    0.0383772    0.0488606     0.055994    0.0586641     0.056477    0.0498172    0.0397856    0.0280242     0.016452   0.00695038            0
           0  -0.00241381   0.00638419    0.0207792    0.0383796    0.0563305    0.0717625    0.0822366    0.0861206    0.0828391    0.0729609    0.0581093    0.0407097    0.0236101   0.00963257            0
           0   -0.0035382   0.00801542    0.0269509    0.0500896    0.0736686    0.0939192     0.107644     0.112705      0.10835    0.0953301    0.0757777    0.0528845     0.030409    0.0120992            0
           0  -0.00455111   0.00928953    0.0320126     0.059777    0.0880581     0.112334     0.128773     0.134814      0.12956     0.113911    0.0904291    0.0629465    0.0359865    0.0140757            0
           0  -0.00526503    0.0100773    0.0353005    0.0661226    0.0975132     0.124451     0.142685     0.149373     0.143523     0.126134     0.100051    0.0695347    0.0396142    0.0153341            0
           0  -0.00555114    0.0102958    0.0363726    0.0682434     0.100702     0.128556     0.147406     0.154316     0.148259      0.13027     0.103294    0.0717362    0.0408043    0.0157224            0
           0  -0.00536327   0.00991657    0.0350728    0.0658263    0.0971524     0.124037     0.142233     0.148906     0.143064     0.125706    0.0996751    0.0692257    0.0393827    0.0151858            0
           0  -0.00474549   0.00896874    0.0315537     0.059175      0.08732     0.111482     0.127841     0.133849     0.128613      0.11303    0.0896567    0.0623145    0.0355149    0.0137747            0
           0  -0.00382234   0.00753826    0.0262559    0.0491637    0.0725202     0.092582     0.106176     0.111181     0.106855    0.0939441    0.0745687    0.0519017    0.0296812    0.0116378            0
           0  -0.00277193   0.00576323    0.0198463    0.0371055    0.0547213    0.0698664    0.0801407    0.0839403    0.0807019    0.0709885    0.0564021    0.0393365    0.0226057    0.0090038            0
           0   -0.0017829   0.00382967    0.0131286    0.0245546    0.0362383    0.0462986    0.0531364    0.0556821    0.0535593    0.0471423    0.0374967    0.0262125    0.0151531   0.00615443            0
           0 -0.000994972   0.00197375   0.00694113     0.013076    0.0193698    0.0248029    0.0285072    0.0299008    0.0287788    0.0253439    0.0201735    0.0141278   0.00821078   0.00340128            0
           0            0            0            0            0            0            0            0            0            0            0            0            0            0            0            0
