          0           0           0           0           0           0           0           0           0           0           0           0           0           0           0           0
          0 -0.00492933  -0.0030062  0.00130453  0.00701657   0.0130425    0.018326   0.0219852   0.0234371   0.0224816   0.0193303   0.0145751  0.00910122  0.00395834 0.000210838           0
          0 -0.00534349  0.00658073   0.0264164   0.0507135   0.0754707   0.0967207    0.111117    0.116432    0.111892   0.0982911   0.0778747   0.0539995   0.0306295   0.0117367           0
          0 -0.00500965   0.0217055   0.0640949    0.115205    0.166892    0.211045    0.240806    0.251603    0.241843    0.213152    0.170131     0.11966   0.0698621   0.0288667           0
          0 -0.00431234   0.0397764    0.108502    0.190841    0.273849    0.344613    0.392207    0.409345    0.393482    0.347208    0.277855    0.196389    0.115759   0.0489322           0
          0  -0.0035075   0.0579224    0.152872     0.26627    0.380406    0.477605    0.542905    0.566325     0.54438    0.480614    0.385069     0.27277    0.161456   0.0689061           0
          0 -0.00277588   0.0733478    0.190489    0.330154    0.470604    0.590143    0.670401    0.699122    0.672025    0.593464    0.475769     0.33739    0.200118    0.085803           0
          0 -0.00224249   0.0837121    0.215682    0.372887    0.530903     0.66535    0.755587     0.78784      0.7573    0.668858    0.536371    0.380576    0.225965   0.0971062           0
          0  -0.0019811   0.0874623    0.224668    0.388054    0.552252    0.691941    0.785683    0.819174    0.787418    0.695494    0.557796    0.395863    0.235137    0.101138           0
          0 -0.00201357    0.084058    0.216125    0.373406    0.531475    0.665954    0.756203     0.78845    0.757886    0.669402    0.536856    0.380984     0.22628   0.0973125           0
          0 -0.00230848   0.0740516    0.191387    0.331201    0.471755    0.591354    0.671634     0.70034    0.673196    0.594553    0.476741    0.338211    0.200753   0.0862202           0
          0 -0.00278003   0.0590107     0.15425    0.267864    0.382145    0.479426    0.544752    0.568147     0.54613    0.482246    0.386532    0.274011    0.162421   0.0695447           0
          0  -0.0032852    0.041296    0.110402    0.193011     0.27619    0.347042    0.394656    0.411754    0.395798    0.349375    0.279811    0.198065    0.117076   0.0498121           0
          0 -0.00361217   0.0237354   0.0665817     0.11799    0.169846    0.214068    0.243825    0.254562    0.244691    0.215834    0.172579    0.121788   0.0715643   0.0300255           0
          0 -0.00344534  0.00925378   0.0295879   0.0541628   0.0790377    0.100299    0.114641    0.119864    0.115202    0.101441   0.0808014   0.0566056   0.0327759   0.0132473           0
          0           0           0           0           0           0           0           0           0           0           0           0           0           0           0           0
