           0            0            0            0            0            0            0            0            0            0            0            0            0            0            0            0
           0 -0.000886565   -0.0010702  -0.00155918  -0.00235357  -0.00330511  -0.00420976  -0.00487402  -0.00516171  -0.00502195  -0.00449759   -0.0037133  -0.00284287  -0.00205466  -0.00143026            0
           0   0.00179327    0.0071144    0.0142151    0.0220694    0.0296093    0.0358227    0.0398722    0.0412056    0.0396322    0.0353514    0.0289286    0.0212233    0.0132871   0.00625775            0
           0   0.00620174    0.0200391    0.0388735    0.0601308    0.0808645    0.0981631     0.109571     0.113453     0.109236    0.0974984    0.0798862    0.0588721    0.0373988    0.0184657            0
           0    0.0116049     0.035628    0.0684767     0.105745     0.142249     0.172806     0.193022     0.199962     0.192593     0.171947     0.140965     0.104046    0.0663887    0.0332046            0
           0    0.0171243    0.0514106    0.0983636     0.151743     0.204116     0.248017     0.277101     0.287121     0.276585     0.246979     0.202544     0.149619      0.09567    0.0481258            0
           0    0.0218765    0.0649099     0.123871     0.190961     0.256838     0.312095     0.348725      0.36137      0.34814      0.31091     0.255028     0.188482     0.120661    0.0608817            0
           0    0.0251115    0.0740252     0.141046     0.217334     0.292268     0.355139      0.39683     0.411234     0.396199     0.353857     0.290298     0.214614     0.137483    0.0694842            0
           0    0.0263284    0.0773545     0.147253     0.226816     0.304971     0.370549     0.414038     0.429067      0.41339     0.369231      0.30294     0.224002      0.14355    0.0726083            0
           0     0.025353    0.0744093     0.141573     0.217998     0.293055     0.356025      0.39778     0.412205     0.397146     0.354737     0.291071     0.215251     0.137963    0.0697935            0
           0    0.0223638    0.0656882     0.124944     0.192322     0.258458     0.313923     0.350689      0.36338       0.3501     0.312729     0.256624     0.189793     0.121646    0.0615148            0
           0    0.0178629    0.0526003     0.100021     0.153863      0.20666     0.250905     0.280214     0.290313     0.279697      0.24986     0.205062     0.151679    0.0972083    0.0491102            0
           0    0.0125952    0.0372452    0.0707651     0.108717     0.145859      0.17694     0.197504     0.204567      0.19708     0.176086     0.144561     0.106964    0.0685494    0.0345769            0
           0   0.00742578    0.0220838    0.0418404    0.0640713    0.0857371     0.103814     0.115744     0.119815     0.115427     0.103177    0.0847779    0.0627931    0.0402628    0.0202626            0
           0   0.00319096   0.00954118    0.0178848    0.0271145    0.0360081    0.0433705    0.0481964    0.0498159    0.0479937    0.0429651    0.0354024    0.0263189    0.0169291   0.00849713            0
           0            0            0            0            0            0            0            0            0            0            0            0            0            0            0            0
