           0            0            0            0            0            0            0            0            0            0            0            0            0            0            0            0
           0  -0.00500539   -0.0043618  -0.00237874  0.000295662   0.00309128    0.0055144    0.0071768   0.00783119   0.00739819   0.00597678   0.00383551   0.00138778 -0.000839736   -0.0022272            0
           0  -0.00333411   0.00882373    0.0279604    0.0508349    0.0738139    0.0933454     0.106452     0.111161     0.106788    0.0940457    0.0749389    0.0524797    0.0302624    0.0119726            0
           0  0.000443291    0.0301269    0.0749756     0.127975     0.180991     0.225956     0.256059     0.266764     0.256493     0.226861     0.182442      0.13009    0.0779198     0.034117            0
           0   0.00542016    0.0559324     0.131164     0.219684     0.308083     0.382991     0.433094     0.450846     0.433609     0.384063     0.309799     0.222181      0.13463    0.0606131            0
           0    0.0106463    0.0820773     0.187739     0.311793     0.435568     0.540406     0.610494     0.635279     0.611069     0.541603     0.437485     0.314579     0.191605    0.0872997            0
           0    0.0152163     0.104441     0.235942     0.390146     0.543926     0.674141     0.761171     0.791915     0.761786     0.675422     0.545976     0.393126      0.24008     0.110043            0
           0    0.0183795      0.11955     0.268363     0.442752     0.616609     0.763802     0.862163     0.896889     0.862797     0.765121     0.618722     0.445825     0.272638      0.12535            0
           0     0.019641      0.12509     0.280059     0.461604      0.64257     0.795766     0.898132     0.934261     0.898762      0.79708     0.644675      0.46467     0.284329     0.130893            0
           0    0.0188309     0.120254     0.269304     0.443905     0.617942     0.765268      0.86371     0.898454     0.864317     0.766533      0.61997     0.446861     0.273423     0.125859            0
           0    0.0161284     0.105865     0.237848     0.392487     0.546635     0.677127     0.764324     0.795107     0.764887     0.678301     0.548517     0.395233     0.241677     0.111077            0
           0    0.0120365     0.084251     0.190657     0.315389     0.439743     0.545019     0.615374     0.640225     0.615873     0.546061     0.441415      0.31783     0.194065    0.0888896            0
           0   0.00731194    0.0588979     0.135161     0.224634     0.313857       0.3894     0.439893     0.457747      0.44031     0.390272     0.315259     0.226684     0.138027    0.0628045            0
           0   0.00286256    0.0339303    0.0801302     0.134405     0.188546     0.234393     0.265045     0.275905     0.265366     0.235063     0.189625     0.135986    0.0823471    0.0369658            0
           0 -0.000361689    0.0135031    0.0343498    0.0588914    0.0833811     0.104121     0.117996     0.122931     0.118207     0.104562    0.0840913    0.0599351    0.0358217    0.0155393            0
           0            0            0            0            0            0            0            0            0            0            0            0            0            0            0            0
