           0            0            0            0            0            0            0            0            0            0            0            0            0            0            0            0
           0  0.000125884   0.00141839   0.00347718   0.00600009    0.0085917    0.0108397    0.0123871    0.0129922     0.012567    0.0111909   0.00909519   0.00662212   0.00416173   0.00207429            0
           0 -9.26983e-05    0.0027009   0.00717078    0.0126272    0.0182061    0.0230213    0.0263121    0.0275657    0.0265982    0.0235821    0.0190163    0.0136423   0.00831709   0.00385958            0
           0 -0.000652143    0.0040271    0.0115715    0.0207754    0.0301673    0.0382537    0.0437588    0.0458255    0.0441489    0.0390219    0.0312874     0.022201    0.0132274   0.00579414            0
           0  -0.00147179   0.00525901    0.0161921     0.029537    0.0431434    0.0548433    0.0627907    0.0657484    0.0632784    0.0558083     0.044563    0.0313714    0.0183777   0.00769813            0
           0  -0.00239464   0.00629684    0.0205016    0.0378541    0.0555415    0.0707399    0.0810502    0.0848668    0.0816235    0.0718789    0.0572298    0.0400637    0.0231886   0.00939628            0
           0  -0.00323934   0.00706649    0.0239871    0.0446734    0.0657579    0.0838687    0.0961454     0.100675    0.0967855    0.0851447    0.0676605    0.0471874    0.0270895     0.010726            0
           0  -0.00384296   0.00751487    0.0262202    0.0491027    0.0724269    0.0924584     0.106032     0.111031     0.106714    0.0938214    0.0744673    0.0518154    0.0295986     0.011553            0
           0  -0.00409374   0.00760937    0.0269162    0.0505446    0.0746318    0.0953185     0.109334     0.114493     0.110029    0.0967091    0.0767175    0.0533253    0.0303933     0.011788            0
           0  -0.00395171   0.00733886     0.025974    0.0487864    0.0720458     0.092024     0.105561     0.110546     0.106238    0.0933785    0.0740774    0.0514944    0.0293576    0.0113983            0
           0  -0.00345518    0.0067148    0.0234913    0.0440322    0.0649809    0.0829794    0.0951798    0.0996792    0.0958089    0.0842363    0.0668628    0.0465327    0.0265994    0.0104124            0
           0  -0.00271231   0.00577226    0.0197515    0.0368715    0.0543391    0.0693538    0.0795389    0.0833049    0.0800929    0.0704589    0.0559881    0.0390504    0.0224349   0.00891685            0
           0  -0.00187809   0.00457183    0.0151854     0.028191    0.0414707    0.0528948    0.0606529    0.0635337    0.0611101    0.0538046    0.0428225    0.0299641    0.0173419     0.007046            0
           0  -0.00111745   0.00320436    0.0103156    0.0190417    0.0279639    0.0356493    0.0408777    0.0428314    0.0412219    0.0363328    0.0289748    0.0203569    0.0118929   0.00496876            0
           0  -0.00055509   0.00180244   0.00569413    0.0104845    0.0153943    0.0196326    0.0225238    0.0236146    0.0227446    0.0200701    0.0160388    0.0113169   0.00667971   0.00287873            0
           0            0            0            0            0            0            0            0            0            0            0            0            0            0            0            0
