          0           0           0           0           0           0           0           0           0           0           0           0           0           0           0           0
          0 -0.00439949 -0.00243906  0.00185375  0.00753376   0.0135318   0.0187977   0.0224497   0.0239031   0.0229554   0.0198164   0.0150755  0.00961224   0.0044626 0.000661483           0
          0 -0.00511599   0.0055799   0.0235567   0.0456768    0.068276   0.0877109    0.100903    0.105802    0.101694    0.089308   0.0707051   0.0489663   0.0277225   0.0105953           0
          0 -0.00538966   0.0181368   0.0558516    0.101515    0.147799    0.187397    0.214129    0.223873    0.215191    0.189546    0.151081    0.105993   0.0615878   0.0251663           0
          0 -0.00547806   0.0330765   0.0937756    0.166781    0.240531    0.303487    0.345885    0.361211    0.347192    0.306139    0.244603     0.17238    0.101032   0.0421324           0
          0 -0.00549432   0.0480376    0.131591    0.231754    0.332763    0.418888    0.476817    0.497665    0.478332     0.42197    0.337515    0.238334    0.140211   0.0589649           0
          0 -0.00547895   0.0607319    0.163611    0.286722    0.410757    0.516448    0.587485    0.612988    0.589157    0.519856    0.416032    0.294067    0.173312   0.0731745           0
          0 -0.00543916   0.0692479    0.185032     0.32346    0.462856    0.581596    0.661374    0.689976     0.66314    0.585201    0.468449    0.331278    0.195414   0.0826638           0
          0 -0.00537061   0.0723185    0.192653     0.33647    0.481265    0.604588    0.687432    0.717119    0.689221    0.608242    0.486942    0.344418    0.203234   0.0860352           0
          0 -0.00526834   0.0695023    0.185352    0.323824    0.463246    0.581997    0.661774    0.690366    0.663511    0.585545    0.468758     0.33154    0.195618   0.0827986           0
          0 -0.00512925   0.0612498    0.164257    0.287453    0.411535    0.517242    0.588273    0.613753    0.589885    0.520533    0.416641    0.294588     0.17372   0.0734455           0
          0 -0.00494676   0.0488404    0.132579    0.232856     0.33392    0.420056    0.477964    0.498773    0.479386    0.422956     0.33841    0.239107    0.140824   0.0593766           0
          0 -0.00469574   0.0342048   0.0951353    0.168265    0.242053    0.304991    0.347339    0.362603    0.348517    0.307389    0.245756    0.173397    0.101856   0.0426966           0
          0 -0.00430304   0.0196645   0.0576354    0.103395    0.149661    0.189177    0.215805    0.225453    0.216696    0.190989    0.152452    0.107245   0.0626399   0.0259114           0
          0 -0.00359159  0.00763992   0.0258524   0.0479762   0.0704327   0.0896623    0.102657    0.107413    0.103234   0.0908328   0.0722307   0.0504472   0.0290447   0.0115869           0
          0           0           0           0           0           0           0           0           0           0           0           0           0           0           0           0
