          0           0           0           0           0           0           0           0           0           0           0           0           0           0           0           0
          0 -0.00387187 -0.00190795    0.002286  0.00781658   0.0136546   0.0187815   0.0223386   0.0237552   0.0228326   0.0197739   0.0151513  0.00981767  0.00477285  0.00100521           0
          0 -0.00473002  0.00492332    0.021243   0.0413797    0.061988    0.079733   0.0917941   0.0962913   0.0925683   0.0812917   0.0643483   0.0445562    0.025231  0.00966839           0
          0 -0.00535788   0.0155132   0.0492093   0.0901255    0.131665    0.167244    0.191289    0.200083    0.192329    0.169345    0.134862   0.0944633   0.0547249   0.0222094           0
          0 -0.00592495   0.0280476   0.0819258    0.146913    0.212661    0.268843    0.306716    0.320447       0.308    0.271442    0.216636    0.152351   0.0889306    0.036724           0
          0 -0.00645006   0.0405597     0.11448    0.203345     0.29309    0.369684    0.421247    0.439853    0.422736    0.372708    0.297739    0.209752    0.122828   0.0510755           0
          0 -0.00688295   0.0511528    0.142008    0.251035    0.361037    0.454854    0.517964    0.540677     0.51961    0.458203    0.366204    0.258201    0.151425   0.0631644           0
          0 -0.00715525   0.0582457    0.160402    0.282879    0.406387    0.511686    0.582491    0.607937    0.584231    0.515232    0.411873    0.290517    0.170497   0.0712229           0
          0 -0.00721273   0.0607908    0.166925    0.294128    0.422378    0.531704    0.605204    0.631604    0.606968    0.535301    0.427949      0.3019    0.177224   0.0740729           0
          0 -0.00703326   0.0584236    0.160619    0.283116    0.406631    0.511925    0.582718    0.608151    0.584432    0.515418    0.412042    0.290663    0.170613   0.0713007           0
          0  -0.0066319   0.0515161    0.142445    0.251508    0.361515    0.455316      0.5184    0.541084     0.51999    0.458557    0.366528    0.258485    0.151654   0.0633194           0
          0 -0.00605278   0.0411263    0.115149    0.204051    0.293785    0.370337    0.421847    0.440405    0.423249    0.373191     0.29819     0.21016    0.123165   0.0513086           0
          0 -0.00534673   0.0288537   0.0828479     0.14785    0.213541     0.26963    0.307406    0.321061    0.308567    0.271989    0.217172     0.15286   0.0893721   0.0370419           0
          0 -0.00453109   0.0166286   0.0504286   0.0912943    0.132684    0.168075    0.191949    0.200628    0.192828    0.169857    0.135418   0.0950484   0.0552779   0.0226345           0
          0 -0.00352198  0.00647875   0.0228399   0.0427871   0.0630746     0.08047   0.0922404   0.0965644   0.0928078   0.0816196   0.0648342   0.0451929   0.0259267   0.0102605           0
          0           0           0           0           0           0           0           0           0           0           0           0           0           0           0           0
