           0            0            0            0            0            0            0            0            0            0            0            0            0            0            0            0
           0  -0.00239129 -0.000536932   0.00313376   0.00790757    0.0129278    0.0173318    0.0203862    0.0216007    0.0208027     0.018163    0.0141671   0.00953604   0.00510702   0.00168835            0
           0  -0.00330667   0.00367916    0.0155677    0.0303016    0.0454279    0.0584856    0.0673863    0.0707347    0.0680416     0.059797    0.0473928    0.0329051    0.0187657   0.00736844            0
           0  -0.00438501   0.00990953    0.0333279    0.0619415    0.0910956      0.11613     0.133095     0.139353      0.13398     0.117906    0.0937722    0.0655234     0.037799     0.015207            0
           0  -0.00563126    0.0171116    0.0538056    0.0983645     0.143609     0.182366     0.208557     0.218125     0.209652     0.184572     0.146955     0.102887    0.0595396    0.0240761            0
           0  -0.00690528    0.0241977    0.0740173     0.134328     0.195458     0.247754      0.28304     0.295863     0.284316     0.250331     0.199389     0.139688    0.0809049    0.0327326            0
           0  -0.00801089    0.0301372    0.0910174     0.164598     0.239106     0.302799     0.345739     0.361296     0.347153     0.305663     0.243492      0.17062    0.0988336    0.0399631            0
           0  -0.00876093    0.0340783     0.102324     0.184738     0.268151     0.339429      0.38746     0.404833     0.388959     0.342469     0.272821     0.191178     0.110736     0.044748            0
           0  -0.00902359    0.0354589     0.106281     0.191785     0.278309     0.352236     0.402044     0.420048     0.403565     0.355325     0.283061     0.198351     0.114883    0.0464079            0
           0  -0.00875045    0.0340832      0.10231     0.184695     0.268072     0.339314     0.387317     0.404673     0.388796     0.342316      0.27269     0.191075     0.110663     0.044703            0
           0  -0.00798509    0.0301507    0.0909893     0.164503     0.238931     0.302546     0.345423     0.360943     0.346795     0.305331     0.243209     0.170399     0.098679    0.0398695            0
           0   -0.0068514    0.0242308    0.0739757     0.134167     0.195154      0.24731     0.282486     0.295248     0.283696     0.249761      0.19891     0.139322    0.0806543    0.0325851            0
           0  -0.00552124    0.0171906     0.053759    0.0981163     0.143122     0.181648      0.20766     0.217133     0.208661     0.183672     0.146213     0.102335    0.0591761    0.0238722            0
           0  -0.00416048     0.010091    0.0333026     0.061584    0.0903481     0.115012     0.131696      0.13781     0.132452     0.116538    0.0926708     0.064736    0.0373114    0.0149573            0
           0  -0.00284884   0.00407809    0.0156255    0.0298161    0.0443138    0.0567832    0.0652462    0.0683831    0.0657336    0.0577657    0.0458047    0.0318292    0.0181647   0.00711744            0
           0            0            0            0            0            0            0            0            0            0            0            0            0            0            0            0
