          0           0           0           0           0           0           0           0           0           0           0           0           0           0           0           0
          0 -0.00469344 -0.00274832  0.00156882  0.00728811   0.0133262   0.0186246   0.0222972   0.0237572   0.0228022   0.0196438   0.0148758  0.00938476  0.00421849 0.000431399           0
          0 -0.00527536  0.00606015   0.0250214    0.048303   0.0720588   0.0924696    0.106311    0.111437      0.1071   0.0940655   0.0744934   0.0516147   0.0292402     0.01118           0
          0 -0.00526383   0.0199157   0.0600795    0.108609    0.157744     0.19975    0.228086     0.23839    0.229143    0.201894    0.161029    0.113109   0.0658717   0.0270592           0
          0 -0.00497893   0.0364409    0.101331    0.179228    0.257838    0.324899    0.370032    0.386316    0.371333    0.327543    0.261907    0.184841    0.108639   0.0456088           0
          0 -0.00460316   0.0530154     0.14251    0.249595    0.357481    0.449415    0.511214    0.533416     0.51272    0.452483    0.362224    0.256183    0.151173   0.0640458           0
          0 -0.00424483   0.0670937    0.177403    0.309164    0.441789    0.554734    0.630606      0.6578    0.632267    0.558124    0.447047    0.316507    0.187136   0.0796276           0
          0 -0.00396796   0.0765469     0.20076    0.348994    0.498129    0.625092     0.71035    0.740871    0.712103    0.628676    0.503701    0.356804    0.211165   0.0900432           0
          0 -0.00380589   0.0799625    0.209082    0.363117    0.518059    0.649948    0.738502    0.770186    0.740277    0.653579    0.523711    0.371053    0.219681   0.0937522           0
          0 -0.00376655   0.0768493    0.201144    0.349439    0.498614    0.625599    0.710862    0.741374    0.712585    0.629123      0.5041    0.357141    0.211427    0.090215           0
          0 -0.00383323   0.0677092    0.178181    0.310059     0.44276    0.555743    0.631623    0.658799    0.633222    0.559013    0.447843    0.317182    0.187661   0.0799741           0
          0 -0.00396116   0.0539676    0.143702    0.250953    0.358939    0.450919     0.51272     0.53489    0.514131      0.4538    0.363411    0.257197    0.151967   0.0645742           0
          0 -0.00406829   0.0377734    0.102971    0.181066    0.259781    0.326877    0.371995    0.388227    0.373164     0.32926     0.26347    0.186195    0.109715   0.0463349           0
          0 -0.00401431    0.021705   0.0622269    0.110954    0.160164    0.202162    0.230443    0.240669    0.231328    0.203965    0.162946    0.114806   0.0672552   0.0280157           0
          0 -0.00355453  0.00843946   0.0277687   0.0511902   0.0749315   0.0952428    0.108957    0.113964    0.109529   0.0964076   0.0767255   0.0536647   0.0309809   0.0124362           0
          0           0           0           0           0           0           0           0           0           0           0           0           0           0           0           0
