           0            0            0            0            0            0            0            0            0            0            0            0            0            0            0            0
           0  0.000295403   0.00152569   0.00342989   0.00574027   0.00810299    0.0101476    0.0115528    0.0121003    0.0117105    0.0104542   0.00853917   0.00627226   0.00400275   0.00205179            0
           0  0.000170598   0.00269615   0.00666409    0.0114795    0.0163911    0.0206259    0.0235188    0.0246208    0.0237701    0.0211165    0.0170949     0.012351   0.00762973   0.00364001            0
           0 -0.000277723   0.00383541    0.0103884    0.0183541    0.0264714    0.0334571    0.0382131    0.0400007    0.0385563    0.0341305    0.0274466    0.0195823    0.0117922   0.00529505            0
           0 -0.000974626   0.00484301    0.0142195    0.0256395    0.0372748    0.0472782    0.0540752    0.0566091    0.0545049    0.0481256    0.0385135    0.0272252    0.0160827   0.00687965            0
           0  -0.00177708   0.00565643     0.017745    0.0324936    0.0475219     0.060436    0.0692002     0.072451     0.069706    0.0614376    0.0489981    0.0344089    0.0200455   0.00826454            0
           0  -0.00252044   0.00623604    0.0205682    0.0380782    0.0559239    0.0712555    0.0816531    0.0854978    0.0822186     0.072379    0.0575901    0.0402621    0.0232329   0.00933165            0
           0  -0.00305696   0.00655696    0.0223589    0.0416837     0.061383    0.0783057    0.0897785    0.0940136    0.0903816     0.079507     0.063172    0.0440438    0.0252671   0.00998418            0
           0  -0.00328535   0.00660513    0.0228979    0.0428347    0.0631619    0.0806244     0.092462    0.0968293    0.0930771    0.0818508    0.0649919    0.0452563    0.0258946    0.0101577            0
           0  -0.00316937   0.00637585    0.0221069    0.0413616    0.0609968     0.077867    0.0893046    0.0935261     0.089904    0.0790621    0.0627801    0.0437208    0.0250242   0.00982815            0
           0  -0.00274376   0.00587402     0.020061     0.037426    0.0551377    0.0703591    0.0806827    0.0844984    0.0812394    0.0714682    0.0567895    0.0396042    0.0227398   0.00901572            0
           0   -0.0021066   0.00511593     0.016978     0.031496    0.0463081    0.0590431    0.0676861     0.070889    0.0681764     0.060018    0.0477552     0.033393    0.0192884   0.00778212            0
           0  -0.00139841   0.00413327    0.0131906     0.024276    0.0355922    0.0453282     0.051943    0.0544043    0.0523474    0.0461305    0.0367779    0.0258183    0.0150443   0.00622421            0
           0 -0.000768937   0.00298091   0.00910386    0.0166023    0.0242646    0.0308643    0.0353555    0.0370369    0.0356599    0.0314666    0.0251505     0.017745    0.0104569   0.00446578            0
           0 -0.000332043    0.0017512   0.00515016   0.00932029    0.0135895    0.0172734    0.0197867     0.020736    0.0199817    0.0176586    0.0141536    0.0100424   0.00599357   0.00265276            0
           0            0            0            0            0            0            0            0            0            0            0            0            0            0            0            0
