          0           0           0           0           0           0           0           0           0           0           0           0           0           0           0           0
          0 -0.00110112 -0.00127624 -0.00170141 -0.00240096 -0.00324924  -0.0040623 -0.00466268 -0.00492445 -0.00479999 -0.00432801 -0.00362202  -0.0028388 -0.00212552 -0.00153991           0
          0  0.00159101  0.00728584   0.0150069   0.0236171   0.0319237   0.0387924   0.0432836   0.0447774   0.0430598    0.038355   0.0312972   0.0228498   0.0141881  0.00657604           0
          0  0.00607217   0.0208437   0.0411344   0.0641331    0.086619    0.105409    0.117818    0.122058    0.117504    0.104788   0.0857117   0.0629778   0.0398029   0.0194631           0
          0   0.0115835    0.037209   0.0725029    0.112675    0.152092    0.185123    0.206998    0.214528    0.206594    0.184318    0.150893      0.1111    0.070588   0.0350195           0
          0   0.0172219   0.0537828    0.104172    0.161618    0.218064    0.265423    0.296822    0.307665    0.296335    0.264445    0.216589    0.159636    0.101676   0.0507666           0
          0   0.0220809   0.0679613      0.1312    0.203344    0.274279    0.333827     0.37333    0.386993    0.372776    0.332708    0.272574    0.201019    0.128206   0.0642276           0
          0   0.0253915   0.0775371    0.149401    0.231403    0.312054    0.379774    0.424711    0.440264    0.424111     0.37856    0.310193    0.228844    0.146064   0.0733058           0
          0   0.0266407   0.0810371     0.15598    0.241492    0.325597    0.396221    0.443087    0.459312    0.442471    0.394971    0.323676     0.23884    0.152504   0.0766031           0
          0   0.0256501   0.0779478    0.149963    0.232111    0.312891    0.380714    0.425717    0.441293    0.425115    0.379492    0.311013     0.22952    0.146573    0.073634           0
          0   0.0226026   0.0687933    0.132346    0.204793       0.276    0.335766     0.37541    0.389121    0.374851    0.334633    0.274264    0.202409     0.12925   0.0648991           0
          0   0.0180129    0.055054    0.105938    0.163871    0.220762     0.26848    0.300114    0.311038    0.299623    0.267489    0.219252    0.161815    0.103305   0.0518096           0
          0    0.012645    0.038937   0.0749394    0.115828    0.155912     0.18949    0.211725    0.219382    0.211323     0.18868    0.154687    0.114182   0.0728727    0.036472           0
          0  0.00738722   0.0230301   0.0442911   0.0683076   0.0917635    0.111361    0.124309    0.128744    0.124009    0.110758   0.0908596   0.0671104   0.0428269   0.0213635           0
          0  0.00310108  0.00988705   0.0189105    0.028952   0.0386613   0.0467173   0.0520087   0.0537951   0.0518167   0.0463343   0.0380917   0.0282093    0.018029  0.00894418           0
          0           0           0           0           0           0           0           0           0           0           0           0           0           0           0           0
