          0           0           0           0           0           0           0           0           0           0           0           0           0           0           0           0
          0 -0.00149376  0.00022003  0.00342928  0.00755082   0.0118664   0.0156453   0.0182633   0.0193013    0.018611    0.016336   0.0128877  0.00887608  0.00500523  0.00194586           0
          0 -0.00227815  0.00317341    0.012417   0.0238769   0.0356531   0.0458297   0.0527768   0.0554034   0.0533253   0.0469225   0.0372782   0.0260058   0.0149895  0.00607105           0
          0 -0.00336224  0.00729292   0.0248463   0.0463541   0.0683081   0.0871872    0.100002    0.104755    0.100744   0.0886713   0.0705298   0.0492974   0.0284695   0.0115052           0
          0 -0.00469167   0.0119176   0.0389633   0.0719296    0.105475    0.134253    0.153732    0.160886    0.154653    0.136102    0.108261   0.0756624   0.0436405    0.017512           0
          0 -0.00608249   0.0163857   0.0527777   0.0970212    0.141968    0.180478    0.206504    0.216008    0.207579    0.182644    0.145252    0.101463   0.0584257   0.0232946           0
          0 -0.00730453   0.0200831   0.0643309    0.118054    0.172582    0.219268    0.250791    0.262266    0.251986     0.22168    0.176256    0.123059    0.070766   0.0280804           0
          0 -0.00814545   0.0225073   0.0719748    0.131997    0.192893    0.245011    0.280185    0.292967    0.281453    0.247575    0.196811    0.137361   0.0789197   0.0312216           0
          0 -0.00845784   0.0233278   0.0746112    0.136826    0.199937    0.253945    0.290387    0.303622    0.291676    0.256552    0.203928    0.142302   0.0817227   0.0322866           0
          0 -0.00818833   0.0224301   0.0718538    0.131825    0.192668    0.244739    0.279879    0.292643    0.281131    0.247275    0.196549    0.137149    0.078763   0.0311223           0
          0 -0.00738665   0.0199311   0.0640864      0.1177    0.172115      0.2187    0.250147    0.261585     0.25131    0.221052     0.17571    0.122619   0.0704433   0.0278774           0
          0 -0.00619372   0.0161663    0.052407   0.0964673    0.141221    0.179558    0.205455    0.214897     0.20648    0.181628    0.144376    0.100765   0.0579202   0.0229806           0
          0  -0.0048086   0.0116513   0.0384694   0.0711499    0.104391    0.132894    0.152171    0.159229    0.153018    0.134601    0.106984   0.0746614   0.0429312   0.0170815           0
          0  -0.0034347  0.00702724   0.0242473   0.0453205   0.0668063   0.0852614   0.0977676    0.102377   0.0984071    0.086548   0.0687527   0.0479394     0.02754   0.0109634           0
          0 -0.00220244  0.00300811   0.0117634   0.0225638    0.033624   0.0431533   0.0496328   0.0520483   0.0500447   0.0439805   0.0348714   0.0242328   0.0138422   0.0054534           0
          0           0           0           0           0           0           0           0           0           0           0           0           0           0           0           0
