           0            0            0            0            0            0            0            0            0            0            0            0            0            0            0            0
           0   -0.0026148 -0.000734008   0.00303515   0.00794945    0.0131216    0.0176601    0.0208084    0.0220608    0.0212397    0.0185217    0.0144084     0.009645   0.00509795    0.0016066            0
           0  -0.00354487   0.00383051    0.0163799    0.0319266    0.0478816    0.0616501    0.0710317    0.0745566    0.0717099    0.0630085    0.0499202    0.0346344    0.0197176   0.00770028            0
           0  -0.00459276    0.0106429    0.0355572    0.0659735     0.096949     0.123538     0.141549     0.148184     0.142464     0.125376    0.0997237    0.0696948     0.040216    0.0161846            0
           0  -0.00578258    0.0185566    0.0577301     0.105254     0.153484     0.194782      0.22268      0.23286     0.223812     0.197064     0.156949     0.109947    0.0636959    0.0258257            0
           0   -0.0069908    0.0263661     0.079649     0.144085     0.209361     0.265183     0.302835     0.316503     0.304153     0.267848      0.21343     0.149643    0.0868064    0.0352591            0
           0  -0.00803568    0.0329257     0.098104     0.176794     0.256431     0.324485     0.370349     0.386947     0.371809     0.327444     0.260969     0.183033     0.106219    0.0431515            0
           0  -0.00874142    0.0372866     0.110389     0.198572     0.287771     0.363967     0.415295     0.433841     0.416842     0.367107       0.2926     0.205241     0.119118    0.0483819            0
           0  -0.00898354    0.0388222     0.114701     0.206206     0.298749     0.377791     0.431027     0.450251     0.432597     0.380981     0.303661     0.213004     0.123623    0.0502033            0
           0  -0.00871605    0.0373144     0.110406     0.198565     0.287734     0.363898       0.4152     0.433729     0.416725     0.366998     0.292508      0.20517     0.119069    0.0483526            0
           0  -0.00797979    0.0329856    0.0981372     0.176773     0.256341     0.324324     0.370129     0.386691     0.371545     0.327199     0.260763     0.182877     0.106113    0.0430897            0
           0  -0.00689099      0.02647    0.0797007     0.144037     0.209186     0.264879     0.302428     0.316035     0.303676     0.267411     0.213069     0.149375    0.0866305    0.0351602            0
           0  -0.00560969    0.0187321    0.0578105     0.105159     0.153171     0.194254     0.221982     0.232068     0.223015     0.196344     0.156367     0.109528    0.0634342    0.0256881            0
           0   -0.0042867     0.010949    0.0356948    0.0658121    0.0964244     0.122662     0.140403     0.146897     0.141184     0.124239    0.0988269    0.0690783    0.0398593    0.0160205            0
           0  -0.00298384   0.00438511    0.0166394    0.0316825    0.0470416     0.060246    0.0692038    0.0725198    0.0697071    0.0612614    0.0485844    0.0337697    0.0192791   0.00755653            0
           0            0            0            0            0            0            0            0            0            0            0            0            0            0            0            0
