           0            0            0            0            0            0            0            0            0            0            0            0            0            0            0            0
           0   0.00139046   0.00166435   0.00152788    0.0010879  0.000497327  -8.3389e-05 -0.000517034 -0.000712825 -0.000640911 -0.000337003  0.000103549  0.000542167  0.000823637  0.000813287            0
           0   0.00291224   0.00398944   0.00461109   0.00486288   0.00486304   0.00473253    0.0045725   0.00444801   0.00437821   0.00433332   0.00423901   0.00398826   0.00346116   0.00255379            0
           0   0.00487626   0.00707894   0.00885527    0.0102383    0.0112593     0.011941    0.0122962    0.0123287    0.0120339    0.0113999    0.0104073   0.00902996   0.00723644   0.00499626            0
           0    0.0070651    0.0105585    0.0136963    0.0164433    0.0187153    0.0204046    0.0214068    0.0216444    0.0210818    0.0197314    0.0176479    0.0149128    0.0116119   0.00781029            0
           0   0.00919487    0.0139595    0.0184541    0.0225732    0.0261125     0.028828    0.0304926    0.0309437    0.0301137    0.0280405    0.0248565    0.0207557    0.0159463    0.0105917            0
           0    0.0109719    0.0168034    0.0224437    0.0277269    0.0323453     0.035937    0.0381689    0.0388046    0.0377487    0.0350617    0.0309427    0.0256835    0.0195974    0.0129324            0
           0    0.0121441    0.0186818    0.0250835    0.0311431    0.0364829    0.0406615    0.0432742    0.0440347     0.042829    0.0397324    0.0349895     0.028958    0.0220219     0.014486            0
           0    0.0125422    0.0193214    0.0259858    0.0323152    0.0379072    0.0422919     0.045039    0.0458445    0.0445873    0.0413484    0.0363885    0.0300886     0.022858    0.0150215            0
           0    0.0121068    0.0186268     0.025016    0.0310683    0.0364054    0.0405845    0.0431995    0.0439631    0.0427608    0.0396681    0.0349305    0.0289064     0.021981    0.0144589            0
           0    0.0108981    0.0166957    0.0223136    0.0275861     0.032203    0.0357991     0.038038    0.0386809    0.0376311    0.0349498    0.0308382    0.0255904    0.0195221    0.0128818            0
           0    0.0090849    0.0138027    0.0182712     0.022384    0.0259317    0.0286635    0.0303454    0.0308098    0.0299871    0.0279167    0.0247349    0.0206416    0.0158496    0.0105246            0
           0   0.00691663    0.0103551    0.0134733    0.0162328     0.018539    0.0202706    0.0213103    0.0215712    0.0210142    0.0196548    0.0175556    0.0148095    0.0115127   0.00773605            0
           0   0.00467893   0.00682411   0.00860415    0.0100431    0.0111513    0.0119255    0.0123551    0.0124272    0.0121313     0.011461    0.0104127   0.00898142   0.00715719   0.00492324            0
           0   0.00263649   0.00366027   0.00433656   0.00472877   0.00491424   0.00496693   0.00494588   0.00488749   0.00480093    0.0046668   0.00443898   0.00405027   0.00342231   0.00248186            0
           0            0            0            0            0            0            0            0            0            0            0            0            0            0            0            0
