           0            0            0            0            0            0            0            0            0            0            0            0            0            0            0            0
           0  -0.00483776  -0.00289293   0.00118779   0.00644428    0.0118913    0.0166041    0.0198243     0.021057    0.0201373    0.0172538    0.0129238   0.00792585   0.00320098 -0.000254233            0
           0  -0.00397893     0.010034    0.0323756    0.0592682    0.0864008     0.109529     0.125087     0.130707     0.125572     0.110537    0.0880058    0.0615778    0.0355229    0.0141629            0
           0   -0.0017219    0.0302371    0.0793635     0.137836     0.196552     0.246467     0.279948     0.291913     0.280595     0.247812       0.1987      0.14094    0.0836149    0.0358532            0
           0   0.00125549    0.0543383     0.134849     0.230257     0.325876     0.407074     0.461475      0.48083     0.462266     0.408724     0.328519     0.234094     0.140144    0.0614053            0
           0   0.00434624    0.0785335     0.190342     0.322551     0.454924     0.567268     0.642492     0.669196     0.643405     0.569176      0.45799     0.327024     0.196558    0.0869182            0
           0   0.00701787    0.0990947     0.237407     0.400766     0.564241     0.702937     0.795775     0.828692      0.79678      0.70504      0.56763     0.405731     0.244348     0.108536            0
           0   0.00884825     0.112894      0.26892      0.45309     0.637338     0.793631      0.89823     0.935292     0.899289     0.795851     0.640922     0.458357     0.276313     0.123006            0
           0   0.00956694     0.117854     0.280135     0.471641     0.663205     0.825693     0.934429     0.972948     0.935501     0.827941     0.666838     0.476988     0.287655     0.128164            0
           0   0.00908617     0.113258     0.269398     0.453665     0.637991     0.794341     0.898971     0.936038     0.900013     0.796524      0.64152     0.458857     0.276696     0.123257            0
           0   0.00751223    0.0998509     0.238398     0.401958     0.565595     0.704408     0.797311     0.830238     0.798279     0.706436      0.56887     0.406768     0.245143     0.109056            0
           0   0.00513474    0.0797374     0.191916     0.324443     0.457072     0.569601     0.644929     0.671649     0.645785     0.571392     0.459959     0.328672     0.197822    0.0877466            0
           0   0.00239703    0.0560743     0.137111     0.232969     0.328952     0.410414     0.464966     0.484346     0.465677     0.411901     0.331344      0.23646     0.141961    0.0625992            0
           0 -0.000141732    0.0326204    0.0824488     0.141522     0.200726     0.250999     0.284687     0.296688     0.285228     0.252129     0.202539      0.14416    0.0860958    0.0374923            0
           0   -0.0018325    0.0132164    0.0364457    0.0641012    0.0918648     0.115464     0.131298      0.13697      0.13165     0.116199    0.0930427    0.0658109    0.0388026     0.016355            0
           0            0            0            0            0            0            0            0            0            0            0            0            0            0            0            0
