          0           0           0           0           0           0           0           0           0           0           0           0           0           0           0           0
          0 -0.00171674  3.7239e-05  0.00337118  0.00766814   0.0121732   0.0161202   0.0188556   0.0199411   0.0192218   0.0168486   0.0132527  0.00907379  0.00505148  0.00189259           0
          0 -0.00254439  0.00328422   0.0131841   0.0254596   0.0380721    0.048969   0.0564052   0.0592132   0.0569825   0.0501206   0.0397882   0.0277147   0.0159217  0.00638855           0
          0 -0.00364443   0.0078947    0.026885   0.0501396   0.0738666   0.0942633    0.108103    0.113228    0.108883   0.0958259   0.0762104   0.0532533    0.030733   0.0123923           0
          0 -0.00497461   0.0131183   0.0425167   0.0783181    0.114729    0.145954     0.16708    0.174828    0.168048    0.147899    0.117666   0.0822623   0.0474752   0.0190751           0
          0 -0.00635842   0.0181944   0.0578528    0.106016    0.154917    0.196798     0.22509    0.235408     0.22622    0.199075    0.158375    0.110705   0.0638322   0.0255354           0
          0 -0.00757058   0.0224121    0.070701    0.129262    0.188665    0.239504    0.273817    0.286291    0.275071    0.242038    0.192531    0.134541   0.0775063   0.0308971           0
          0 -0.00840192   0.0251881   0.0792152    0.144689    0.211075    0.267868    0.306181    0.320087    0.307512    0.270561    0.215196    0.150344   0.0865544   0.0344252           0
          0 -0.00870686   0.0261385   0.0821652    0.150049    0.218867    0.277734    0.317439     0.33184    0.318791    0.280472    0.223064     0.15582   0.0896774   0.0356299           0
          0 -0.00843252   0.0251298   0.0791187    0.144547    0.210883    0.267632    0.305912    0.319799    0.307226    0.270294    0.214964    0.150156   0.0864163    0.034338           0
          0 -0.00762784    0.022298   0.0705058    0.128967    0.188264    0.239005    0.273245    0.285683    0.274466    0.241476    0.192044     0.13415   0.0772211   0.0307185           0
          0 -0.00643156   0.0180329   0.0575571    0.105551    0.154269    0.195983     0.22415    0.234406    0.225226    0.198157    0.157587     0.11008   0.0633832   0.0252585           0
          0   -0.005039   0.0129314   0.0421244   0.0776579    0.113778    0.144736    0.165664    0.173315    0.166553    0.146529    0.116506   0.0813599   0.0468423   0.0186949           0
          0 -0.00364769  0.00773209   0.0264164   0.0492572    0.072531   0.0925131    0.106048    0.111028    0.106719   0.0938647   0.0745792   0.0520196   0.0299006   0.0119152           0
          0 -0.00237862  0.00324995   0.0126925   0.0243308   0.0362424   0.0465009   0.0534731   0.0560683   0.0539054   0.0473703   0.0375556   0.0260923   0.0148942  0.00585238           0
          0           0           0           0           0           0           0           0           0           0           0           0           0           0           0           0
