           0            0            0            0            0            0            0            0            0            0            0            0            0            0            0            0
           0  -0.00514731  -0.00325853  0.000994441   0.00661638    0.0125326    0.0177091    0.0212867    0.0226991    0.0217533    0.0186571    0.0139893   0.00861718   0.00357458 -7.68408e-05            0
           0  -0.00524329   0.00746459    0.0283905    0.0539138    0.0798572     0.102087     0.117121     0.122643     0.117848     0.103566    0.0821364    0.0570576    0.0324679    0.0125272            0
           0  -0.00435859    0.0244083    0.0696602     0.124032     0.178912     0.225732      0.25725      0.26864     0.258222     0.227713     0.181975      0.12828    0.0752165    0.0313914            0
           0  -0.00297633    0.0446818     0.118386     0.206416     0.295013     0.370461     0.421152     0.439347     0.422344     0.372896     0.298793     0.211691      0.12535    0.0535588            0
           0  -0.00146787    0.0650607     0.167118      0.28865     0.410787     0.514699     0.584445     0.609389     0.585821     0.517518      0.41518     0.294816     0.175329     0.075664            0
           0 -0.000128975    0.0823964     0.208458     0.358335     0.508839     0.636817     0.722668     0.753312     0.724183     0.639924     0.513696     0.365188     0.217648    0.0943841            0
           0  0.000818174    0.0940499     0.236156     0.404967     0.574412     0.718456     0.815055     0.849499     0.816652     0.721736      0.57955      0.41224     0.245956     0.106917            0
           0   0.00123527    0.0982694     0.246045     0.421533     0.597648     0.747346     0.847724       0.8835     0.849339     0.750665     0.602855     0.428914     0.256013     0.111395            0
           0   0.00107835    0.0944457     0.236668     0.405574     0.575089     0.719179       0.8158     0.850242     0.817368     0.722401     0.580142     0.412736     0.246337     0.107166            0
           0  0.000402533    0.0832029     0.209499     0.359565     0.510208     0.638277      0.72417     0.754808     0.725625     0.641266     0.514891     0.366192      0.21842    0.0948901            0
           0 -0.000640781    0.0663098     0.168722     0.290535     0.412878     0.516921     0.586726      0.61166     0.588011     0.519557        0.417      0.29635     0.176514    0.0764432            0
           0  -0.00181134    0.0464267     0.120606     0.209003     0.297864     0.373477      0.42424     0.442416     0.425305      0.37566      0.30127      0.21379     0.126981     0.054639            0
           0  -0.00278417    0.0267329    0.0725745     0.127385      0.18257     0.229574     0.261167     0.272527     0.261974     0.231228     0.185143     0.130988    0.0773441    0.0328184            0
           0  -0.00313331    0.0105011    0.0321067    0.0581082    0.0843668     0.106777     0.121872     0.127345     0.122395     0.107847      0.08603    0.0604298    0.0351663    0.0143801            0
           0            0            0            0            0            0            0            0            0            0            0            0            0            0            0            0
