           0            0            0            0            0            0            0            0            0            0            0            0            0            0            0            0
           0  -0.00467121  -0.00302314  0.000498855   0.00503795   0.00974167     0.013818    0.0166188    0.0177195    0.0169757    0.0145428    0.0108564   0.00657645   0.00250884 -0.000472955            0
           0  -0.00312109    0.0109226    0.0330231    0.0595036    0.0861702     0.108889     0.124181     0.129731     0.124733      0.11001    0.0878939    0.0618814    0.0361226    0.0148262            0
           0  0.000233599    0.0328243    0.0823483     0.141061     0.199922     0.249932     0.283484     0.295502     0.284214     0.251415     0.202204     0.144212    0.0864565    0.0379932            0
           0   0.00456113    0.0590411     0.140777     0.237277     0.333844       0.4158     0.470711     0.490278     0.471596       0.4176     0.336618     0.241113     0.145793    0.0653782            0
           0   0.00904408    0.0854269     0.199326     0.333521     0.467684     0.581479     0.657672      0.68475     0.658684     0.583538     0.470861     0.337927      0.20511    0.0927806            0
           0    0.0129275     0.107898     0.249057     0.415182     0.581179      0.72193     0.816135     0.849566     0.817238     0.724177     0.584652     0.420011     0.255421     0.116037            0
           0    0.0155953     0.123017     0.282412     0.469884     0.657156     0.815918     0.922155     0.959825     0.923309      0.81827     0.660798     0.474957     0.289119     0.131633            0
           0    0.0166448     0.128499     0.294352     0.489365     0.684144     0.849254      0.95973      0.99889     0.960892     0.851624     0.687814     0.494484     0.301129     0.137225            0
           0    0.0159391     0.123548     0.283113     0.470732     0.658124     0.816971     0.923256     0.960933     0.924381     0.819265     0.661678     0.475689     0.289676     0.131995            0
           0    0.0136261     0.108976     0.250482     0.416907     0.583148     0.724075     0.818379     0.851824     0.819423     0.726204     0.586445     0.421501     0.256555     0.116774            0
           0    0.0101201    0.0870876      0.20152      0.33618     0.470722     0.584794     0.661143     0.688245     0.662066     0.586676     0.473634     0.340231     0.206863    0.0939197            0
           0   0.00604975    0.0613359     0.143808     0.240956     0.338057     0.420405     0.475542     0.495147     0.476309     0.421969     0.340474     0.244315     0.148226    0.0669607            0
           0   0.00218555    0.0358235    0.0863066     0.145873     0.205451     0.255997     0.289862      0.30194     0.290446     0.257186     0.207288     0.148423    0.0896557     0.040077            0
           0 -0.000630346    0.0147152    0.0380145    0.0655879    0.0931961     0.116637     0.132361     0.138004     0.132741     0.117409    0.0943888    0.0672435    0.0401912    0.0174886            0
           0            0            0            0            0            0            0            0            0            0            0            0            0            0            0            0
