           0            0            0            0            0            0            0            0            0            0            0            0            0            0            0            0
           0  -0.00457431  -0.00288973  0.000654331   0.00520347   0.00990871    0.0139817    0.0167774    0.0178734     0.017126    0.0146898    0.0109982   0.00670792   0.00262147 -0.000390653            0
           0  -0.00295514    0.0111486    0.0332846    0.0597809    0.0864496     0.109163     0.124446     0.129989     0.124985     0.110258    0.0881337    0.0621049    0.0363157    0.0149691            0
           0  0.000477342    0.0331521    0.0827246     0.141458      0.20032     0.250322     0.283861     0.295869     0.284574      0.25177     0.202549     0.144536    0.0867389    0.0382051            0
           0    0.0048855     0.059473     0.141269     0.237793      0.33436     0.416303     0.471198     0.490751     0.472062      0.41806     0.337068     0.241538     0.146166    0.0656619            0
           0    0.0094437    0.0859549     0.199924     0.334145     0.468305     0.582084     0.658256     0.685319     0.659243     0.584092     0.471406     0.338445     0.205569    0.0931316            0
           0    0.0133883     0.108503      0.24974     0.415893     0.581885     0.722615     0.816796     0.850209     0.817872     0.724806     0.585272     0.420603     0.255948     0.116443            0
           0    0.0160956     0.123672     0.283149     0.470649     0.657914     0.816652     0.922863     0.960514     0.923989     0.818946     0.661466     0.475597      0.28969     0.132074            0
           0    0.0171576      0.12917     0.295105     0.490146     0.684917     0.850003     0.960452     0.999592     0.961585     0.852313     0.688496     0.495137     0.301714     0.137677            0
           0    0.0164358     0.124198     0.283843     0.471489     0.658873     0.817696     0.923954     0.961612     0.925051     0.819932     0.662338     0.476322     0.290242     0.132433            0
           0    0.0140796     0.109571      0.25115     0.417601     0.583835     0.724741      0.81902     0.852447     0.820038     0.726816      0.58705      0.42208     0.257072     0.117174            0
           0    0.0105082    0.0875982     0.202095     0.336779     0.471316     0.585369     0.661697     0.688784     0.662597     0.587203     0.474154     0.340729     0.207306    0.0942604            0
           0    0.0063576    0.0617431     0.144269     0.241436     0.338534     0.420868     0.475987      0.49558     0.476736     0.422392     0.340891     0.244711     0.148578      0.06723            0
           0   0.00240668    0.0361178     0.086641     0.146223     0.205798     0.256334     0.290187     0.302255     0.290756     0.257493     0.207589      0.14871    0.0899088    0.0402692            0
           0 -0.000495004    0.0148962    0.0382209    0.0658036    0.0934106     0.116845     0.132561     0.138199     0.132931     0.117598    0.0945741    0.0674192    0.0403457    0.0176053            0
           0            0            0            0            0            0            0            0            0            0            0            0            0            0            0            0
