           0            0            0            0            0            0            0            0            0            0            0            0            0            0            0            0
           0  -0.00485549   -0.0032769  0.000203144   0.00472322   0.00942422    0.0135071    0.0163175    0.0174272    0.0166901    0.0142634    0.0105868   0.00632628   0.00229446 -0.000629612            0
           0  -0.00343809    0.0104893     0.032519    0.0589659    0.0856252     0.108352     0.123657     0.129221     0.124234     0.109522    0.0874242    0.0614459    0.0357485    0.0145508            0
           0 -0.000233635    0.0321914    0.0816153      0.14028      0.19913      0.24915     0.282719     0.294755     0.283481     0.250699     0.201514      0.14357    0.0859021     0.037581            0
           0   0.00393775    0.0582033     0.139811     0.236251     0.332803     0.414771     0.469704     0.489292     0.470629     0.416652     0.335702     0.240259     0.145052    0.0648226            0
           0   0.00827467    0.0843991     0.198146     0.332269     0.466415     0.580225     0.656444     0.683548     0.657502     0.582379     0.469739     0.336878     0.204195    0.0920903            0
           0    0.0120392     0.106716     0.247704      0.41375     0.579729     0.720497     0.814732     0.848191     0.815887     0.722849     0.583364     0.418803     0.254365     0.115237            0
           0    0.0146302     0.121736     0.280949     0.468336     0.655591     0.814371     0.920641     0.958342     0.921849     0.816835     0.659404     0.473649     0.287972     0.130762            0
           0     0.015655     0.127187     0.292853     0.487782     0.682544     0.847675     0.958183     0.997375       0.9594     0.850156     0.686388     0.493143     0.299954      0.13633            0
           0    0.0149805     0.122277     0.281662     0.469199     0.656575     0.815442     0.921759     0.959466     0.922937     0.817845     0.660298     0.474392     0.288538     0.131129            0
           0    0.0127513     0.107815     0.249154     0.415505     0.581731     0.722677     0.817011     0.850484     0.818105     0.724907     0.585184     0.420317     0.255517     0.115986            0
           0   0.00937196    0.0860916      0.20038     0.334975     0.469505     0.583594     0.659969     0.687096     0.660936     0.585564     0.472554     0.339218     0.205976    0.0932481            0
           0   0.00545682    0.0605436     0.142899     0.239995     0.337087      0.41945     0.474609     0.494234     0.475412     0.421087     0.339618     0.243512     0.147525    0.0664317            0
           0   0.00176033    0.0352528    0.0856511      0.14518     0.204752     0.255311     0.289193     0.301287     0.289805     0.256555     0.206675     0.147849    0.0891552    0.0397009            0
           0 -0.000890072    0.0143655     0.037613    0.0651644    0.0927711     0.116221     0.131958     0.137612     0.132355     0.117029    0.0940192    0.0668964    0.0398886    0.0172618            0
           0            0            0            0            0            0            0            0            0            0            0            0            0            0            0            0
