           0            0            0            0            0            0            0            0            0            0            0            0            0            0            0            0
           0  -0.00489742  -0.00333474  0.000135602   0.00465119    0.0093514    0.0134356    0.0162482    0.0173598    0.0166243    0.0141991    0.0105248   0.00626894   0.00224542  -0.00066537            0
           0  -0.00351038    0.0103899    0.0324027    0.0588411    0.0854979     0.108226     0.123534       0.1291     0.124116     0.109407    0.0873139    0.0613444    0.0356619    0.0144874            0
           0 -0.000340356    0.0320457    0.0814451     0.140097     0.198942     0.248962     0.282534     0.294574     0.283305     0.250527     0.201349     0.143418    0.0857726    0.0374855            0
           0   0.00379521    0.0580099     0.139586     0.236008     0.332554     0.414521     0.469458     0.489051     0.470392     0.416422     0.335482     0.240056     0.144877    0.0646935            0
           0   0.00809862    0.0841614     0.197869     0.331972      0.46611     0.579919     0.656142      0.68325      0.65721     0.582094     0.469466     0.336627     0.203979    0.0919295            0
           0    0.0118359     0.106442     0.247386     0.413408     0.579378     0.720146     0.814384     0.847849      0.81555     0.722521      0.58305     0.418513     0.254115      0.11505            0
           0    0.0144092      0.12144     0.280605     0.467967     0.655211     0.813991     0.920264      0.95797     0.921485     0.816479     0.659064     0.473334     0.287701     0.130558            0
           0    0.0154284     0.126883     0.292501     0.487404     0.682155     0.847285     0.957798     0.996995     0.959027     0.849792     0.686039     0.492821     0.299675     0.136122            0
           0     0.014761     0.121983     0.281321     0.468833     0.656199     0.815065     0.921386     0.959099     0.922576     0.817492      0.65996      0.47408     0.288269     0.130927            0
           0     0.012551     0.107546     0.248843      0.41517     0.581388     0.722333     0.816671     0.850149     0.817776     0.724586     0.584877     0.420033     0.255272     0.115802            0
           0   0.00920072    0.0858612     0.200113     0.334688     0.469211       0.5833     0.659679      0.68681     0.660655      0.58529     0.472291     0.338975     0.205767    0.0930915            0
           0   0.00532119    0.0603605     0.142687     0.239767     0.336854     0.419217     0.474379     0.494009     0.475191     0.420872     0.339411      0.24332      0.14736    0.0663086            0
           0   0.00166314    0.0351212    0.0854984     0.145017     0.204586     0.255145     0.289031     0.301128     0.289648     0.256403     0.206528     0.147713    0.0890378    0.0396137            0
           0 -0.000949372    0.0142852      0.03752    0.0650655    0.0926708     0.116122     0.131862     0.137518     0.132263     0.116939    0.0939316    0.0668149    0.0398181    0.0172094            0
           0            0            0            0            0            0            0            0            0            0            0            0            0            0            0            0
