           0            0            0            0            0            0            0            0            0            0            0            0            0            0            0            0
           0  -0.00469765   -0.0030595  0.000456537   0.00499297   0.00969636    0.0137737    0.0165759    0.0176779     0.016935     0.014503    0.0108179   0.00654073   0.00247819 -0.000495382            0
           0  -0.00316649    0.0108608    0.0329514    0.0594275    0.0860935     0.108814     0.124108      0.12966     0.124663     0.109942     0.087828      0.06182    0.0360696     0.014787            0
           0  0.000166768    0.0327343    0.0822447     0.140952     0.199812     0.249824     0.283378     0.295399     0.284113     0.251317     0.202109     0.144122    0.0863785    0.0379348            0
           0   0.00447204    0.0589222     0.140641     0.237134       0.3337     0.415659     0.470574     0.490144     0.471465      0.41747     0.336492     0.240995     0.145689    0.0652997            0
           0   0.00893418    0.0852812      0.19916     0.333347     0.467509     0.581308     0.657506     0.684588     0.658524     0.583381     0.470707     0.337782     0.204982    0.0926832            0
           0    0.0128007      0.10773     0.248867     0.414984      0.58098     0.721736     0.815947     0.849382     0.817057     0.723998     0.584477     0.419844     0.255274     0.115924            0
           0    0.0154575     0.122836     0.282207      0.46967     0.656942     0.815708     0.921952     0.959627     0.923114     0.818077     0.660609     0.474777     0.288959      0.13151            0
           0    0.0165035     0.128313     0.294142     0.489145     0.683925     0.849041     0.959523     0.998688     0.960693     0.851426      0.68762     0.494299     0.300966     0.137099            0
           0    0.0158023     0.123368      0.28291      0.47052     0.657912     0.816764     0.923055     0.960737     0.924188     0.819074      0.66149     0.475511     0.289518     0.131873            0
           0    0.0135012     0.108812     0.250295     0.416713     0.582954     0.723886     0.818195     0.851644     0.819246     0.726029     0.586273     0.421338     0.256411     0.116663            0
           0    0.0100133    0.0869465      0.20136     0.336013     0.470555     0.584631     0.660985     0.688091     0.661914     0.586525     0.473486     0.340092     0.206739     0.093825            0
           0   0.00596504    0.0612235      0.14368     0.240822     0.337923     0.420275     0.475415     0.495023     0.476188     0.421849     0.340357     0.244203     0.148128    0.0668861            0
           0   0.00212477    0.0357424    0.0862141     0.145776     0.205354     0.255903      0.28977     0.301851     0.290358       0.2571     0.207203     0.148343    0.0895855    0.0400238            0
           0 -0.000667502    0.0146654    0.0379576    0.0655283    0.0931366     0.116579     0.132306      0.13795     0.132687     0.117356    0.0943373    0.0671949    0.0401485    0.0174564            0
           0            0            0            0            0            0            0            0            0            0            0            0            0            0            0            0
