           0            0            0            0            0            0            0            0            0            0            0            0            0            0            0            0
           0  -0.00443995  -0.00269871  0.000885319    0.0054595    0.0101778    0.0142552    0.0170496    0.0181406    0.0173852    0.0149373    0.0112286     0.006913   0.00279006 -0.000272079            0
           0  -0.00273156    0.0114627     0.033661    0.0601952    0.0868827     0.109601     0.124882     0.130416       0.1254     0.110655    0.0885062    0.0624391    0.0365933    0.0151671            0
           0   0.00079662    0.0335949    0.0832497     0.142031     0.200915     0.250921     0.284455     0.296451      0.28514     0.252315     0.203063     0.145001      0.08713    0.0384882            0
           0   0.00530041    0.0600418     0.141937     0.238517     0.335107     0.417051     0.471936     0.491474     0.472767     0.418741     0.337715     0.242129     0.146668    0.0660301            0
           0   0.00994544    0.0866365     0.200719        0.335     0.469182     0.582958     0.659116     0.686161     0.660065     0.584891     0.472168     0.339146     0.206169    0.0935768            0
           0     0.013959     0.109274     0.250633     0.416848      0.58286     0.723584     0.817748      0.85114     0.818782     0.725692     0.586122     0.421389     0.256626     0.116949            0
           0    0.0167095     0.124497     0.284102     0.471665     0.658948     0.817677     0.923867     0.961496      0.92495     0.819884     0.662368     0.476434     0.290416     0.132618            0
           0    0.0177838      0.13001     0.296073     0.491176     0.685964     0.851039     0.961466      1.00058     0.962555     0.853262      0.68941     0.495987     0.302452     0.138232            0
           0    0.0170413      0.12501      0.28478     0.472485     0.659885     0.818697     0.924934      0.96257     0.925989     0.820848     0.663221     0.477144     0.290955     0.132969            0
           0    0.0146335     0.110315      0.25201     0.418517     0.584766     0.725663     0.819923     0.853329     0.820902     0.727659     0.587861     0.422835     0.257726     0.117664            0
           0    0.0109849    0.0882416     0.202841     0.337575     0.472127     0.586174     0.662486     0.689555     0.663351     0.587938      0.47486     0.341383     0.207871    0.0946822            0
           0   0.00673911     0.062261     0.144871     0.242082     0.339194     0.421524     0.476632      0.49621     0.477352     0.422991     0.341465     0.245241     0.149033    0.0675671            0
           0   0.00268379    0.0364967    0.0870842       0.1467     0.206287     0.256822     0.290666     0.302724     0.291214     0.257938     0.208013     0.149099    0.0902409    0.0405136            0
           0 -0.000323379    0.0151323    0.0384985    0.0661037    0.0937193     0.117153     0.132865     0.138495     0.133221     0.117878    0.0948404    0.0676626    0.0405523    0.0177562            0
           0            0            0            0            0            0            0            0            0            0            0            0            0            0            0            0
