           0            0            0            0            0            0            0            0            0            0            0            0            0            0            0            0
           0  -0.00457989  -0.00289744   0.00064531   0.00519382   0.00989892    0.0139721     0.016768    0.0178643    0.0171171    0.0146811    0.0109898   0.00670024   0.00261493 -0.000395414            0
           0  -0.00296465    0.0111356    0.0332695    0.0597649    0.0864334     0.109147     0.124431     0.129974     0.124971     0.110243    0.0881198     0.062092    0.0363046    0.0149609            0
           0  0.000463417    0.0331334     0.082703     0.141435     0.200297     0.250299      0.28384     0.295848     0.284553     0.251749     0.202529     0.144517    0.0867227     0.038193            0
           0   0.00486702    0.0594483     0.141241     0.237764     0.334331     0.416274      0.47117     0.490725     0.472035     0.418033     0.337042     0.241514     0.146145    0.0656458            0
           0   0.00942099    0.0859249      0.19989      0.33411      0.46827     0.582049     0.658223     0.685287     0.659212     0.584061     0.471375     0.338416     0.205543    0.0931117            0
           0    0.0133621     0.108469     0.249701     0.415852     0.581845     0.722576     0.816759     0.850173     0.817836     0.724771     0.585238     0.420569     0.255918      0.11642            0
           0    0.0160672     0.123635     0.283108     0.470606     0.657872     0.816611     0.922823     0.960476     0.923951     0.818908     0.661429     0.475561     0.289658     0.132049            0
           0    0.0171286     0.129132     0.295063     0.490102     0.684873     0.849961     0.960411     0.999553     0.961546     0.852275     0.688458       0.4951     0.301681     0.137652            0
           0    0.0164076     0.124161     0.283802     0.471446     0.658831     0.817655     0.923915     0.961574     0.925014     0.819895     0.662301     0.476286      0.29021     0.132408            0
           0    0.0140539     0.109537     0.251112     0.417562     0.583797     0.724703     0.818984     0.852412     0.820004     0.726782     0.587016     0.422048     0.257043     0.117151            0
           0    0.0104862    0.0875692     0.202063     0.336745     0.471282     0.585337     0.661666     0.688754     0.662567     0.587174     0.474125     0.340701     0.207281    0.0942412            0
           0   0.00634012      0.06172     0.144243     0.241409     0.338507     0.420842     0.475962     0.495556     0.476712     0.422369     0.340868     0.244689     0.148559    0.0672148            0
           0   0.00239411    0.0361011    0.0866219     0.146203     0.205778     0.256315     0.290168     0.302237     0.290738     0.257476     0.207572     0.148694    0.0898944    0.0402583            0
           0 -0.000502712    0.0148859    0.0382091    0.0657913    0.0933983     0.116833      0.13255     0.138187      0.13292     0.117587    0.0945635    0.0674091    0.0403369    0.0175986            0
           0            0            0            0            0            0            0            0            0            0            0            0            0            0            0            0
