           0            0            0            0            0            0            0            0            0            0            0            0            0            0            0            0
           0  -0.00449023  -0.00277177  0.000794895   0.00535688    0.0100675     0.014141    0.0169344     0.018027    0.0172754    0.0148338     0.011134   0.00683069   0.00272402 -0.000317428            0
           0  -0.00281367    0.0113446     0.033516    0.0600317    0.0867078     0.109421       0.1247     0.130237     0.125227     0.110492    0.0883558    0.0623074    0.0364867     0.015093            0
           0  0.000681669    0.0334314    0.0830509     0.141809     0.200679     0.250678     0.284211     0.296211     0.284907     0.252094     0.202859     0.144821    0.0869828    0.0383846            0
           0   0.00515364    0.0598353     0.141688      0.23824     0.334814     0.416752     0.471637      0.49118     0.472481     0.418469     0.337462     0.241904     0.146483     0.065898            0
           0   0.00977051    0.0863926     0.200427     0.334678     0.468843     0.582613     0.658772     0.685822     0.659737     0.584576     0.471874     0.338883     0.205951    0.0934196            0
           0    0.0137622     0.109001     0.250308     0.416492     0.582487     0.723205     0.817371     0.850769     0.818422     0.725347     0.585799     0.421098     0.256382     0.116773            0
           0    0.0164994     0.124208     0.283759     0.471289     0.658556      0.81728     0.923472     0.961108     0.924572     0.819522     0.662028     0.476127     0.290157      0.13243            0
           0    0.0175705     0.129716     0.295726     0.490796     0.685568     0.850639     0.961069      1.00019     0.962176     0.852897     0.689067     0.495677      0.30219     0.138041            0
           0    0.0168354     0.124727     0.284444     0.472119     0.659503     0.818312     0.924552     0.962194     0.925623     0.820497      0.66289     0.476844     0.290703     0.132785            0
           0    0.0144449     0.110055     0.251702      0.41818     0.584415     0.725308      0.81957     0.852983     0.820565     0.727336     0.587557     0.422559     0.257494     0.117495            0
           0    0.0108219    0.0880159     0.202572     0.337281      0.47182     0.585863     0.662177     0.689251     0.663056     0.587655     0.474594     0.341143     0.207669    0.0945363            0
           0   0.00660778    0.0620782     0.144653     0.241842     0.338943     0.421269     0.476378     0.495961     0.477109     0.422759     0.341247     0.245045      0.14887    0.0674496            0
           0    0.0025876    0.0363619    0.0869225     0.146521       0.2061     0.256631     0.290476     0.302537     0.291032     0.257764     0.207851     0.148954    0.0901207    0.0404276            0
           0 -0.000383464    0.0150477    0.0383965    0.0659906       0.0936     0.117031     0.132743     0.138376     0.133105     0.117767    0.0947377    0.0675711    0.0404768    0.0177025            0
           0            0            0            0            0            0            0            0            0            0            0            0            0            0            0            0
