           0            0            0            0            0            0            0            0            0            0            0            0            0            0            0            0
           0  -0.00455133   -0.0028579  0.000691724   0.00524364   0.00994962    0.0140221    0.0168168    0.0179118    0.0171635    0.0147262     0.011033   0.00673992   0.00264864 -0.000370965            0
           0  -0.00291607     0.011202    0.0333468    0.0598474     0.086517     0.109229     0.124511     0.130052     0.125047     0.110318    0.0881915    0.0621584    0.0363616    0.0150029            0
           0  0.000534353    0.0332291    0.0828133     0.141552     0.200415     0.250415     0.283952     0.295957      0.28466     0.251854     0.202631     0.144612    0.0868053    0.0382547            0
           0   0.00496097    0.0595737     0.141384     0.237914     0.334481     0.416421     0.471312     0.490863     0.472171     0.418168     0.337173     0.241637     0.146254    0.0657279            0
           0   0.00953631    0.0860775     0.200063     0.334291      0.46845     0.582225     0.658392     0.685451     0.659373     0.584221     0.471532     0.338565     0.205675    0.0932127            0
           0    0.0134948     0.108643     0.249898     0.416057     0.582048     0.722773     0.816949     0.850358     0.818018     0.724951     0.585416     0.420739     0.256069     0.116536            0
           0    0.0162109     0.123824      0.28332     0.470825     0.658089     0.816821     0.923026     0.960673     0.924145     0.819102     0.661619     0.475743     0.289821     0.132175            0
           0    0.0172758     0.129325     0.295279     0.490326     0.685095     0.850175     0.960617     0.999753     0.961743     0.852471     0.688652     0.495287     0.301848     0.137781            0
           0    0.0165502     0.124348     0.284012     0.471663     0.659045     0.817862     0.924115     0.961768     0.925205     0.820085     0.662489     0.476467     0.290372     0.132533            0
           0    0.0141841     0.109708     0.251305     0.417761     0.583994     0.724894     0.819168      0.85259     0.820179     0.726957     0.587188     0.422213     0.257191     0.117265            0
           0    0.0105977    0.0877162     0.202229     0.336917     0.471453     0.585502     0.661825     0.688909      0.66272     0.587325     0.474274     0.340844     0.207408    0.0943388            0
           0    0.0064288    0.0618374     0.144376     0.241547     0.338645     0.420975     0.476091     0.495681     0.476835     0.422491     0.340988     0.244803      0.14866    0.0672921            0
           0   0.00245796    0.0361862    0.0867189     0.146304     0.205879     0.256413     0.290263     0.302329     0.290829     0.257565      0.20766     0.148777    0.0899676    0.0403138            0
           0 -0.000463527    0.0149385    0.0382693    0.0658544    0.0934613     0.116894     0.132609     0.138245     0.132977     0.117643    0.0946179    0.0674605    0.0403819    0.0176324            0
           0            0            0            0            0            0            0            0            0            0            0            0            0            0            0            0
