           0            0            0            0            0            0            0            0            0            0            0            0            0            0            0            0
           0  -0.00481875  -0.00322624  0.000262249   0.00478621   0.00948784    0.0135695     0.016378    0.0174859    0.0167475    0.0143195    0.0106408    0.0063764   0.00233735 -0.000598314            0
           0  -0.00337479    0.0105761    0.0326204    0.0590745    0.0857358     0.108461     0.123764     0.129325     0.124336     0.109622    0.0875198    0.0615341     0.035824    0.0146061            0
           0  -0.00014024    0.0323185    0.0817634     0.140439     0.199292     0.249311     0.282877      0.29491     0.283633     0.250847     0.201656     0.143701    0.0860146    0.0376641            0
           0   0.00406244    0.0583719     0.140007      0.23646     0.333018     0.414984     0.469914     0.489499     0.470832      0.41685     0.335892     0.240435     0.145202    0.0649349            0
           0   0.00842864    0.0846062     0.198385     0.332526     0.466678     0.580487     0.656702     0.683802     0.657751     0.582622     0.469972     0.337094     0.204382      0.09223            0
           0     0.012217     0.106954     0.247979     0.414044      0.58003     0.720798     0.815029     0.848483     0.816173     0.723128     0.583633     0.419053     0.254581     0.115399            0
           0    0.0148234     0.121995     0.281247     0.468655     0.655917     0.814696     0.920961     0.958657     0.922159     0.817137     0.659696      0.47392     0.288207     0.130938            0
           0    0.0158532     0.127452     0.293159     0.488108     0.682877     0.848007     0.958511     0.997697     0.959717     0.850466     0.686686     0.493421     0.300195     0.136512            0
           0    0.0151725     0.122533     0.281958     0.469515     0.656897     0.815763     0.922076     0.959778     0.923244     0.818144     0.660586     0.474661     0.288771     0.131305            0
           0    0.0129265     0.108049     0.249424     0.415793     0.582026     0.722971       0.8173     0.850768     0.818384      0.72518     0.585448     0.420562      0.25573     0.116146            0
           0   0.00952171    0.0862924     0.200612     0.335223     0.469757     0.583845     0.660216     0.687339     0.661175     0.585798     0.472779     0.339427     0.206157    0.0933842            0
           0   0.00557546    0.0607031     0.143084     0.240192     0.337287     0.419649     0.474804     0.494426     0.475601     0.421272     0.339796     0.243677     0.147668    0.0665387            0
           0   0.00184537    0.0353675    0.0857838     0.145322     0.204896     0.255453     0.289332     0.301423     0.289938     0.256686     0.206801     0.147967     0.089257    0.0397769            0
           0 -0.000838168    0.0144357     0.037694    0.0652503    0.0928578     0.116306     0.132041     0.137693     0.132435     0.117107    0.0940949    0.0669671    0.0399499    0.0173075            0
           0            0            0            0            0            0            0            0            0            0            0            0            0            0            0            0
