           0            0            0            0            0            0            0            0            0            0            0            0            0            0            0            0
           0  -0.00471876  -0.00308854  0.000422724   0.00495701   0.00966013    0.0137382    0.0165416    0.0176446    0.0169025    0.0144711    0.0107872   0.00651217    0.0024537   -0.0005133            0
           0  -0.00320276    0.0108113    0.0328941    0.0593665    0.0860318     0.108753     0.124049     0.129602     0.124607     0.109887     0.087775    0.0617707    0.0360272    0.0147557            0
           0  0.000113346    0.0326622    0.0821615     0.140863     0.199723     0.249737     0.283293     0.295316     0.284032     0.251237     0.202031      0.14405    0.0863158     0.037888            0
           0    0.0044008    0.0588269     0.140532     0.237018     0.333584     0.415545     0.470462     0.490035     0.471358     0.417366      0.33639     0.240899     0.145605    0.0652367            0
           0   0.00884628    0.0851644     0.199027     0.333207     0.467368      0.58117     0.657371     0.684457     0.658395     0.583253     0.470583     0.337665     0.204879    0.0926051            0
           0    0.0126992     0.107596     0.248715     0.414823     0.580819     0.721578     0.815793     0.849232     0.816909     0.723852     0.584334      0.41971     0.255155     0.115834            0
           0    0.0153473      0.12269     0.282042     0.469496     0.656769     0.815538     0.921786     0.959465     0.922954      0.81792     0.660455     0.474632     0.288831     0.131412            0
           0    0.0163905     0.128164     0.293973     0.488968     0.683748     0.848867     0.959354     0.998523      0.96053     0.851266     0.687463      0.49415     0.300834     0.136998            0
           0    0.0156928     0.123224     0.282746     0.470349      0.65774     0.816596     0.922892     0.960577      0.92403     0.818918     0.661338     0.475366      0.28939     0.131775            0
           0    0.0134013      0.10868     0.250146     0.416556     0.582797     0.723732     0.818046     0.851498     0.819102     0.725887     0.586134     0.421206     0.256294     0.116574            0
           0   0.00992784    0.0868333     0.201231     0.335878      0.47042     0.584499     0.660856     0.687965      0.66179     0.586403     0.473367     0.339979     0.206639     0.093749            0
           0    0.0058973    0.0611334     0.143578     0.240714     0.337815     0.420169     0.475312     0.494923     0.476089     0.421752     0.340262     0.244114     0.148049    0.0668261            0
           0   0.00207617    0.0356775    0.0861398     0.145698     0.205275     0.255826     0.289696     0.301779     0.290287      0.25703     0.207135     0.148279     0.089529    0.0399811            0
           0 -0.000697204    0.0146255     0.037912    0.0654804    0.0930888     0.116532     0.132261     0.137907     0.132644     0.117314    0.0942958    0.0671557    0.0401143    0.0174306            0
           0            0            0            0            0            0            0            0            0            0            0            0            0            0            0            0
