           0            0            0            0            0            0            0            0            0            0            0            0            0            0            0            0
           0  -0.00472931  -0.00310305  0.000405825   0.00493904   0.00964202    0.0137205    0.0165244    0.0176279    0.0168862    0.0144552    0.0107718    0.0064979   0.00244145 -0.000522255            0
           0  -0.00322089    0.0107866    0.0328654     0.059336     0.086001     0.108723     0.124019     0.129574     0.124579     0.109859    0.0877484     0.061746    0.0360059      0.01474            0
           0  8.66435e-05    0.0326261    0.0821199     0.140819     0.199678     0.249693      0.28325     0.295275     0.283991     0.251197     0.201992     0.144014    0.0862844    0.0378645            0
           0   0.00436519    0.0587791     0.140477      0.23696     0.333526     0.415487     0.470406     0.489981     0.471304     0.417313     0.336339     0.240851     0.145563    0.0652051            0
           0   0.00880234    0.0851059      0.19896     0.333136     0.467297       0.5811     0.657303      0.68439     0.658329     0.583188      0.47052     0.337606     0.204828    0.0925659            0
           0    0.0126485     0.107529     0.248638     0.414742     0.580738     0.721498     0.815715     0.849156     0.816834     0.723778     0.584262     0.419642     0.255095     0.115789            0
           0    0.0152922     0.122618     0.281959     0.469409     0.656681     0.815452     0.921702     0.959383     0.922874      0.81784     0.660377     0.474558     0.288766     0.131362            0
           0     0.016334      0.12809     0.293888     0.488879     0.683658     0.848779     0.959268      0.99844     0.960448     0.851184     0.687384     0.494075     0.300767     0.136947            0
           0    0.0156381     0.123151     0.282664     0.470262     0.657654     0.816511     0.922809     0.960496     0.923951     0.818839     0.661261     0.475294     0.289326     0.131726            0
           0    0.0133514     0.108614     0.250071     0.416477     0.582718     0.723654      0.81797     0.851424      0.81903     0.725815     0.586064      0.42114     0.256236     0.116529            0
           0   0.00988511    0.0867766     0.201166      0.33581     0.470352     0.584432     0.660791     0.687901     0.661728     0.586341     0.473306     0.339922     0.206589    0.0937109            0
           0   0.00586343    0.0610883     0.143526      0.24066     0.337761     0.420116      0.47526     0.494873     0.476039     0.421703     0.340214     0.244068      0.14801    0.0667961            0
           0   0.00205188    0.0356449    0.0861026     0.145659     0.205236     0.255788     0.289659     0.301742     0.290252     0.256994       0.2071     0.148246    0.0895006    0.0399597            0
           0 -0.000712049    0.0146056    0.0378892    0.0654564    0.0930648     0.116509     0.132238     0.137884     0.132623     0.117293     0.094275    0.0671361    0.0400971    0.0174177            0
           0            0            0            0            0            0            0            0            0            0            0            0            0            0            0            0
