           0            0            0            0            0            0            0            0            0            0            0            0            0            0            0            0
           0  -0.00453926  -0.00284108  0.000711603   0.00526514   0.00997168    0.0140441    0.0168384    0.0179328    0.0171839     0.014746    0.0110518   0.00675709   0.00266311 -0.000360543            0
           0  -0.00289563    0.0112301    0.0333797    0.0598827    0.0865531     0.109265     0.124546     0.130086      0.12508      0.11035    0.0882225     0.062187    0.0363859    0.0150207            0
           0  0.000564043    0.0332694      0.08286     0.141602     0.200465     0.250464        0.284     0.296004     0.284706       0.2519     0.202675     0.144653    0.0868402    0.0382806            0
           0   0.00500013    0.0596262     0.141444     0.237978     0.334546     0.416484     0.471374     0.490923      0.47223     0.418225     0.337229      0.24169     0.146299    0.0657622            0
           0   0.00958422    0.0861412     0.200136     0.334367     0.468526     0.582299     0.658465     0.685522     0.659443     0.584289     0.471599     0.338628      0.20573    0.0932547            0
           0    0.0135497     0.108716     0.249981     0.416143     0.582134     0.722857      0.81703     0.850436     0.818096     0.725028     0.585491      0.42081     0.256132     0.116585            0
           0    0.0162704     0.123902     0.283408     0.470918     0.658181      0.81691     0.923112     0.960756     0.924227     0.819183       0.6617      0.47582     0.289889     0.132228            0
           0    0.0173367     0.129405     0.295369      0.49042     0.685188     0.850265     0.960705     0.999838     0.961827     0.852554     0.688734     0.495365     0.301917     0.137834            0
           0    0.0166091     0.124425     0.284099     0.471754     0.659136      0.81795     0.924199      0.96185     0.925286     0.820166     0.662569     0.476542     0.290439     0.132585            0
           0    0.0142379     0.109779     0.251385     0.417845     0.584077     0.724974     0.819245     0.852666     0.820254      0.72703     0.587261     0.422282     0.257252     0.117312            0
           0    0.0106439    0.0877773     0.202298     0.336989     0.471525     0.585572     0.661893     0.688974     0.662785     0.587389     0.474337     0.340903     0.207461    0.0943792            0
           0   0.00646558    0.0618863     0.144432     0.241606     0.338703     0.421032     0.476146     0.495734     0.476888     0.422543     0.341039     0.244851     0.148702    0.0673242            0
           0   0.00248449    0.0362218    0.0867596     0.146347     0.205922     0.256455     0.290304     0.302369     0.290868     0.257604     0.207697     0.148812    0.0899983    0.0403369            0
           0  -0.00044721    0.0149605    0.0382946    0.0658812    0.0934882      0.11692     0.132635      0.13827     0.133001     0.117666    0.0946411    0.0674822    0.0404008    0.0176466            0
           0            0            0            0            0            0            0            0            0            0            0            0            0            0            0            0
