           0            0            0            0            0            0            0            0            0            0            0            0            0            0            0            0
           0  -0.00480299  -0.00320452  0.000287581   0.00481319   0.00951508    0.0135962    0.0164039     0.017511     0.016772    0.0143435     0.010664   0.00639786   0.00235573 -0.000584897            0
           0  -0.00334765    0.0106133    0.0326637    0.0591209    0.0857829     0.108508      0.12381      0.12937     0.124379     0.109664    0.0875605    0.0615718    0.0358562    0.0146298            0
           0 -0.000100209    0.0323729    0.0818266     0.140507     0.199361     0.249379     0.282944     0.294975     0.283697      0.25091     0.201716     0.143757    0.0860625    0.0376996            0
           0   0.00411587     0.058444      0.14009      0.23655     0.333109     0.415075     0.470003     0.489586     0.470917     0.416933     0.335972     0.240509     0.145267    0.0649829            0
           0   0.00849461    0.0846947     0.198488     0.332635     0.466789     0.580598     0.656811     0.683908     0.657856     0.582724     0.470071     0.337186     0.204461    0.0922897            0
           0    0.0122932     0.107056     0.248096     0.414169     0.580158     0.720924     0.815153     0.848605     0.816293     0.723246     0.583746     0.419158     0.254673     0.115468            0
           0    0.0149062     0.122105     0.281374      0.46879     0.656054     0.814833     0.921096     0.958789     0.922289     0.817265     0.659819     0.474034     0.288307     0.131014            0
           0    0.0159381     0.127565     0.293289     0.488246     0.683017     0.848147     0.958649     0.997832      0.95985     0.850596     0.686812     0.493538     0.300297     0.136589            0
           0    0.0152547     0.122643     0.282083     0.469649     0.657033     0.815899     0.922209     0.959909     0.923372      0.81827     0.660708     0.474774      0.28887      0.13138            0
           0    0.0130015     0.108149     0.249539     0.415916      0.58215     0.723094     0.817422     0.850887     0.818501     0.725295     0.585559     0.420666      0.25582     0.116214            0
           0   0.00958587    0.0863782      0.20071     0.335328     0.469864     0.583951      0.66032     0.687441     0.661275     0.585896     0.472874     0.339516     0.206234    0.0934422            0
           0    0.0056263    0.0607713     0.143162     0.240275     0.337372     0.419733     0.474887     0.494507      0.47568     0.421349     0.339871     0.243747     0.147729    0.0665844            0
           0   0.00188182    0.0354166    0.0858404     0.145382     0.204957     0.255513     0.289391     0.301481     0.289995     0.256742     0.206855     0.148017    0.0893003    0.0398093            0
           0 -0.000815919    0.0144657    0.0377286    0.0652869    0.0928947     0.116343     0.132077     0.137727     0.132468     0.117141    0.0941271    0.0669972     0.039976     0.017327            0
           0            0            0            0            0            0            0            0            0            0            0            0            0            0            0            0
