           0            0            0            0            0            0            0            0            0            0            0            0            0            0            0            0
           0  -0.00475565  -0.00313931  0.000363588   0.00489411   0.00959671    0.0136761    0.0164814    0.0175863    0.0168455    0.0144154    0.0107333   0.00646219   0.00241084 -0.000544634            0
           0  -0.00326618    0.0107247    0.0327935    0.0592594    0.0859235     0.108647     0.123945     0.129501     0.124508      0.10979    0.0876817     0.061684    0.0359526    0.0147007            0
           0  1.99001e-05    0.0325358    0.0820155     0.140708     0.199565     0.249582     0.283142     0.295169     0.283887     0.251095     0.201894     0.143923    0.0862055    0.0378058            0
           0   0.00427615    0.0586597     0.140339     0.236815     0.333378     0.415342     0.470264     0.489842     0.471168     0.417179     0.336209      0.24073     0.145458     0.065126            0
           0   0.00869246    0.0849594     0.198792     0.332959     0.467117     0.580923      0.65713     0.684221     0.658163     0.583025     0.470362     0.337457     0.204698    0.0924676            0
           0    0.0125216     0.107361     0.248446     0.414539     0.580533     0.721296     0.815518     0.848963     0.816645     0.723591     0.584081     0.419471     0.254946     0.115675            0
           0    0.0151544     0.122435     0.281751      0.46919      0.65646     0.815235      0.92149     0.959175     0.922669     0.817638     0.660181     0.474373     0.288603     0.131238            0
           0    0.0161927     0.127903     0.293675     0.488655     0.683432     0.848557     0.959051     0.998227     0.960238     0.850978     0.687183     0.493885     0.300601      0.13682            0
           0    0.0155012      0.12297     0.282458     0.470045     0.657435     0.816296     0.922599     0.960291     0.923748      0.81864     0.661066      0.47511     0.289164     0.131603            0
           0    0.0132265     0.108448     0.249882     0.416278     0.582518     0.723458     0.817778     0.851236     0.818844     0.725632     0.585886     0.420972     0.256088     0.116417            0
           0   0.00977827    0.0866347     0.201004     0.335639      0.47018     0.584263     0.660626      0.68774     0.661569     0.586185     0.473154     0.339778     0.206463    0.0936153            0
           0   0.00577876    0.0609754     0.143397     0.240523     0.337623     0.419981     0.475129     0.494744     0.475913     0.421578     0.340093     0.243955      0.14791    0.0667208            0
           0   0.00199114    0.0355636    0.0860093     0.145561     0.205137     0.255691     0.289565      0.30165     0.290161     0.256905     0.207014     0.148165    0.0894295    0.0399062            0
           0 -0.000749154    0.0145557     0.037832    0.0653961    0.0930045      0.11645     0.132181     0.137829     0.132568     0.117239    0.0942226    0.0670868     0.040054    0.0173854            0
           0            0            0            0            0            0            0            0            0            0            0            0            0            0            0            0
