           0            0            0            0            0            0            0            0            0            0            0            0            0            0            0            0
           0  -0.00471348  -0.00308128  0.000431175     0.004966   0.00966919    0.0137471    0.0165501    0.0176529    0.0169106    0.0144791    0.0107949   0.00651931   0.00245982 -0.000508822            0
           0  -0.00319369    0.0108237    0.0329084    0.0593818    0.0860473     0.108768     0.124064     0.129617     0.124621     0.109901    0.0877883    0.0617831    0.0360378    0.0147635            0
           0  0.000126699    0.0326802    0.0821823     0.140886     0.199745     0.249758     0.283315     0.295337     0.284052     0.251257     0.202051     0.144068    0.0863315    0.0378997            0
           0   0.00441861    0.0588507     0.140559     0.237047     0.333613     0.415573      0.47049     0.490063     0.471385     0.417392     0.336416     0.240923     0.145626    0.0652525            0
           0   0.00886826    0.0851936      0.19906     0.333242     0.467403     0.581205     0.657405      0.68449     0.658427     0.583285     0.470614     0.337694     0.204905    0.0926246            0
           0    0.0127246      0.10763     0.248753     0.414863      0.58086     0.721618     0.815832      0.84927     0.816946     0.723888      0.58437     0.419743     0.255185     0.115857            0
           0    0.0153749     0.122727     0.282083      0.46954     0.656812     0.815581     0.921828     0.959506     0.922995     0.817959     0.660493     0.474668     0.288863     0.131436            0
           0    0.0164188     0.128202     0.294015     0.489013     0.683792     0.848911     0.959397     0.998565     0.960571     0.851306     0.687503     0.494187     0.300867     0.137023            0
           0    0.0157202      0.12326     0.282787     0.470392     0.657784     0.816638     0.922933     0.960617      0.92407     0.818957     0.661376     0.475403     0.289422       0.1318            0
           0    0.0134263     0.108713     0.250183     0.416595     0.582837     0.723771     0.818083     0.851535     0.819139     0.725923     0.586169     0.421239     0.256323     0.116596            0
           0    0.0099492    0.0868616     0.201263     0.335912     0.470454     0.584532     0.660888     0.687997     0.661821     0.586434     0.473397     0.340007     0.206664    0.0937681            0
           0   0.00591424     0.061156     0.143603     0.240741     0.337842     0.420196     0.475338     0.494948     0.476114     0.421776     0.340286     0.244136     0.148069    0.0668411            0
           0   0.00208832    0.0356937    0.0861584     0.145718     0.205295     0.255845     0.289715     0.301797     0.290305     0.257047     0.207152     0.148295    0.0895431    0.0399918            0
           0  -0.00068978    0.0146355    0.0379235    0.0654924    0.0931008     0.116544     0.132272     0.137917     0.132655     0.117325    0.0943062    0.0671655    0.0401228    0.0174371            0
           0            0            0            0            0            0            0            0            0            0            0            0            0            0            0            0
