           0            0            0            0            0            0            0            0            0            0            0            0            0            0            0            0
           0  -0.00487646  -0.00330582  0.000169372   0.00468721   0.00938782    0.0134714    0.0162829    0.0173935    0.0166572    0.0142313    0.0105558   0.00629762   0.00226994 -0.000647493            0
           0  -0.00347424    0.0104396    0.0324609    0.0589036    0.0855617     0.108289     0.123596     0.129161     0.124175     0.109465    0.0873692    0.0613952    0.0357053    0.0145191            0
           0 -0.000286998    0.0321186    0.0815303     0.140189     0.199036     0.249056     0.282627     0.294665     0.283393     0.250613     0.201432     0.143494    0.0858375    0.0375333            0
           0   0.00386648    0.0581067     0.139699      0.23613     0.332679     0.414647     0.469581     0.489172     0.470512     0.416538     0.335593     0.240158     0.144965    0.0647581            0
           0   0.00818665    0.0842804     0.198008     0.332121     0.466263     0.580073     0.656294       0.6834     0.657357     0.582237     0.469603     0.336753     0.204088      0.09201            0
           0    0.0119376     0.106579     0.247545      0.41358     0.579555     0.720323      0.81456     0.848021      0.81572     0.722686     0.583208     0.418659     0.254241     0.115144            0
           0    0.0145198     0.121588     0.280777     0.468152     0.655402     0.814182     0.920454     0.958157     0.921668     0.816658     0.659235     0.473492     0.287837      0.13066            0
           0    0.0155417     0.127035     0.292678     0.487593      0.68235     0.847481     0.957992     0.997186     0.959215     0.849975     0.686215     0.492983     0.299815     0.136226            0
           0    0.0148708      0.12213     0.281492     0.469017     0.656388     0.815255     0.921574     0.959284     0.922758      0.81767      0.66013     0.474237     0.288404     0.131028            0
           0    0.0126512     0.107681     0.248999     0.415338     0.581561     0.722506     0.816842     0.850318     0.817941     0.724748     0.585031     0.420176     0.255395     0.115894            0
           0   0.00928635    0.0859765     0.200246     0.334832     0.469359     0.583448     0.659825     0.686954     0.660797     0.585428     0.472423     0.339097     0.205872    0.0931699            0
           0   0.00538901    0.0604521     0.142794     0.239881     0.336971     0.419334     0.474495     0.494123     0.475303      0.42098     0.339515     0.243416     0.147443    0.0663702            0
           0   0.00171174     0.035187    0.0855749     0.145099     0.204669     0.255228     0.289112     0.301208     0.289727     0.256479     0.206602     0.147781    0.0890966    0.0396574            0
           0 -0.000919725    0.0143254    0.0375666    0.0651151    0.0927211     0.116172      0.13191     0.137565     0.132309     0.116984    0.0939756    0.0668557    0.0398534    0.0172356            0
           0            0            0            0            0            0            0            0            0            0            0            0            0            0            0            0
