           0            0            0            0            0            0            0            0            0            0            0            0            0            0            0            0
           0  -0.00466062  -0.00300857  0.000515811   0.00505597   0.00975983    0.0138358     0.016636    0.0177362     0.016992    0.0145587    0.0108718   0.00659076   0.00252112 -0.000463969            0
           0   -0.0031029    0.0109474    0.0330517     0.059534    0.0862008     0.108919      0.12421     0.129759      0.12476     0.110037    0.0879202     0.061906    0.0361438    0.0148419            0
           0  0.000260361    0.0328604    0.0823897     0.141105     0.199966     0.249975     0.283526     0.295543     0.284254     0.251455     0.202243     0.144248    0.0864877    0.0380165            0
           0    0.0045968    0.0590887     0.140831     0.237334     0.333902     0.415856     0.470765     0.490331     0.471648     0.417651     0.336668      0.24116     0.145834    0.0654095            0
           0   0.00908808    0.0854852     0.199392     0.333591     0.467753     0.581547     0.657738     0.684814     0.658746       0.5836     0.470922     0.337985     0.205161    0.0928194            0
           0    0.0129783     0.107965     0.249133     0.415261     0.581258     0.722007      0.81621     0.849639      0.81731     0.724248     0.584722     0.420077      0.25548     0.116082            0
           0    0.0156505     0.123089     0.282494     0.469969     0.657241        0.816     0.922235     0.959903     0.923386     0.818347     0.660873     0.475029     0.289183     0.131682            0
           0    0.0167014     0.128573     0.294435     0.489452      0.68423     0.849339     0.959812      0.99897     0.960971     0.851702     0.687891     0.494557     0.301194     0.137275            0
           0    0.0159939      0.12362     0.283194     0.470817     0.658208     0.817053     0.923335      0.96101     0.924457      0.81934     0.661752      0.47576     0.289739     0.132043            0
           0    0.0136761     0.109042     0.250556     0.416985     0.583225      0.72415     0.818451     0.851894     0.819493     0.726273     0.586513     0.421566     0.256613     0.116819            0
           0    0.0101629     0.087144     0.201584     0.336247     0.470789     0.584859     0.661205     0.688306     0.662126     0.586735     0.473692     0.340287     0.206912    0.0939575            0
           0   0.00608365    0.0613809     0.143859     0.241009      0.33811     0.420457     0.475592     0.495195     0.476357     0.422017     0.340521     0.244359     0.148265    0.0669906            0
           0   0.00220989     0.035856    0.0863435     0.145912     0.205489     0.256035     0.289898     0.301975      0.29048      0.25722     0.207321     0.148455    0.0896838    0.0400982            0
           0 -0.000615467    0.0147351    0.0380373    0.0656117    0.0932198      0.11666     0.132383     0.138026     0.132762      0.11743    0.0944093    0.0672629    0.0402083    0.0175014            0
           0            0            0            0            0            0            0            0            0            0            0            0            0            0            0            0
