           0            0            0            0            0            0            0            0            0            0            0            0            0            0            0            0
           0  -0.00461262  -0.00294255   0.00059267   0.00513769   0.00984218    0.0139164     0.016714    0.0178119    0.0170659    0.0146311    0.0109417   0.00665564   0.00257678 -0.000423252            0
           0  -0.00302061    0.0110594    0.0331813    0.0596713    0.0863391     0.109055     0.124341     0.129887     0.124885      0.11016    0.0880389    0.0620166    0.0362395    0.0149128            0
           0  0.000381352     0.033023    0.0825764     0.141302     0.200164     0.250169     0.283713     0.295725     0.284432     0.251631     0.202414     0.144408    0.0866279    0.0381218            0
           0   0.00475794    0.0593032     0.141076     0.237591     0.334158     0.416106     0.471007     0.490566      0.47188      0.41788     0.336892     0.241372      0.14602    0.0655506            0
           0   0.00928672    0.0857477      0.19969     0.333901     0.468062     0.581848     0.658029     0.685098     0.659026     0.583876     0.471193     0.338243     0.205389    0.0929942            0
           0    0.0132074     0.108266     0.249473     0.415615      0.58161     0.722349      0.81654      0.84996     0.817626     0.724562     0.585031     0.420372     0.255742     0.116284            0
           0    0.0158993     0.123416     0.282861      0.47035     0.657619     0.816367     0.922589     0.960248     0.923726     0.818684     0.661207     0.475348     0.289467     0.131902            0
           0    0.0169565     0.128907     0.294811     0.489841     0.684616     0.849713     0.960172     0.999321     0.961317     0.852047     0.688232     0.494883     0.301486       0.1375            0
           0     0.016241     0.123943     0.283558     0.471194     0.658582     0.817415     0.923684      0.96135     0.924792     0.819674     0.662082     0.476076     0.290021     0.132262            0
           0    0.0139017     0.109338     0.250889      0.41733     0.583568     0.724482     0.818772     0.852206       0.8198     0.726579     0.586815     0.421855     0.256871     0.117018            0
           0    0.0103559    0.0873981      0.20187     0.336545     0.471084     0.585146     0.661482     0.688575     0.662391     0.586999     0.473952     0.340535     0.207133    0.0941272            0
           0   0.00623672    0.0615833     0.144088     0.241248     0.338348     0.420688     0.475814     0.495411      0.47657     0.422228     0.340729     0.244557     0.148441    0.0671246            0
           0   0.00231979    0.0360022    0.0865097     0.146086     0.205662     0.256202      0.29006     0.302132     0.290635     0.257373     0.207471     0.148598    0.0898097    0.0401939            0
           0 -0.000548232     0.014825    0.0381397    0.0657188    0.0933263     0.116763     0.132483     0.138122     0.132856     0.117524    0.0945013    0.0673502     0.040285    0.0175594            0
           0            0            0            0            0            0            0            0            0            0            0            0            0            0            0            0
