           0            0            0            0            0            0            0            0            0            0            0            0            0            0            0            0
           0  -0.00478722  -0.00318279  0.000312915   0.00484017    0.0095423    0.0136229    0.0164298    0.0175361    0.0167965    0.0143675    0.0106871   0.00641931    0.0023741 -0.000571478            0
           0   -0.0033205    0.0106504     0.032707    0.0591672    0.0858299     0.108554     0.123855     0.129414     0.124422     0.109706     0.087601    0.0616093    0.0358884    0.0146535            0
           0 -6.01758e-05    0.0324273    0.0818897     0.140574     0.199429     0.249447     0.283011      0.29504     0.283761     0.250972     0.201776     0.143812    0.0861104    0.0377351            0
           0    0.0041693     0.058516     0.140174     0.236638     0.333199     0.415164     0.470091     0.489672     0.471001     0.417016     0.336052     0.240583     0.145331    0.0650307            0
           0   0.00856057    0.0847831     0.198589     0.332744     0.466899     0.580707     0.656919     0.684014     0.657959     0.582825     0.470169     0.337277     0.204541    0.0923492            0
           0    0.0123694     0.107158     0.248213     0.414293     0.580284      0.72105     0.815276     0.848726     0.816411     0.723362     0.583859     0.419263     0.254764     0.115537            0
           0     0.014989     0.122215       0.2815     0.468924     0.656191     0.814968     0.921229     0.958919     0.922417     0.817391      0.65994     0.474148     0.288406     0.131089            0
           0     0.016023     0.127678     0.293418     0.488383     0.683157     0.848285     0.958785     0.997966     0.959981     0.850725     0.686937     0.493655     0.300399     0.136666            0
           0    0.0153369     0.122752     0.282209     0.469782     0.657169     0.816033     0.922341     0.960038     0.923499     0.818395     0.660829     0.474887     0.288969     0.131454            0
           0    0.0130765     0.108249     0.249654     0.416037     0.582274     0.723217     0.817542     0.851005     0.818617     0.725409     0.585669     0.420769      0.25591     0.116282            0
           0   0.00965002    0.0864638     0.200809     0.335432      0.46997     0.584056     0.660423     0.687542     0.661374     0.585993     0.472968     0.339604     0.206311    0.0935001            0
           0   0.00567712    0.0608394     0.143241     0.240358     0.337457     0.419816     0.474968     0.494587     0.475759     0.421426     0.339946     0.243817      0.14779      0.06663            0
           0   0.00191826    0.0354657    0.0858968     0.145442     0.205017     0.255573      0.28945     0.301538     0.290051     0.256797     0.206908     0.148066    0.0893435    0.0398417            0
           0 -0.000793667    0.0144957    0.0377631    0.0653235    0.0929315     0.116379     0.132112     0.137761     0.132502     0.117174    0.0941591    0.0670272    0.0400021    0.0173465            0
           0            0            0            0            0            0            0            0            0            0            0            0            0            0            0            0
