           0            0            0            0            0            0            0            0            0            0            0            0            0            0            0            0
           0  -0.00458542  -0.00290508  0.000636381   0.00518428   0.00988926    0.0139626    0.0167588    0.0178554    0.0171084    0.0146726    0.0109816   0.00669266   0.00260845 -0.000400131            0
           0   -0.0029741    0.0111227    0.0332546     0.059749    0.0864174     0.109131     0.124416     0.129959     0.124956     0.110229     0.088106    0.0620792    0.0362935    0.0149528            0
           0  0.000449583    0.0331148    0.0826817     0.141413     0.200275     0.250277     0.283818     0.295827     0.284533     0.251729      0.20251     0.144499    0.0867067     0.038181            0
           0   0.00484866    0.0594239     0.141213     0.237735     0.334302     0.416246     0.471143     0.490698     0.472009     0.418007     0.337017      0.24149     0.146124    0.0656298            0
           0    0.0093984    0.0858951     0.199856     0.334075     0.468235     0.582015      0.65819     0.685255      0.65918      0.58403     0.471344     0.338387     0.205517     0.093092            0
           0    0.0133361     0.108435     0.249663     0.415813     0.581805     0.722538     0.816722     0.850137     0.817801     0.724736     0.585203     0.420536     0.255889     0.116397            0
           0     0.016039     0.123598     0.283066     0.470563     0.657829      0.81657     0.922784     0.960437     0.923913     0.818871     0.661391     0.475525     0.289626     0.132024            0
           0    0.0170997     0.129094      0.29502     0.490058      0.68483     0.849919     0.960371     0.999514     0.961508     0.852237      0.68842     0.495064     0.301648     0.137626            0
           0    0.0163796     0.124124     0.283761     0.471404     0.658789     0.817615     0.923876     0.961537     0.924976     0.819858     0.662264     0.476251     0.290178     0.132384            0
           0    0.0140283     0.109504     0.251075     0.417523     0.583758     0.724666     0.818949     0.852378     0.819969     0.726748     0.586982     0.422015     0.257014     0.117129            0
           0    0.0104643    0.0875405      0.20203     0.336711     0.471249     0.585305     0.661635     0.688724     0.662538     0.587144     0.474096     0.340673     0.207256    0.0942221            0
           0   0.00632274     0.061697     0.144217     0.241382      0.33848     0.420816     0.475937     0.495531     0.476688     0.422345     0.340844     0.244667     0.148539    0.0671996            0
           0   0.00238161    0.0360844     0.086603     0.146183     0.205758     0.256296      0.29015      0.30222     0.290721     0.257459     0.207555     0.148677    0.0898802    0.0402475            0
           0 -0.000510376    0.0148756    0.0381974     0.065779    0.0933861     0.116821     0.132539     0.138176     0.132909     0.117576     0.094553    0.0673992    0.0403282     0.017592            0
           0            0            0            0            0            0            0            0            0            0            0            0            0            0            0            0
