           0            0            0            0            0            0            0            0            0            0            0            0            0            0            0            0
           0  -0.00487122  -0.00329859  0.000177815   0.00469621   0.00939692    0.0134803    0.0162916    0.0174019    0.0166655    0.0142393    0.0105636   0.00630479   0.00227607 -0.000643023            0
           0   -0.0034652     0.010452    0.0324754    0.0589192    0.0855776     0.108305     0.123611     0.129176      0.12419     0.109479     0.087383    0.0614079    0.0357161     0.014527            0
           0 -0.000273658    0.0321368    0.0815516     0.140212     0.199059      0.24908      0.28265     0.294687     0.283416     0.250635     0.201452     0.143513    0.0858537    0.0375452            0
           0    0.0038843    0.0581309     0.139727      0.23616      0.33271     0.414678     0.469612     0.489203     0.470541     0.416566      0.33562     0.240184     0.144986    0.0647743            0
           0   0.00820866    0.0843101     0.198042     0.332158     0.466301     0.580111     0.656332     0.683438     0.657394     0.582273     0.469637     0.336784     0.204114    0.0920301            0
           0     0.011963     0.106614     0.247585     0.413622     0.579598     0.720367     0.814603     0.848064     0.815762     0.722727     0.583247     0.418695     0.254272     0.115167            0
           0    0.0145474     0.121625      0.28082     0.468198      0.65545      0.81423     0.920501     0.958204     0.921714     0.816703     0.659278     0.473531     0.287871     0.130685            0
           0    0.0155701     0.127073     0.292722     0.487641     0.682399      0.84753      0.95804     0.997234     0.959262     0.850021     0.686258     0.493023      0.29985     0.136252            0
           0    0.0148982     0.122167     0.281535     0.469063     0.656435     0.815302     0.921621      0.95933     0.922803     0.817714     0.660172     0.474276     0.288438     0.131054            0
           0    0.0126762     0.107714     0.249038      0.41538     0.581603     0.722549     0.816885     0.850359     0.817982     0.724788      0.58507     0.420211     0.255426     0.115917            0
           0   0.00930776    0.0860053      0.20028     0.334868     0.469395     0.583484     0.659861      0.68699     0.660832     0.585462     0.472456     0.339128     0.205898    0.0931895            0
           0   0.00540597     0.060475      0.14282      0.23991        0.337     0.419363     0.474523     0.494151      0.47533     0.421007     0.339541      0.24344     0.147464    0.0663856            0
           0   0.00172389    0.0352035    0.0855939     0.145119      0.20469     0.255249     0.289133     0.301228     0.289746     0.256498      0.20662     0.147798    0.0891113    0.0396683            0
           0 -0.000912312    0.0143354    0.0375782    0.0651274    0.0927336     0.116184     0.131922     0.137577     0.132321     0.116996    0.0939865    0.0668659    0.0398622    0.0172422            0
           0            0            0            0            0            0            0            0            0            0            0            0            0            0            0            0
