           0            0            0            0            0            0            0            0            0            0            0            0            0            0            0            0
           0  -0.00441189  -0.00265723  0.000937533   0.00551973    0.0102435     0.014324    0.0171193    0.0182095    0.0174514    0.0149992    0.0112844   0.00696073   0.00282766  -0.00024674            0
           0  -0.00268647    0.0115289    0.0337438    0.0602902    0.0869859     0.109709     0.124991     0.130524     0.125504     0.110753     0.088594    0.0625146    0.0366532    0.0152078            0
           0  0.000858644     0.033685    0.0833617     0.142159     0.201053     0.251065       0.2846     0.296594     0.285278     0.252445     0.203181     0.145103    0.0872114    0.0385441            0
           0   0.00537829    0.0601539     0.142076     0.238674     0.335275     0.417226     0.472112     0.491648     0.472934     0.418899     0.337859     0.242254     0.146769    0.0661001            0
           0     0.010037    0.0867673     0.200879     0.335181     0.469375     0.583158     0.659318     0.686359     0.660257     0.585071     0.472333     0.339291     0.206287     0.093659            0
           0    0.0140607     0.109418     0.250809     0.417046     0.583071     0.723802     0.817966     0.851355      0.81899     0.725889     0.586303     0.421548     0.256755     0.117041            0
           0    0.0168172      0.12465     0.284287     0.471872     0.659169     0.817904     0.924095      0.96172     0.925166     0.820089     0.662557     0.476601     0.290552     0.132715            0
           0    0.0178926     0.130163     0.296259     0.491384     0.686185     0.851266     0.961693      1.00081     0.962772     0.853467     0.689599     0.496154     0.302589     0.138329            0
           0    0.0171461     0.125158     0.284959     0.472685     0.660097     0.818915     0.925153     0.962785     0.926196     0.821045     0.663403     0.477304     0.291087     0.133063            0
           0    0.0147295     0.110451     0.252174     0.418701     0.584962     0.725863     0.820124     0.853527     0.821093      0.72784     0.588028     0.422982     0.257847      0.11775            0
           0    0.0110681    0.0883595     0.202984     0.337735     0.472298     0.586349     0.662662     0.689728     0.663518     0.588097     0.475006     0.341512     0.207976    0.0947565            0
           0   0.00680644    0.0623569     0.144988     0.242213     0.339334     0.421669     0.476777     0.496353     0.477489     0.423122     0.341584     0.245346     0.149118    0.0676272            0
           0   0.00273344    0.0365678    0.0871713     0.146798     0.206392      0.25693     0.290775     0.302832     0.291317     0.258035     0.208103     0.149177    0.0903044    0.0405579            0
           0 -0.000292147    0.0151773    0.0385538    0.0661662    0.0937863     0.117222     0.132934     0.138564     0.133287      0.11794    0.0948974    0.0677123    0.0405924     0.017784            0
           0            0            0            0            0            0            0            0            0            0            0            0            0            0            0            0
