           0            0            0            0            0            0            0            0            0            0            0            0            0            0            0            0
           0  -0.00451993  -0.00281397  0.000743898   0.00530037    0.0100081    0.0140806    0.0168744    0.0179681    0.0172182    0.0147791     0.011083   0.00678529   0.00268668 -0.000343705            0
           0  -0.00286309    0.0112752    0.0334329    0.0599403    0.0866123     0.109324     0.124604     0.130143     0.125136     0.110404    0.0882734    0.0622335    0.0364252    0.0150492            0
           0  0.000611052    0.0333336     0.082935     0.141682     0.200548     0.250546      0.28408     0.296083     0.284783     0.251974     0.202746     0.144718    0.0868962    0.0383219            0
           0   0.00506183    0.0597096     0.141541     0.238081      0.33465     0.416587     0.471474     0.491021     0.472326     0.418319     0.337319     0.241774     0.146372    0.0658164            0
           0   0.00965944    0.0862419     0.200251     0.334489      0.46865      0.58242     0.658583     0.685637     0.659556       0.5844     0.471706     0.338728     0.205818     0.093321            0
           0    0.0136358     0.108831     0.250111     0.416281     0.582272     0.722992     0.817161     0.850565     0.818222     0.725152     0.585611     0.420924     0.256232      0.11666            0
           0    0.0163634     0.124025     0.283548     0.471065     0.658328     0.817054     0.923251     0.960892     0.924361     0.819315     0.661828     0.475942     0.289996     0.132309            0
           0    0.0174318      0.12953     0.295512     0.490569     0.685338     0.850411     0.960846     0.999976     0.961962     0.852688     0.688865     0.495489     0.302027     0.137918            0
           0    0.0167011     0.124547     0.284237     0.471899      0.65928     0.818091     0.924336     0.961983     0.925417     0.820295     0.662695     0.476662     0.290545     0.132666            0
           0     0.014322      0.10989     0.251512     0.417978      0.58421     0.725104     0.819371     0.852789     0.820374     0.727149     0.587377     0.422392     0.257349     0.117386            0
           0    0.0107162    0.0878734     0.202408     0.337105     0.471641     0.585685     0.662003     0.689081      0.66289     0.587493     0.474438     0.340999     0.207544    0.0944427            0
           0   0.00652318    0.0619635      0.14452     0.241699     0.338797     0.421124     0.476236     0.495822     0.476973     0.422627      0.34112     0.244928     0.148769    0.0673748            0
           0   0.00252615    0.0362779    0.0868244     0.146416     0.205991     0.256523      0.29037     0.302434     0.290931     0.257666     0.207757     0.148868     0.090047    0.0403733            0
           0  -0.00042153    0.0149954     0.038335    0.0659241    0.0935317     0.116963     0.132676      0.13831     0.133041     0.117705    0.0946787    0.0675171    0.0404309     0.017669            0
           0            0            0            0            0            0            0            0            0            0            0            0            0            0            0            0
