           0            0            0            0            0            0            0            0            0            0            0            0            0            0            0            0
           0  -0.00485025  -0.00326966  0.000211587   0.00473222   0.00943331     0.013516    0.0163262    0.0174356    0.0166983    0.0142714    0.0105945   0.00633345   0.00230059 -0.000625142            0
           0  -0.00342905    0.0105017    0.0325335    0.0589815    0.0856411     0.108368     0.123673     0.129236     0.124248     0.109536    0.0874379    0.0614586    0.0357593    0.0145587            0
           0 -0.000220294    0.0322096    0.0816365     0.140303     0.199153     0.249173     0.282742     0.294777     0.283503      0.25072     0.201534     0.143589    0.0859182    0.0375929            0
           0   0.00395556    0.0582274     0.139839     0.236281     0.332834     0.414801     0.469734     0.489322     0.470658     0.416681      0.33573     0.240285     0.145073    0.0648387            0
           0   0.00829667    0.0844287      0.19818     0.332306     0.466453     0.580263     0.656482     0.683585     0.657538     0.582414     0.469772     0.336909     0.204222    0.0921103            0
           0    0.0120646      0.10675     0.247743     0.413792     0.579773     0.720541     0.814775     0.848234     0.815928     0.722889     0.583403     0.418839     0.254396      0.11526            0
           0    0.0146578     0.121773     0.280991     0.468382     0.655638     0.814418     0.920687     0.958387     0.921894     0.816878     0.659446     0.473688     0.288006     0.130787            0
           0    0.0156834     0.127225     0.292897     0.487829     0.682592     0.847722     0.958231     0.997421     0.959446     0.850201     0.686431     0.493183     0.299988     0.136356            0
           0     0.015008     0.122314     0.281704     0.469245     0.656621     0.815488     0.921805     0.959511     0.922982     0.817888     0.660339     0.474431     0.288572     0.131154            0
           0    0.0127763     0.107848     0.249193     0.415546     0.581774      0.72272     0.817053     0.850525     0.818145     0.724946     0.585222     0.420353     0.255548     0.116009            0
           0   0.00939336    0.0861203     0.200413     0.335011     0.469541      0.58363     0.660005     0.687131      0.66097     0.585598     0.472586     0.339248     0.206002    0.0932676            0
           0   0.00547377    0.0605664     0.142926     0.240023     0.337116     0.419479     0.474637     0.494262      0.47544     0.421114     0.339644     0.243535     0.147546     0.066447            0
           0   0.00177248    0.0352692    0.0856701     0.145201     0.204773     0.255331     0.289213     0.301307     0.289824     0.256574     0.206693     0.147866    0.0891698    0.0397118            0
           0 -0.000882658    0.0143756    0.0376246    0.0651767    0.0927835     0.116233      0.13197     0.137624     0.132367     0.117041    0.0940301    0.0669065    0.0398974    0.0172683            0
           0            0            0            0            0            0            0            0            0            0            0            0            0            0            0            0
