          0           0           0           0           0           0           0           0           0           0           0           0           0           0           0           0
          0 -0.00385048 -0.00181191    0.002011  0.00675944   0.0115883    0.015718   0.0185144   0.0195644   0.0187307   0.0161704   0.0123161  0.00782188  0.00348774 0.000184491           0
          0 -0.00182129   0.0128285   0.0353886   0.0621829   0.0890317    0.111823    0.127101    0.132569    0.127434     0.11252   0.0901529   0.0638188   0.0376558   0.0158648           0
          0  0.00198593   0.0353703   0.0854843     0.14459    0.203669    0.253756    0.287276    0.299183    0.287717    0.254679    0.205155    0.146759   0.0884903   0.0393869           0
          0  0.00671482   0.0621407    0.144564    0.241508    0.338309    0.420331    0.475188    0.494614    0.475724    0.421455    0.340121     0.24416    0.148248   0.0670809           0
          0   0.0115235   0.0889644    0.203616    0.338281    0.472673    0.586516    0.662628     0.68954    0.663243    0.587807     0.47476    0.341342    0.207886   0.0947276           0
          0   0.0156358    0.111734    0.253679    0.420278    0.586491    0.727265    0.821364    0.854607    0.822038    0.728681    0.588784    0.423651    0.258404    0.118149           0
          0   0.0184203    0.126997    0.287183    0.475117    0.662584    0.821345    0.927456    0.964927    0.928165    0.822836    0.665001    0.478679    0.292188    0.133821           0
          0   0.0194659     0.13246    0.299083    0.494536    0.689489    0.854582     0.96492     1.00388    0.965637    0.856089    0.691934    0.498145     0.30416    0.139397           0
          0    0.018636    0.127329    0.287622    0.475652    0.663198    0.822018    0.928163    0.965641    0.928859    0.823481    0.665573    0.479156    0.292551    0.134059           0
          0   0.0160869    0.112429    0.254599    0.421398    0.587778    0.728676    0.822849    0.856109    0.823496    0.730037    0.589984    0.424651    0.259167    0.118648           0
          0   0.0122494   0.0900826    0.205098    0.340087    0.474753    0.588801    0.665035    0.691976    0.665609    0.590006    0.476704    0.342959    0.209119   0.0955324           0
          0   0.0077746   0.0637721    0.146727    0.244151    0.341359    0.423692    0.478736    0.498208    0.479214    0.424695    0.342982    0.246534    0.150055   0.0682605           0
          0  0.00345923   0.0376314    0.088481     0.14826    0.207923    0.258462     0.29226    0.304238    0.292625    0.259227    0.209159    0.150073   0.0910079   0.0410319           0
          0 0.000171107    0.015857   0.0393926   0.0671047   0.0947708     0.11821    0.133893    0.139473    0.134132     0.11871   0.0955783   0.0682884   0.0410432   0.0180868           0
          0           0           0           0           0           0           0           0           0           0           0           0           0           0           0           0
