           0            0            0            0            0            0            0            0            0            0            0            0            0            0            0            0
           0  -0.00482925  -0.00324072  0.000245361   0.00476822   0.00946967    0.0135517    0.0163608    0.0174691    0.0167311    0.0143035    0.0106254   0.00636209    0.0023251 -0.000607257            0
           0  -0.00339288    0.0105513    0.0325914    0.0590435    0.0857043      0.10843     0.123734     0.129295     0.124307     0.109593    0.0874925     0.061509    0.0358025    0.0145903            0
           0 -0.000166926    0.0322822    0.0817212     0.140394     0.199246     0.249265     0.282832     0.294866      0.28359     0.250805     0.201615     0.143664    0.0859825    0.0376404            0
           0   0.00402682    0.0583238     0.139951     0.236401     0.332957     0.414924     0.469854      0.48944     0.470774     0.416794     0.335838     0.240385     0.145159    0.0649029            0
           0   0.00838466    0.0845471     0.198317     0.332453     0.466603     0.580413     0.656629      0.68373     0.657681     0.582553     0.469906     0.337033     0.204329    0.0921902            0
           0    0.0121662     0.106886     0.247901      0.41396     0.579945     0.720713     0.814945       0.8484     0.816092     0.723049     0.583557     0.418982      0.25452     0.115353            0
           0    0.0147683     0.121921     0.281162     0.468564     0.655824     0.814604     0.920871     0.958568     0.922071     0.817052     0.659613     0.473843      0.28814     0.130888            0
           0    0.0157966     0.127376     0.293072     0.488015     0.682782     0.847913     0.958418     0.997606     0.959627     0.850378     0.686602     0.493342     0.300126      0.13646            0
           0    0.0151176      0.12246     0.281873     0.469425     0.656806     0.815672     0.921986      0.95969     0.923157     0.818059     0.660504     0.474584     0.288705     0.131255            0
           0    0.0128764     0.107982     0.249347     0.415711     0.581942     0.722888     0.817218     0.850688     0.818305     0.725103     0.585373     0.420493     0.255669       0.1161            0
           0   0.00947893    0.0862351     0.200545     0.335152     0.469686     0.583774     0.660146      0.68727     0.661107     0.585731     0.472715     0.339368     0.206106    0.0933454            0
           0   0.00554157    0.0606576     0.143031     0.240136      0.33723     0.419593     0.474749     0.494372     0.475547     0.421219     0.339745      0.24363     0.147628    0.0665082            0
           0   0.00182108    0.0353348    0.0857459     0.145281     0.204855     0.255412     0.289293     0.301385       0.2899     0.256649     0.206765     0.147933     0.089228    0.0397552            0
           0 -0.000852999    0.0144157    0.0376709    0.0652258    0.0928331     0.116282     0.132018      0.13767     0.132412     0.117085    0.0940734     0.066947    0.0399324    0.0172944            0
           0            0            0            0            0            0            0            0            0            0            0            0            0            0            0            0
