           0            0            0            0            0            0            0            0            0            0            0            0            0            0            0            0
           0  -0.00446265  -0.00273193  0.000843912   0.00541218    0.0101266    0.0142019    0.0169957    0.0180874    0.0173339    0.0148891    0.0111847   0.00687514   0.00275991 -0.000292627            0
           0   -0.0027684    0.0114093    0.0335949    0.0601201    0.0868019     0.109518     0.124797     0.130333      0.12532     0.110579    0.0884368    0.0623788    0.0365449    0.0151337            0
           0  0.000745402    0.0335214    0.0831596      0.14193     0.200806     0.250809     0.284341     0.296339     0.285032     0.252213      0.20297     0.144919    0.0870636    0.0384419            0
           0   0.00523543    0.0599495     0.141825     0.238391     0.334973     0.416913     0.471797     0.491338     0.472635     0.418616     0.337599     0.242027     0.146585    0.0659715            0
           0   0.00986841    0.0865281     0.200588     0.334854     0.469027       0.5828     0.658958     0.686005     0.659914     0.584747     0.472034     0.339028     0.206072    0.0935074            0
           0    0.0138727     0.109153     0.250488     0.416687      0.58269     0.723411     0.817574     0.850969     0.818617     0.725535     0.585976     0.421258     0.256518     0.116872            0
           0    0.0166176      0.12437     0.283949     0.471496      0.65877     0.817495     0.923686     0.961318     0.924777     0.819719     0.662214     0.476297     0.290301     0.132536            0
           0    0.0176907      0.12988     0.295919     0.491006     0.685785     0.850857     0.961284      1.00041     0.962382     0.853096     0.689255     0.495849     0.302336     0.138149            0
           0    0.0169515     0.124885     0.284631     0.472321     0.659712     0.818521     0.924759     0.962398     0.925822     0.820689     0.663072      0.47701     0.290844     0.132889            0
           0    0.0145513     0.110201     0.251873     0.418366     0.584608     0.725501     0.819762     0.853171     0.820748     0.727512     0.587724     0.422712     0.257624      0.11759            0
           0    0.0109137    0.0881421     0.202721     0.337443     0.471988     0.586032     0.662344     0.689416     0.663216      0.58781      0.47474     0.341276     0.207782    0.0946184            0
           0   0.00668164    0.0621803     0.144774     0.241974      0.33908     0.421408     0.476516     0.496096     0.477241     0.422886     0.341366     0.245153     0.148961    0.0675156            0
           0   0.00264158     0.036437     0.087012     0.146619     0.206202     0.256735     0.290579     0.302639     0.291131     0.257859      0.20794     0.149034    0.0901875    0.0404758            0
           0 -0.000349821    0.0150948    0.0384528    0.0660527    0.0936651     0.117097     0.132809      0.13844     0.133168     0.117828    0.0947939    0.0676215    0.0405187    0.0177325            0
           0            0            0            0            0            0            0            0            0            0            0            0            0            0            0            0
