           0            0            0            0            0            0            0            0            0            0            0            0            0            0            0            0
           0  -0.00490265  -0.00334197   0.00012716   0.00464218   0.00934229    0.0134267    0.0162395    0.0173514    0.0166161     0.014191    0.0105171   0.00626177   0.00223929 -0.000669839            0
           0  -0.00351941    0.0103775    0.0323882    0.0588255    0.0854819      0.10821     0.123518     0.129085     0.124101     0.109393    0.0873001    0.0613316     0.035651    0.0144794            0
           0 -0.000353695    0.0320275    0.0814238     0.140074     0.198918     0.248939     0.282511     0.294551     0.283282     0.250505     0.201328     0.143399    0.0857563    0.0374736            0
           0   0.00377739    0.0579857     0.139557     0.235978     0.332523      0.41449     0.469426      0.48902     0.470362     0.416392     0.335454     0.240031     0.144855    0.0646773            0
           0   0.00807661    0.0841316     0.197834     0.331935     0.466071      0.57988     0.656103     0.683213     0.657173     0.582058     0.469432     0.336595     0.203952    0.0919093            0
           0    0.0118105     0.106408     0.247346     0.413365     0.579334     0.720101      0.81434     0.847805     0.815507     0.722479      0.58301     0.418477     0.254084     0.115027            0
           0    0.0143816     0.121403     0.280561      0.46792     0.655163     0.813942     0.920216     0.957923     0.921438     0.816434      0.65902     0.473294     0.287667     0.130532            0
           0    0.0154001     0.126845     0.292457     0.487356     0.682106     0.847235     0.957749     0.996946     0.958979     0.849746     0.685995      0.49278      0.29964     0.136095            0
           0    0.0147336     0.121946     0.281278     0.468787     0.656151     0.815017     0.921339     0.959052      0.92253     0.817448     0.659917      0.47404     0.288235     0.130902            0
           0     0.012526     0.107512     0.248803     0.415128     0.581344      0.72229     0.816628     0.850106     0.817734     0.724545     0.584838     0.419997     0.255241     0.115779            0
           0   0.00917931    0.0858323     0.200079     0.334652     0.469174     0.583262     0.659642     0.686774      0.66062     0.585256     0.472258     0.338945      0.20574    0.0930718            0
           0   0.00530423    0.0603376      0.14266     0.239739     0.336825     0.419188      0.47435     0.493981     0.475163     0.420844     0.339385     0.243296     0.147339    0.0662931            0
           0   0.00165099    0.0351047    0.0854793     0.144997     0.204565     0.255124      0.28901     0.301108     0.289628     0.256383      0.20651     0.147696    0.0890231    0.0396027            0
           0 -0.000956784    0.0142751    0.0375084    0.0650531    0.0926582      0.11611     0.131849     0.137506     0.132251     0.116927    0.0939206    0.0668046    0.0398093    0.0172028            0
           0            0            0            0            0            0            0            0            0            0            0            0            0            0            0            0
