          0           0           0           0           0           0           0           0           0           0           0           0           0           0           0           0
          0 -0.00366318 -0.00153227  0.00235961  0.00715307   0.0120058    0.016143   0.0189343   0.0199702   0.0191147   0.0165249   0.0126322  0.00808911  0.00369444 0.000319426           0
          0 -0.00153987    0.013247   0.0359065   0.0627624   0.0896406    0.112437    0.127703    0.133148     0.12798    0.113024   0.0906042    0.064202   0.0379537   0.0160599           0
          0  0.00233935   0.0358918   0.0861229    0.145295      0.2044    0.254482     0.28798    0.299853    0.288347     0.25526    0.205678    0.147206   0.0888405   0.0396181           0
          0  0.00711709   0.0627286    0.145275    0.242281    0.339094    0.421097    0.475917    0.495299    0.476364    0.422046    0.340656    0.244621    0.148613   0.0673249           0
          0   0.0119537   0.0895868    0.204357    0.339072     0.47346    0.587266    0.663326    0.690184     0.66384    0.588359    0.475262    0.341781    0.208239   0.0949664           0
          0   0.0160768    0.112366    0.254421    0.421055    0.587246    0.727965    0.821999    0.855182    0.822563    0.729166     0.58923    0.424048    0.258728    0.118372           0
          0   0.0188587     0.12762    0.287905    0.475861    0.663292    0.821985     0.92802    0.965425    0.928614    0.823251    0.665387    0.479028    0.292478    0.134024           0
          0   0.0198911    0.133061    0.299773    0.495238    0.690145    0.855162    0.965419     1.00431    0.966021    0.856444    0.692268    0.498451    0.304419    0.139579           0
          0   0.0190386    0.127896    0.288271    0.476307    0.663804    0.822548    0.928613    0.966025    0.929197    0.823793    0.665868    0.479429    0.292784    0.134224           0
          0   0.0164579    0.112952    0.255197    0.422002    0.588336    0.729163    0.823261     0.85646    0.823805    0.730322    0.590254    0.424901    0.259379    0.118798           0
          0   0.0125787   0.0905482    0.205632    0.340629    0.475257    0.589245    0.665415    0.692301    0.665897    0.590271    0.476954    0.343188    0.209312   0.0956686           0
          0  0.00805122    0.064165    0.147181    0.244615    0.341795    0.424081    0.479074    0.498502    0.479476    0.424936    0.343206    0.246738    0.150225    0.068379           0
          0  0.00367164   0.0379345   0.0888336    0.148624    0.208269    0.258775    0.292536    0.304482    0.292844    0.259428    0.209345     0.15024   0.0911452   0.0411265           0
          0 0.000308795    0.016054   0.0396231   0.0673446   0.0950017    0.118421    0.134082    0.139641    0.134283    0.118849   0.0957058   0.0684017   0.0411358   0.0181501           0
          0           0           0           0           0           0           0           0           0           0           0           0           0           0           0           0
