           0            0            0            0            0            0            0            0            0            0            0            0            0            0            0            0
           0   -0.0048135    -0.003219  0.000270693    0.0047952   0.00949692    0.0135784    0.0163867    0.0174943    0.0167557    0.0143275    0.0106486   0.00638356   0.00234347 -0.000593842            0
           0  -0.00336574    0.0105885    0.0326348      0.05909    0.0857515     0.108477      0.12378      0.12934      0.12435     0.109636    0.0875333    0.0615467    0.0358348     0.014614            0
           0 -0.000126897    0.0323367    0.0817845     0.140462     0.199315     0.249334     0.282899     0.294932     0.283655     0.250868     0.201676      0.14372    0.0860306    0.0376759            0
           0   0.00408025     0.058396     0.140035      0.23649     0.333048     0.415015     0.469944     0.489528      0.47086     0.416878     0.335919      0.24046     0.145224    0.0649509            0
           0   0.00845063    0.0846357     0.198419     0.332562     0.466715     0.580524     0.656739     0.683837     0.657786     0.582656     0.470005     0.337125     0.204409    0.0922499            0
           0    0.0122424     0.106988     0.248018     0.414086     0.580073      0.72084      0.81507     0.848524     0.816213     0.723167     0.583671     0.419088     0.254612     0.115422            0
           0     0.014851     0.122032     0.281289       0.4687     0.655963     0.814742     0.921006     0.958701     0.922202      0.81718     0.659737     0.473958     0.288241     0.130963            0
           0    0.0158815      0.12749     0.293202     0.488154     0.682924     0.848053     0.958557     0.997742     0.959762     0.850509     0.686728      0.49346     0.300229     0.136538            0
           0    0.0151999      0.12257        0.282      0.46956     0.656943     0.815809     0.922121     0.959822     0.923287     0.818186     0.660627     0.474699     0.288804      0.13133            0
           0    0.0129515     0.108083     0.249463     0.415834     0.582067     0.723012     0.817341     0.850808     0.818423     0.725219     0.585485     0.420597      0.25576     0.116169            0
           0    0.0095431     0.086321     0.200644     0.335258     0.469793      0.58388     0.660251     0.687373     0.661208      0.58583     0.472811     0.339457     0.206183    0.0934035            0
           0   0.00559241    0.0607259      0.14311      0.24022     0.337316     0.419677     0.474832     0.494453     0.475627     0.421298     0.339821       0.2437     0.147689     0.066554            0
           0   0.00185752    0.0353839    0.0858026     0.145342     0.204916     0.255473     0.289352     0.301443     0.289957     0.256705     0.206819     0.147983    0.0892714    0.0397877            0
           0 -0.000830752    0.0144457    0.0377055    0.0652625    0.0928701     0.116319     0.132053     0.137704     0.132446     0.117119    0.0941057    0.0669771    0.0399586     0.017314            0
           0            0            0            0            0            0            0            0            0            0            0            0            0            0            0            0
