           0            0            0            0            0            0            0            0            0            0            0            0            0            0            0            0
           0  -0.00435345   -0.0025699    0.0010486   0.00564898    0.0103853    0.0144731    0.0172709    0.0183589    0.0175944    0.0151318    0.0114026   0.00706066   0.00290536 -0.000195047            0
           0   -0.0025937    0.0116668    0.0339184    0.0604926    0.0872073     0.109941     0.125227     0.130756     0.125726     0.110959    0.0887786    0.0626713    0.0367756    0.0152897            0
           0  0.000984427    0.0338707    0.0835953     0.142428     0.201347     0.251372     0.284911     0.296901     0.285572     0.252718     0.203426     0.145312    0.0873758     0.038655            0
           0   0.00553401     0.060382     0.142361     0.239001     0.335631     0.417597     0.472487     0.492017     0.473288     0.419229     0.338156     0.242509     0.146971    0.0662373            0
           0    0.0102176    0.0870302     0.201206     0.335555      0.46978     0.583579     0.659743     0.686777     0.660658     0.585446     0.472671     0.339582     0.206518    0.0938178            0
           0    0.0142594     0.109706     0.251166     0.417452     0.583509     0.724256     0.818424     0.851805     0.819422     0.726293     0.586669     0.421864     0.257008     0.117215            0
           0    0.0170257     0.124951     0.284659     0.472294     0.659623     0.818374     0.924568     0.962185     0.925612     0.820507     0.662936     0.476929     0.290815     0.132898            0
           0    0.0181018     0.130464      0.29663     0.491805     0.686637     0.851734     0.962164      1.00127     0.963215     0.853882     0.689976     0.496482     0.302852     0.138513            0
           0    0.0173468     0.125446     0.285314     0.473088     0.660529     0.819362     0.925602     0.963226      0.92662     0.821443     0.663764     0.477618      0.29134     0.133238            0
           0    0.0149132     0.110715       0.2525      0.41907     0.585358     0.726273     0.820536     0.853932     0.821481     0.728204     0.588359     0.423269     0.258078      0.11791            0
           0    0.0112273    0.0885892     0.203268     0.338057     0.472644     0.586707     0.663022     0.690082     0.663858     0.588415     0.475294     0.341761     0.208176    0.0948953            0
           0   0.00693575    0.0625441      0.14522     0.242477     0.339618     0.421963     0.477073     0.496643     0.477768     0.423382      0.34182      0.24555     0.149282    0.0677398            0
           0   0.00282921     0.036707    0.0873443     0.146995     0.206605     0.257151     0.290998      0.30305     0.291527     0.258231      0.20828      0.14933    0.0904258    0.0406413            0
           0 -0.000231624    0.0152656    0.0386638     0.066292    0.0939223     0.117364     0.133077     0.138704     0.133421     0.118065    0.0950103    0.0678093    0.0406695    0.0178367            0
           0            0            0            0            0            0            0            0            0            0            0            0            0            0            0            0
