           0            0            0            0            0            0            0            0            0            0            0            0            0            0            0            0
           0  -0.00462335  -0.00295732  0.000575464   0.00511939   0.00982372    0.0138983    0.0166965    0.0177949    0.0170493    0.0146149     0.010926   0.00664111   0.00256432 -0.000432364            0
           0    -0.003039    0.0110344    0.0331523    0.0596406    0.0863082     0.109024     0.124312     0.129858     0.124857     0.110132    0.0880124    0.0619919    0.0362181    0.0148969            0
           0  0.000354338    0.0329867    0.0825348     0.141258      0.20012     0.250126     0.283671     0.295684     0.284393     0.251591     0.202376     0.144373    0.0865966    0.0380983            0
           0   0.00472199    0.0592554     0.141021     0.237534     0.334101     0.416051     0.470954     0.490514     0.471829     0.417829     0.336842     0.241325     0.145979    0.0655192            0
           0   0.00924241    0.0856892     0.199623     0.333832     0.467994     0.581781     0.657964     0.685035     0.658964     0.583815     0.471133     0.338186     0.205339    0.0929553            0
           0    0.0131563     0.108199     0.249397     0.415537     0.581532     0.722273     0.816467     0.849889     0.817557     0.724493     0.584963     0.420307     0.255684     0.116239            0
           0    0.0158438     0.123343      0.28278     0.470266     0.657536     0.816286     0.922511     0.960172     0.923651      0.81861     0.661133     0.475277     0.289404     0.131853            0
           0    0.0168996     0.128833     0.294727     0.489755     0.684531      0.84963     0.960093     0.999244     0.961241     0.851971     0.688156     0.494811     0.301421      0.13745            0
           0    0.0161859     0.123871     0.283477      0.47111     0.658499     0.817335     0.923607     0.961275     0.924718     0.819601     0.662009     0.476006     0.289959     0.132213            0
           0    0.0138514     0.109272     0.250815     0.417254     0.583492     0.724409     0.818701     0.852137     0.819732     0.726512     0.586748     0.421791     0.256813     0.116973            0
           0    0.0103129    0.0873415     0.201806     0.336479     0.471019     0.585082     0.661421     0.688516     0.662333      0.58694     0.473894      0.34048     0.207084    0.0940895            0
           0   0.00620259    0.0615382     0.144037     0.241195     0.338295     0.420637     0.475765     0.495364     0.476523     0.422181     0.340683     0.244513     0.148402    0.0670948            0
           0   0.00229527    0.0359696    0.0864727     0.146047     0.205623     0.256165     0.290024     0.302097     0.290601     0.257339     0.207438     0.148566    0.0897817    0.0401726            0
           0 -0.000563236     0.014805    0.0381169    0.0656949    0.0933025      0.11674     0.132461     0.138101     0.132835     0.117503    0.0944809    0.0673308     0.040268    0.0175465            0
           0            0            0            0            0            0            0            0            0            0            0            0            0            0            0            0
