           0            0            0            0            0            0            0            0            0            0            0            0            0            0            0            0
           0   -0.0045572  -0.00286605   0.00068213    0.0052333   0.00993906    0.0140117    0.0168066    0.0179019    0.0171538    0.0147168     0.011024   0.00673168   0.00264166 -0.000376008            0
           0  -0.00292602    0.0111884    0.0333309    0.0598303    0.0864997     0.109212     0.124494     0.130036     0.125031     0.110302    0.0881766    0.0621447    0.0363498    0.0149943            0
           0  0.000519855    0.0332095    0.0827907     0.141528     0.200391     0.250391     0.283928     0.295934     0.284638     0.251833      0.20261     0.144593    0.0867883     0.038242            0
           0   0.00494181    0.0595481     0.141355     0.237883      0.33445     0.416391     0.471283     0.490834     0.472143      0.41814     0.337146     0.241612     0.146231    0.0657111            0
           0   0.00951282    0.0860463     0.200028     0.334254     0.468413     0.582188     0.658357     0.685417      0.65934     0.584188       0.4715     0.338534     0.205648    0.0931921            0
           0    0.0134678     0.108608     0.249858     0.416015     0.582006     0.722733      0.81691      0.85032     0.817981     0.724914     0.585379     0.420704     0.256038     0.116513            0
           0    0.0161817     0.123785     0.283276      0.47078     0.658045     0.816778     0.922984     0.960632     0.924105     0.819062      0.66158     0.475706     0.289788      0.13215            0
           0    0.0172459     0.129285     0.295235      0.49028      0.68505     0.850131     0.960575     0.999712     0.961703     0.852431     0.688613     0.495249     0.301814     0.137755            0
           0    0.0165212      0.12431     0.283969     0.471619     0.659001      0.81782     0.924074     0.961728     0.925165     0.820046     0.662451      0.47643     0.290339     0.132508            0
           0    0.0141576     0.109673     0.251265      0.41772     0.583953     0.724855      0.81913     0.852554     0.820143     0.726921     0.587153     0.422179     0.257161     0.117242            0
           0    0.0105751    0.0876863     0.202195     0.336882     0.471418     0.585468     0.661792     0.688877     0.662688     0.587294     0.474244     0.340814     0.207382    0.0943189            0
           0   0.00641076    0.0618135     0.144349     0.241519     0.338616     0.420948     0.476065     0.495655      0.47681     0.422466     0.340963      0.24478     0.148639    0.0672764            0
           0   0.00244495    0.0361688    0.0866991     0.146283     0.205858     0.256393     0.290243      0.30231      0.29081     0.257547     0.207642      0.14876    0.0899526    0.0403025            0
           0 -0.000471517    0.0149277    0.0382569    0.0658414    0.0934483     0.116881     0.132597     0.138233     0.132965     0.117631    0.0946067    0.0674499    0.0403727    0.0176255            0
           0            0            0            0            0            0            0            0            0            0            0            0            0            0            0            0
