          0           0           0           0           0           0           0           0           0           0           0           0           0           0           0           0
          0 -0.00408065 -0.00215791  0.00157477  0.00626093   0.0110539   0.0151706   0.0179721   0.0190415    0.018239   0.0157208   0.0119197  0.00749063  0.00323391 1.94103e-05           0
          0 -0.00217088    0.012304     0.03473    0.061434   0.0882332    0.111009    0.126298    0.131798     0.12671    0.111858   0.0895689   0.0633297   0.0372801   0.0156199           0
          0  0.00153998   0.0347044   0.0846531    0.143651    0.202676    0.252751    0.286292    0.298241    0.286837    0.253874    0.204444    0.146162   0.0880297   0.0390853           0
          0  0.00619883   0.0613748    0.143615    0.240446    0.337194    0.419215    0.474103    0.493584    0.474765     0.42058    0.339346    0.243506    0.147741    0.066747           0
          0   0.0109636   0.0881388    0.202601    0.337154    0.471505    0.585358    0.661514    0.688491    0.662272    0.586923    0.473975    0.340677    0.207368   0.0943834           0
          0   0.0150557    0.110884    0.252642    0.419139    0.585321    0.726119    0.820275    0.853591    0.821102    0.727831    0.588028    0.423009      0.2579    0.117812           0
          0   0.0178405    0.126152    0.286159    0.474002    0.661452    0.820249    0.926425    0.963974    0.927294    0.822046    0.664298    0.478078    0.291713    0.133501           0
          0   0.0189038    0.131644    0.298099    0.493473    0.688419    0.853555    0.963964       1.003     0.96484    0.855369    0.691293    0.497594    0.303723      0.1391           0
          0   0.0181065    0.126562    0.286701    0.474661    0.662206    0.821073     0.92729    0.964846    0.928139    0.822832    0.664994    0.478658    0.292155    0.133789           0
          0   0.0156039    0.111729    0.253761    0.420498    0.586879    0.727823    0.822063    0.855396    0.822853    0.729457    0.589468    0.424207    0.258812    0.118406           0
          0   0.0118262   0.0894693    0.204362    0.339297    0.473964    0.588052    0.664345     0.69135    0.665045    0.589498    0.476253    0.342571    0.208809   0.0953224           0
          0  0.00742421   0.0632633    0.146116    0.243492      0.3407    0.423064    0.478157    0.497682     0.47874    0.424268    0.342603    0.246209    0.149797   0.0680861           0
          0  0.00319368   0.0372449   0.0880151    0.147757    0.207417    0.257979    0.291813    0.303831    0.292257    0.258896    0.208866    0.149823   0.0908098   0.0408985           0
          0  3.5101e-07   0.0156083   0.0390919   0.0667788   0.0944421    0.117894      0.1336    0.139205    0.133889    0.118491   0.0953855   0.0681243   0.0409141   0.0180002           0
          0           0           0           0           0           0           0           0           0           0           0           0           0           0           0           0
