           0            0            0            0            0            0            0            0            0            0            0            0            0            0            0            0
           0  -0.00476091  -0.00314656  0.000355142   0.00488512   0.00958765    0.0136673    0.0164728    0.0175779    0.0168374    0.0144074    0.0107256   0.00645505   0.00240472 -0.000549109            0
           0  -0.00327524    0.0107124    0.0327791     0.059244    0.0859079     0.108631      0.12393     0.129487     0.124494     0.109776    0.0876683    0.0616716    0.0359419    0.0146928            0
           0  6.55316e-06    0.0325177    0.0819946     0.140686     0.199543     0.249559      0.28312     0.295148     0.283866     0.251075     0.201875     0.143904    0.0861897     0.037794            0
           0   0.00425835    0.0586358     0.140312     0.236785     0.333348     0.415312     0.470236     0.489814      0.47114     0.417152     0.336183     0.240706     0.145437    0.0651102            0
           0   0.00867048      0.08493     0.198758     0.332923     0.467081     0.580887     0.657095     0.684187     0.658129     0.582992      0.47033     0.337427     0.204672    0.0924479            0
           0    0.0124963     0.107327     0.248407     0.414499     0.580492     0.721256     0.815478     0.848924     0.816606     0.723553     0.584044     0.419437     0.254916     0.115652            0
           0    0.0151268     0.122398      0.28171     0.469146     0.656415     0.815191     0.921447     0.959133     0.922627     0.817597     0.660141     0.474336     0.288571     0.131213            0
           0    0.0161644     0.127866     0.293632      0.48861     0.683387     0.848512     0.959007     0.998184     0.960196     0.850936     0.687142     0.493847     0.300567     0.136794            0
           0    0.0154738     0.122934     0.282417     0.470002     0.657391     0.816252     0.922556     0.960249     0.923707     0.818599     0.661027     0.475073     0.289132     0.131578            0
           0    0.0132015     0.108415     0.249844     0.416238     0.582477     0.723418     0.817739     0.851198     0.818807     0.725596      0.58585     0.420939     0.256059     0.116395            0
           0   0.00975689    0.0866063     0.200972     0.335605     0.470145     0.584228     0.660592     0.687707     0.661537     0.586153     0.473123     0.339749     0.206438    0.0935962            0
           0   0.00576182    0.0609527     0.143371     0.240496     0.337596     0.419954     0.475102     0.494718     0.475888     0.421553     0.340069     0.243932      0.14789    0.0667057            0
           0     0.001979    0.0355473    0.0859906     0.145541     0.205117     0.255671     0.289546     0.301632     0.290143     0.256887     0.206996     0.148149    0.0894152    0.0398955            0
           0 -0.000756574    0.0145457    0.0378205    0.0653841    0.0929923     0.116438     0.132169     0.137818     0.132557     0.117228     0.094212    0.0670769    0.0400454    0.0173789            0
           0            0            0            0            0            0            0            0            0            0            0            0            0            0            0            0
