           0            0            0            0            0            0            0            0            0            0            0            0            0            0            0            0
           0  -0.00449824  -0.00278322   0.00078096   0.00534133    0.0100511    0.0141242    0.0169176    0.0180105    0.0172594    0.0148185    0.0111198   0.00681818   0.00271381 -0.000324564            0
           0  -0.00282693    0.0113258    0.0334934    0.0600066    0.0866815     0.109394     0.124674     0.130211     0.125202     0.110467     0.088333    0.0622871      0.03647    0.0150812            0
           0   0.00066283    0.0334052    0.0830195     0.141774     0.200643     0.250642     0.284175     0.296175     0.284873     0.252061     0.202828     0.144793    0.0869594    0.0383678            0
           0   0.00512927    0.0598017     0.141648     0.238197     0.334769     0.416707     0.471592     0.491136     0.472438     0.418428     0.337423     0.241869     0.146453    0.0658763            0
           0   0.00974114    0.0863524      0.20038     0.334627      0.46879      0.58256      0.65872     0.685771     0.659687     0.584528     0.471828     0.338842     0.205915    0.0933934            0
           0    0.0137289     0.108956     0.250256     0.416435     0.582428     0.723147     0.817313     0.850713     0.818367     0.725294     0.585748     0.421051     0.256342     0.116743            0
           0    0.0164636     0.124159     0.283703     0.471228     0.658494     0.817218     0.923412     0.961049     0.924514     0.819465     0.661974     0.476077     0.290114     0.132398            0
           0     0.017534     0.129667     0.295669     0.490735     0.685506     0.850577     0.961008      1.00013     0.962118      0.85284     0.689012     0.495626     0.302147     0.138009            0
           0    0.0168001     0.124679     0.284389      0.47206     0.659443     0.818251     0.924493     0.962136     0.925567     0.820442     0.662837     0.476795     0.290661     0.132753            0
           0    0.0144126     0.110012     0.251651     0.418126      0.58436     0.725252     0.819516      0.85293     0.820513     0.727285     0.587508     0.422515     0.257456     0.117466            0
           0    0.0107941    0.0879782     0.202528     0.337233     0.471771     0.585814     0.662129     0.689205      0.66301     0.587611     0.474552     0.341105     0.207636    0.0945116            0
           0   0.00658548    0.0620477     0.144618     0.241803     0.338903      0.42123     0.476339     0.495923     0.477072     0.422723     0.341213     0.245014     0.148843    0.0674298            0
           0   0.00257136    0.0363396    0.0868962     0.146493      0.20607     0.256601     0.290447     0.302509     0.291004     0.257737     0.207826     0.148931     0.090101    0.0404132            0
           0 -0.000393548    0.0150337    0.0383799    0.0659726    0.0935814     0.117013     0.132725     0.138358     0.133087      0.11775    0.0947216    0.0675565    0.0404645    0.0176936            0
           0            0            0            0            0            0            0            0            0            0            0            0            0            0            0            0
