          0           0           0           0           0           0           0           0           0           0           0           0           0           0           0           0
          0 -0.00450581   -0.002794 0.000767908  0.00532684   0.0100358   0.0141086   0.0169022   0.0179953   0.0172447   0.0148044   0.0111067  0.00680654  0.00270425 -0.00033128           0
          0 -0.00283951   0.0113081   0.0334721   0.0599832    0.086657    0.109369    0.124649    0.130187    0.125178    0.110445   0.0883119   0.0622682   0.0364542     0.01507           0
          0 0.000644872   0.0333802   0.0829899    0.141742    0.200609    0.250608    0.284141    0.296142    0.284841     0.25203    0.202799    0.144767   0.0869373   0.0383518           0
          0  0.00510595   0.0597697    0.141611    0.238156    0.334727    0.416664     0.47155    0.491095    0.472398    0.418389    0.337386    0.241836    0.146425   0.0658555           0
          0  0.00971296   0.0863141    0.200335    0.334579    0.468741    0.582511    0.658672    0.685724     0.65964    0.584483    0.471785    0.338802    0.205881   0.0933684           0
          0   0.0136968    0.108912    0.250205    0.416381    0.582374    0.723092     0.81726     0.85066    0.818316    0.725244      0.5857    0.421007    0.256304    0.116714           0
          0   0.0164292    0.124113    0.283649    0.471171    0.658436     0.81716    0.923355    0.960994     0.92446    0.819413    0.661923     0.47603    0.290073    0.132368           0
          0   0.0174989     0.12962    0.295614    0.490677    0.685447    0.850519    0.960951     1.00008    0.962063    0.852787    0.688961    0.495578    0.302105    0.137977           0
          0   0.0167661    0.124633    0.284336    0.472004    0.659386    0.818195    0.924437    0.962082    0.925514     0.82039    0.662788    0.476749    0.290621    0.132723           0
          0   0.0143815     0.10997    0.251603    0.418074    0.584307      0.7252    0.819465     0.85288    0.820464    0.727237    0.587462    0.422472    0.257419    0.117439           0
          0   0.0107673    0.087942    0.202487    0.337189    0.471726    0.585769    0.662084    0.689161    0.662968     0.58757    0.474512    0.341068    0.207604   0.0944878           0
          0  0.00656403   0.0620186    0.144584    0.241767    0.338866    0.421193    0.476303    0.495887    0.477037    0.422689     0.34118    0.244984    0.148817   0.0674108           0
          0  0.00255577   0.0363182   0.0868712    0.146466    0.206042    0.256574     0.29042    0.302482    0.290978    0.257712    0.207802    0.148909   0.0900822   0.0403994           0
          0 -0.00040321   0.0150204   0.0383643   0.0659556   0.0935639    0.116995    0.132708    0.138341    0.133071    0.117735   0.0947065   0.0675427   0.0404528    0.017685           0
          0           0           0           0           0           0           0           0           0           0           0           0           0           0           0           0
