           0            0            0            0            0            0            0            0            0            0            0            0            0            0            0            0
           0  -0.00429611  -0.00248351   0.00115911    0.0057781    0.0105273    0.0146225    0.0174222    0.0185074    0.0177357    0.0152618    0.0115174   0.00715668   0.00297921 -0.000146457            0
           0   -0.0025037    0.0118019    0.0340906    0.0606933    0.0874275     0.110173     0.125461     0.130985     0.125945      0.11116    0.0889565    0.0628205    0.0368908    0.0153658            0
           0   0.00110475    0.0340503    0.0838233     0.142693     0.201637     0.251675     0.285218     0.297201     0.285858     0.252981      0.20366     0.145509    0.0875284    0.0387565            0
           0   0.00568077    0.0605999     0.142636      0.23932     0.335978     0.417959     0.472853     0.492376     0.473629     0.419544     0.338436     0.242746     0.147155    0.0663608            0
           0    0.0103854     0.087278     0.201518     0.335914      0.47017     0.583986     0.660153     0.687178      0.66104     0.585799     0.472986     0.339848     0.206727    0.0939585            0
           0    0.0144417     0.109974     0.251501     0.417838     0.583927     0.724691     0.818862     0.852233     0.819829      0.72667     0.587005      0.42215     0.257233     0.117367            0
           0     0.017215     0.125228     0.285005     0.472691     0.660052     0.818819     0.925016     0.962622     0.926029     0.820892     0.663281     0.477223     0.291047     0.133055            0
           0    0.0182901      0.13074     0.296974     0.492197      0.68706     0.852173     0.962605       1.0017     0.963625     0.854262     0.690316     0.496772     0.303082     0.138669            0
           0    0.0175265     0.125709     0.285641     0.473461     0.660932     0.819779      0.92602     0.963634     0.927009     0.821802     0.664086     0.477893     0.291557     0.133387            0
           0    0.0150771     0.110955     0.252798     0.419411     0.585726     0.726654     0.820918     0.854304     0.821835     0.728532     0.588652     0.423519     0.258276     0.118045            0
           0    0.0113695    0.0887971     0.203527     0.338353     0.472964     0.587039     0.663354     0.690405     0.664166     0.588699     0.475549     0.341979     0.208348    0.0950121            0
           0   0.00705134    0.0627136     0.145432      0.24272      0.33988     0.422234     0.477345     0.496909      0.47802     0.423616     0.342028     0.245727     0.149421    0.0678345            0
           0   0.00291509    0.0368334    0.0875026     0.147177     0.206802     0.257355     0.291202     0.303249     0.291716     0.258406     0.208435     0.149462    0.0905297    0.0407115            0
           0  -0.00017716    0.0153459    0.0387646    0.0664079    0.0940478     0.117494     0.133208     0.138831     0.133542     0.118177    0.0951098    0.0678936    0.0407355    0.0178811            0
           0            0            0            0            0            0            0            0            0            0            0            0            0            0            0            0
