           0            0            0            0            0            0            0            0            0            0            0            0            0            0            0            0
           0  -0.00451302  -0.00280422  0.000755593   0.00531323    0.0100215    0.0140942    0.0168878    0.0179812     0.017231    0.0147913    0.0110945   0.00679561   0.00269523 -0.000337641            0
           0  -0.00285154    0.0112913     0.033452    0.0599612     0.086634     0.109346     0.124626     0.130164     0.125156     0.110424    0.0882921    0.0622504    0.0364394    0.0150594            0
           0  0.000627652    0.0333564    0.0829618     0.141711     0.200578     0.250576      0.28411     0.296112     0.284811     0.252001     0.202772     0.144742    0.0869163    0.0383365            0
           0   0.00508352     0.059739     0.141575     0.238117     0.334687     0.416625     0.471511     0.491057     0.472361     0.418353     0.337352     0.241804     0.146398    0.0658356            0
           0   0.00968578    0.0862773     0.200292     0.334533     0.468694     0.582464     0.658626     0.685679     0.659597     0.584441     0.471745     0.338764     0.205849    0.0933443            0
           0    0.0136659     0.108871     0.250157      0.41633     0.582322     0.723041     0.817209     0.850611     0.818267     0.725197     0.585655     0.420965     0.256267     0.116687            0
           0    0.0163958     0.124068     0.283598     0.471117     0.658381     0.817106     0.923302     0.960942     0.924409     0.819363     0.661875     0.475985     0.290034     0.132338            0
           0    0.0174649     0.129574     0.295562     0.490622     0.685391     0.850464     0.960897      1.00003     0.962011     0.852736     0.688912     0.495533     0.302065     0.137947            0
           0    0.0167332     0.124589     0.284286      0.47195     0.659332     0.818142     0.924385     0.962032     0.925464     0.820342      0.66274     0.476705     0.290582     0.132694            0
           0    0.0143513     0.109929     0.251556     0.418025     0.584257     0.725151     0.819417     0.852833     0.820418     0.727192     0.587419     0.422431     0.257383     0.117412            0
           0    0.0107414    0.0879071     0.202446     0.337146     0.471682     0.585726     0.662043      0.68912     0.662928      0.58753     0.474474     0.341032     0.207574    0.0944649            0
           0    0.0065433    0.0619906     0.144551     0.241732     0.338831     0.421158     0.476268     0.495853     0.477004     0.422657      0.34115     0.244955     0.148793    0.0673925            0
           0   0.00254073    0.0362977    0.0868473      0.14644     0.206016     0.256548     0.290394     0.302457     0.290954     0.257688     0.207779     0.148888    0.0900643    0.0403861            0
           0 -0.000412519    0.0150077    0.0383493    0.0659395    0.0935474     0.116979     0.132692     0.138325     0.133055      0.11772    0.0946922    0.0675296    0.0404416    0.0176768            0
           0            0            0            0            0            0            0            0            0            0            0            0            0            0            0            0
