           0            0            0            0            0            0            0            0            0            0            0            0            0            0            0            0
           0  -0.00466592  -0.00301586   0.00050733   0.00504696   0.00975075    0.0138269    0.0166274    0.0177278    0.0169838    0.0145508    0.0108641    0.0065836   0.00251498 -0.000468464            0
           0    -0.003112     0.010935    0.0330374    0.0595188    0.0861855     0.108904     0.124195     0.129745     0.124747     0.110023    0.0879071    0.0618937    0.0361332    0.0148341            0
           0  0.000246977    0.0328423     0.082369     0.141083     0.199944     0.249954     0.283505     0.295522     0.284234     0.251435     0.202224      0.14423    0.0864721    0.0380049            0
           0   0.00457897    0.0590649     0.140804     0.237306     0.333873     0.415828     0.470738     0.490304     0.471622     0.417626     0.336643     0.241137     0.145813    0.0653939            0
           0   0.00906608    0.0854561     0.199359     0.333556     0.467718     0.581513     0.657705     0.684782     0.658715     0.583569     0.470892     0.337956     0.205135       0.0928            0
           0    0.0129529     0.107931     0.249095     0.415222     0.581219     0.721969     0.816173     0.849602     0.817274     0.724212     0.584687     0.420044      0.25545      0.11606            0
           0    0.0156229     0.123053     0.282453     0.469927     0.657199     0.815959     0.922195     0.959864     0.923347     0.818309     0.660836     0.474993     0.289151     0.131657            0
           0    0.0166731     0.128536     0.294393     0.489408     0.684187     0.849297     0.959771      0.99893     0.960931     0.851663     0.687853      0.49452     0.301162      0.13725            0
           0    0.0159665     0.123584     0.283154     0.470775     0.658166     0.817012     0.923295     0.960971     0.924419     0.819303     0.661715     0.475725     0.289708     0.132019            0
           0    0.0136511     0.109009     0.250519     0.416946     0.583187     0.724113     0.818415     0.851859     0.819458     0.726239     0.586479     0.421534     0.256584     0.116796            0
           0    0.0101415    0.0871158     0.201552     0.336214     0.470756     0.584826     0.661174     0.688275     0.662096     0.586705     0.473663     0.340259     0.206887    0.0939386            0
           0    0.0060667    0.0613584     0.143834     0.240982     0.338084     0.420431     0.475567     0.495171     0.476333     0.421993     0.340498     0.244337     0.148246    0.0669757            0
           0   0.00219772    0.0358398    0.0863251     0.145893      0.20547     0.256016      0.28988     0.301957     0.290463     0.257203     0.207304     0.148439    0.0896698    0.0400876            0
           0 -0.000622908    0.0147251    0.0380259    0.0655998    0.0932079     0.116648     0.132372     0.138015     0.132751     0.117419    0.0943991    0.0672532    0.0401998     0.017495            0
           0            0            0            0            0            0            0            0            0            0            0            0            0            0            0            0
