          0           0           0           0           0           0           0           0           0           0           0           0           0           0           0           0
          0 -0.00226124 0.000512574  0.00486946  0.00999312   0.0150764   0.0193609   0.0222181   0.0232327   0.0222634   0.0194648   0.0152691   0.0103286  0.00543872  0.00146452           0
          0 0.000510067   0.0161638   0.0393737    0.066556   0.0936162    0.116498    0.131773    0.137153    0.131841    0.116655   0.0939074   0.0670634   0.0402326   0.0175867           0
          0   0.0048629   0.0393691   0.0900839    0.149425    0.208523    0.258517    0.291894    0.303635    0.291984    0.258724    0.208909      0.1501   0.0912292   0.0412707           0
          0  0.00998161   0.0665456    0.149419    0.246353    0.342899    0.424583     0.47912    0.498294     0.47923    0.424838    0.343374    0.247188    0.150846   0.0689378           0
          0   0.0150599   0.0935998     0.20851    0.342892    0.476742    0.589996    0.665609    0.692187    0.665737    0.590291    0.477297    0.343872    0.210198   0.0964589           0
          0   0.0193401    0.116477    0.258499    0.424571     0.58999    0.729958    0.823409    0.856252     0.82355    0.730286    0.590607    0.425667    0.260399    0.119724           0
          0   0.0221943    0.131748    0.291872    0.479104      0.6656    0.823405    0.928764     0.96579    0.928914    0.823753    0.666257    0.480274    0.293911    0.135252           0
          0   0.0232079    0.137126    0.303612    0.498276    0.692176    0.856246    0.965788     1.00428    0.965941      0.8566    0.692845    0.499471    0.305696    0.140716           0
          0   0.0222395    0.131816    0.291962    0.479214    0.665727    0.823546    0.928914    0.965942    0.929062    0.823891    0.666379    0.480377    0.293991    0.135305           0
          0   0.0194439    0.116633    0.258706    0.424825    0.590285    0.730285    0.823756    0.856605    0.823894    0.730607    0.590891    0.425905    0.260582    0.119847           0
          0   0.0152523   0.0938907    0.208896    0.343367    0.477296    0.590612    0.666265    0.692856    0.666388    0.590896    0.477832    0.344318    0.210541   0.0966886           0
          0   0.0103168   0.0670525    0.150093    0.247187    0.343877    0.425678    0.480289    0.499487    0.480391    0.425915    0.344323    0.247975     0.15145   0.0693419           0
          0  0.00543167   0.0402271   0.0912278     0.15085    0.210208    0.260414     0.29393    0.305716    0.294009    0.260598    0.210551    0.151455   0.0922628   0.0419628           0
          0  0.00146134   0.0175853    0.041273   0.0689449   0.0964709    0.119741    0.135271    0.140736    0.135324    0.119863   0.0967009   0.0693495    0.041966   0.0187497           0
          0           0           0           0           0           0           0           0           0           0           0           0           0           0           0           0
