           0            0            0            0            0            0            0            0            0            0            0            0            0            0            0            0
           0  -0.00479773  -0.00319728  0.000296026   0.00482219   0.00952415    0.0136051    0.0164126    0.0175194    0.0167802    0.0143515    0.0106717   0.00640501   0.00236185 -0.000580424            0
           0   -0.0033386    0.0106257    0.0326782    0.0591363    0.0857986     0.108524     0.123825     0.129384     0.124394     0.109678     0.087574    0.0615843     0.035867    0.0146377            0
           0  -8.6865e-05     0.032391    0.0818477     0.140529     0.199384     0.249402     0.282966     0.294997     0.283719      0.25093     0.201736     0.143775    0.0860785    0.0377114            0
           0   0.00413369     0.058468     0.140118     0.236579     0.333139     0.415105     0.470032     0.489615     0.470945     0.416961     0.335999     0.240534     0.145288    0.0649988            0
           0    0.0085166    0.0847242     0.198522     0.332671     0.466826     0.580634     0.656847     0.683944     0.657891     0.582758     0.470103     0.337216     0.204488    0.0923095            0
           0    0.0123186      0.10709     0.248135      0.41421       0.5802     0.720966     0.815194     0.848645     0.816332     0.723285     0.583784     0.419194     0.254703     0.115491            0
           0    0.0149338     0.122142     0.281416     0.468835       0.6561     0.814878      0.92114     0.958833     0.922332     0.817307     0.659859     0.474072      0.28834     0.131039            0
           0    0.0159664     0.127603     0.293332     0.488292     0.683064     0.848193     0.958694     0.997877     0.959894     0.850639     0.686854     0.493577     0.300331     0.136615            0
           0    0.0152821     0.122679     0.282125     0.469693     0.657079     0.815943     0.922253     0.959952     0.923415     0.818312     0.660748     0.474812     0.288903     0.131405            0
           0    0.0130265     0.108183     0.249578     0.415956     0.582192     0.723135     0.817462     0.850927      0.81854     0.725333     0.585596       0.4207      0.25585     0.116237            0
           0   0.00960725    0.0864068     0.200743     0.335362       0.4699     0.583986     0.660355     0.687475     0.661308     0.585928     0.472905     0.339545      0.20626    0.0934615            0
           0   0.00564324    0.0607941     0.143189     0.240303       0.3374     0.419761     0.474914     0.494534     0.475706     0.421375     0.339896      0.24377     0.147749    0.0665996            0
           0   0.00189396     0.035433    0.0858592     0.145402     0.204977     0.255533     0.289411       0.3015     0.290013      0.25676     0.206873     0.148033    0.0893147    0.0398201            0
           0 -0.000808502    0.0144757    0.0377401    0.0652991     0.092907     0.116355     0.132088     0.137739      0.13248     0.117152    0.0941378    0.0670072    0.0399847    0.0173335            0
           0            0            0            0            0            0            0            0            0            0            0            0            0            0            0            0
