           0            0            0            0            0            0            0            0            0            0            0            0            0            0            0            0
           0  -0.00456297  -0.00287405  0.000672718   0.00522319   0.00992875    0.0140015    0.0167966    0.0178922    0.0171443    0.0147076    0.0110152   0.00672361   0.00263482 -0.000380961            0
           0  -0.00293584    0.0111749    0.0333152    0.0598136    0.0864827     0.109195     0.124478      0.13002     0.125015     0.110287     0.088162    0.0621312    0.0363383    0.0149858            0
           0  0.000505539    0.0331902    0.0827684     0.141504     0.200367     0.250367     0.283906     0.295912     0.284616     0.251811     0.202589     0.144573    0.0867716    0.0382296            0
           0   0.00492286    0.0595228     0.141326     0.237853      0.33442     0.416361     0.471254     0.490806     0.472116     0.418113     0.337119     0.241587     0.146209    0.0656946            0
           0   0.00948958    0.0860156     0.199993     0.334217     0.468377     0.582153     0.658323     0.685384     0.659307     0.584156     0.471468     0.338504     0.205621    0.0931717            0
           0    0.0134411     0.108573     0.249818     0.415974     0.581965     0.722693     0.816871     0.850282     0.817944     0.724878     0.585343      0.42067     0.256008     0.116489            0
           0    0.0161528     0.123747     0.283234     0.470736     0.658001     0.816735     0.922943     0.960592     0.924066     0.819023     0.661542     0.475669     0.289755     0.132124            0
           0    0.0172163     0.129247     0.295191     0.490235     0.685005     0.850088     0.960533     0.999672     0.961663     0.852391     0.688573     0.495211      0.30178     0.137729            0
           0    0.0164925     0.124272     0.283927     0.471575     0.658958     0.817778     0.924033     0.961689     0.925127     0.820008     0.662413     0.476394     0.290306     0.132483            0
           0    0.0141314     0.109639     0.251227      0.41768     0.583914     0.724816     0.819093     0.852518     0.820108     0.726885     0.587118     0.422146     0.257131     0.117219            0
           0    0.0105526    0.0876566     0.202161     0.336847     0.471384     0.585435      0.66176     0.688845     0.662658     0.587264     0.474214     0.340786     0.207356    0.0942993            0
           0    0.0063929    0.0617898     0.144322     0.241491     0.338589     0.420921     0.476038      0.49563     0.476785     0.422441     0.340939     0.244757     0.148619    0.0672608            0
           0   0.00243209    0.0361517    0.0866795     0.146263     0.205838     0.256373     0.290224     0.302292     0.290792     0.257529     0.207624     0.148743    0.0899379    0.0402913            0
           0 -0.000479417    0.0149171    0.0382448    0.0658287    0.0934356     0.116869     0.132585     0.138221     0.132954      0.11762    0.0945957    0.0674395    0.0403636    0.0176187            0
           0            0            0            0            0            0            0            0            0            0            0            0            0            0            0            0
