           0            0            0            0            0            0            0            0            0            0            0            0            0            0            0            0
           0  -0.00459638  -0.00292019  0.000618741   0.00516546   0.00987022    0.0139439    0.0167406    0.0178377    0.0170912    0.0146558    0.0109655    0.0066777   0.00259567 -0.000409456            0
           0  -0.00299282    0.0110972     0.033225    0.0597177    0.0863858       0.1091     0.124386      0.12993     0.124928     0.110201    0.0880789     0.062054    0.0362718    0.0149367            0
           0  0.000422135    0.0330778    0.0826393     0.141368      0.20023     0.250233     0.283776     0.295786     0.284492      0.25169     0.202471     0.144462     0.086675    0.0381571            0
           0   0.00481219    0.0593754     0.141158     0.237677     0.334244      0.41619     0.471088     0.490645     0.471957     0.417956     0.336966     0.241443     0.146082     0.065598            0
           0   0.00935352    0.0858358     0.199789     0.334005     0.468166     0.581948     0.658125     0.685192     0.659118     0.583968     0.471284     0.338329     0.205466    0.0930527            0
           0    0.0132844     0.108367     0.249586     0.415733     0.581727     0.722462     0.816649     0.850066     0.817731     0.724666     0.585134      0.42047      0.25583     0.116352            0
           0    0.0159829     0.123525     0.282984     0.470478     0.657745     0.816488     0.922706     0.960361     0.923838     0.818796     0.661317     0.475454     0.289562     0.131975            0
           0    0.0170422     0.129019     0.294936     0.489971     0.684744     0.849836     0.960292     0.999437     0.961431      0.85216     0.688344     0.494991     0.301583     0.137576            0
           0    0.0163239     0.124052     0.283679      0.47132     0.658706     0.817534     0.923799     0.961462     0.924903     0.819784     0.662191     0.476181     0.290115     0.132335            0
           0    0.0139774     0.109437        0.251     0.417446     0.583682     0.724592     0.818878     0.852309     0.819902      0.72668     0.586915     0.421951     0.256956     0.117084            0
           0    0.0104207    0.0874833     0.201966     0.336644     0.471183     0.585241     0.661574     0.688664     0.662479     0.587086     0.474038     0.340618     0.207207     0.094184            0
           0   0.00628818    0.0616513     0.144165     0.241328     0.338427     0.420764     0.475888     0.495483      0.47664     0.422298     0.340798     0.244623     0.148499    0.0671695            0
           0   0.00235676    0.0360514    0.0865655     0.146144      0.20572     0.256258     0.290114     0.302184     0.290686     0.257424     0.207522     0.148645    0.0898518     0.040226            0
           0 -0.000525595    0.0148553    0.0381742    0.0657548     0.093362     0.116798     0.132516     0.138155     0.132888     0.117555    0.0945322    0.0673795    0.0403108    0.0175789            0
           0            0            0            0            0            0            0            0            0            0            0            0            0            0            0            0
