           0            0            0            0            0            0            0            0            0            0            0            0            0            0            0            0
           0  -0.00463404  -0.00297202   0.00055835   0.00510119   0.00980538    0.0138803    0.0166791     0.017778    0.0170329    0.0145987    0.0109104   0.00662666   0.00255193 -0.000441429            0
           0  -0.00305731    0.0110094    0.0331235    0.0596101    0.0862775     0.108994     0.124283      0.12983      0.12483     0.110105     0.087986    0.0619673    0.0361968    0.0148812            0
           0  0.000327417    0.0329505    0.0824933     0.141214     0.200076     0.250083      0.28363     0.295644     0.284353     0.251552     0.202338     0.144337    0.0865655    0.0380749            0
           0   0.00468614    0.0592077     0.140967     0.237477     0.334044     0.415995       0.4709     0.490462     0.471777     0.417779     0.336793     0.241278     0.145937    0.0654879            0
           0   0.00919823    0.0856308     0.199557     0.333763     0.467925     0.581715       0.6579     0.684972     0.658902     0.583754     0.471073     0.338128     0.205288    0.0929165            0
           0    0.0131054     0.108132     0.249322     0.415458     0.581454     0.722198     0.816394     0.849818     0.817487     0.724423     0.584894     0.420241     0.255626     0.116194            0
           0    0.0157885     0.123271     0.282698     0.470181     0.657452     0.816205     0.922432     0.960096     0.923576     0.818535     0.661059     0.475207     0.289341     0.131804            0
           0    0.0168429     0.128759     0.294644     0.489668     0.684445     0.849547     0.960013     0.999166     0.961164     0.851894     0.688081     0.494738     0.301357       0.1374            0
           0    0.0161309     0.123799     0.283396     0.471027     0.658416     0.817255      0.92353       0.9612     0.924644     0.819527     0.661936     0.475936     0.289896     0.132165            0
           0    0.0138012     0.109206     0.250741     0.417177     0.583416     0.724336      0.81863     0.852068     0.819664     0.726444     0.586681     0.421727     0.256756     0.116929            0
           0    0.0102699     0.087285     0.201743     0.336413     0.470953     0.585019      0.66136     0.688456     0.662274     0.586882     0.473837     0.340425     0.207035    0.0940518            0
           0   0.00616854    0.0614932     0.143986     0.241142     0.338242     0.420586     0.475715     0.495316     0.476476     0.422134     0.340637     0.244469     0.148363     0.067065            0
           0   0.00227083    0.0359371    0.0864358     0.146008     0.205585     0.256128     0.289988     0.302063     0.290566     0.257305     0.207405     0.148534    0.0897537    0.0401513            0
           0 -0.000578195     0.014785    0.0380941    0.0656711    0.0932789     0.116717     0.132439     0.138079     0.132814     0.117482    0.0944604    0.0673114    0.0402509    0.0175336            0
           0            0            0            0            0            0            0            0            0            0            0            0            0            0            0            0
