           0            0            0            0            0            0            0            0            0            0            0            0            0            0            0            0
           0  -0.00204721  -0.00111247   0.00226187   0.00715732    0.0124823    0.0171688    0.0203407    0.0214328    0.0202537    0.0170074    0.0122809   0.00699262   0.00230132 -0.000499198            0
           0  -0.00190747   0.00688301    0.0240965    0.0462396    0.0692183    0.0890135     0.102302     0.106917     0.102115    0.0886566    0.0687385    0.0457428    0.0238057   0.00724945            0
           0 -0.000136304    0.0218014    0.0608621     0.109673      0.15965     0.202394     0.230982     0.240926     0.230678     0.201795     0.158786     0.108621    0.0597899    0.0210373            0
           0   0.00260654    0.0406277     0.105894     0.186402     0.268243     0.337881      0.38429     0.400419     0.383859     0.337008     0.266917     0.184627     0.103711    0.0381406            0
           0   0.00562129    0.0599459     0.151525      0.26365     0.377009     0.472975      0.53665     0.558734       0.5361     0.471835     0.375213     0.261109     0.148131    0.0555502            0
           0   0.00826007    0.0764519     0.190294        0.329     0.468593      0.58617     0.663812     0.690668     0.663167     0.584812       0.4664     0.325794     0.185833    0.0703721            0
           0    0.0100109    0.0874352     0.216068      0.37234     0.529103     0.660624     0.747143     0.777002      0.74644      0.65913     0.526654     0.368697     0.210896    0.0802331            0
           0    0.0105526    0.0911381     0.224868     0.387191     0.549839     0.686098     0.775606     0.806471     0.774887     0.684566     0.547315     0.383417     0.219481    0.0835916            0
           0   0.00978011    0.0869581     0.215326     0.371331     0.527855     0.659191     0.745599     0.775425     0.744908     0.657722     0.525448     0.367756     0.210258    0.0799136            0
           0   0.00781394    0.0755158     0.188813     0.326948     0.466011     0.583167     0.660547     0.687321     0.659924     0.581857     0.463897     0.323866     0.184542    0.0697312            0
           0   0.00500359    0.0586067     0.149326     0.260503     0.372943     0.468151     0.531336     0.553259     0.530816     0.467076     0.371251     0.258121     0.146175    0.0545965            0
           0   0.00192112    0.0390239     0.103062     0.182124       0.2625     0.330888     0.376468     0.392319     0.376076     0.330093      0.26129     0.180513     0.101118    0.0369226            0
           0 -0.000656418    0.0202419    0.0576173     0.104278     0.151997     0.192773     0.220035     0.229526     0.219778     0.192263     0.151254     0.103367    0.0567051     0.019712            0
           0  -0.00174301   0.00601376    0.0209021    0.0398381    0.0593581    0.0761095    0.0873351    0.0912414    0.0872099    0.0758654    0.0590165     0.039459    0.0206386   0.00625116            0
           0            0            0            0            0            0            0            0            0            0            0            0            0            0            0            0
