         0          0          0          0          0          0          0          0          0          0          0          0          0          0          0          0
         0 0.00340836  0.0068957  0.0102061  0.0131578  0.0155919  0.0173651  0.0183591  0.0184936  0.0177371  0.0161121  0.0136966  0.0106231 0.00708547 0.00337452          0
         0 0.00818393  0.0179104  0.0284486  0.0389171  0.0483348   0.055735  0.0602992  0.0614763   0.059064  0.0532401  0.0445411  0.0337941  0.0220219  0.0103548          0
         0  0.0140941  0.0321718  0.0528862  0.0742912  0.0940977   0.110011   0.120078   0.122985   0.118254   0.106313  0.0884362  0.0665542  0.0429786   0.020081          0
         0  0.0205398  0.0480289  0.0804363   0.114561   0.146546   0.172498   0.189097   0.194112   0.186733   0.167688   0.139128   0.104305  0.0670603  0.0312231          0
         0  0.0267288  0.0634054   0.107334   0.154059   0.198149   0.234099   0.257221   0.264369   0.254399   0.228334     0.1892   0.141563  0.0907985  0.0421885          0
         0  0.0318355  0.0761736   0.129761   0.187083   0.241365    0.28574   0.314363   0.323322   0.311196   0.279249   0.231237   0.172834   0.110708  0.0513753          0
         0  0.0351473  0.0845101   0.144467   0.208794   0.269823   0.319776   0.352044   0.362211   0.348673   0.312851   0.258979   0.193462    0.12383   0.057422          0
         0  0.0361824   0.087187   0.149269   0.215958   0.279277   0.331132   0.364651   0.375239   0.361233   0.324106   0.268256   0.200339   0.128185  0.0594165          0
         0  0.0347662   0.083763   0.143385   0.207421    0.26822   0.318011   0.350196   0.360358   0.346897   0.311231   0.257588   0.192361   0.123068  0.0570333          0
         0  0.0310581  0.0746489    0.12755   0.184277   0.238084   0.282125   0.310573   0.319522   0.307555   0.275929   0.228388   0.170582   0.109152  0.0505815          0
         0   0.025525   0.061042   0.103902   0.149697    0.19304   0.228463   0.251305   0.258435   0.248714   0.223154   0.184759    0.13806  0.0883826  0.0409576          0
         0  0.0188654  0.0447358  0.0756445   0.108458   0.139384   0.164582   0.180776   0.185761   0.178733   0.160404   0.132894  0.0993977  0.0636865  0.0295093          0
         0   0.011893   0.027829  0.0465469  0.0661941  0.0845709  0.0994605   0.108971   0.111828   0.107563  0.0965886  0.0801286  0.0600367  0.0385201  0.0178306          0
         0 0.00539714  0.0123727  0.0203229  0.0284975  0.0360369  0.0420816  0.0458987   0.046993  0.0451817  0.0406217  0.0337863  0.0253971  0.0163292 0.00752537          0
         0          0          0          0          0          0          0          0          0          0          0          0          0          0          0          0
