           0            0            0            0            0            0            0            0            0            0            0            0            0            0            0            0
           0   -0.0026611  -0.00352756   -0.0027823 -0.000899187   0.00150858   0.00381386   0.00548317   0.00616181   0.00572882   0.00431626   0.00229112  0.000202249  -0.00130016  -0.00155974            0
           0  -0.00481604  -0.00396641   0.00158931     0.010205    0.0198839    0.0286193    0.0347122    0.0370331    0.0351924    0.0296007    0.0214102     0.012346    0.0044486 -0.000238334            0
           0  -0.00667122  -0.00213522    0.0113898     0.030519    0.0512603    0.0696372    0.0822943    0.0870019    0.0829879     0.071054    0.0534605    0.0335962    0.0154757   0.00313396            0
           0  -0.00828364   0.00108899    0.0243698    0.0561193    0.0900146     0.119791     0.140175     0.147666     0.141052     0.121583     0.092795    0.0600012    0.0295076   0.00768057            0
           0  -0.00963292   0.00480449    0.0380129    0.0824922     0.129595     0.170781     0.198878     0.209136     0.199904     0.172874     0.132843    0.0870242    0.0440047    0.0124803            0
           0   -0.0106637   0.00816605    0.0498646     0.105181     0.163496     0.214349     0.248969     0.261557     0.250101     0.216661     0.167083     0.110188    0.0564863    0.0166529            0
           0   -0.0113144    0.0104816    0.0578734     0.120438     0.186239     0.243535     0.282495     0.296628     0.283687     0.245972     0.190024     0.125725    0.0648746    0.0194681            0
           0   -0.0115374       0.0113    0.0606819     0.125773     0.194179     0.253711     0.294174     0.308839     0.295378     0.256175     0.198009     0.131133    0.0677911    0.0204433            0
           0   -0.0113105    0.0104718    0.0578225     0.120319     0.186038     0.243252     0.282149     0.296252     0.283317     0.245641     0.189757     0.125533    0.0647549    0.0194119            0
           0   -0.0106385    0.0081739    0.0497891     0.104959     0.163091     0.213764     0.248245     0.260765     0.249324     0.215975      0.16654     0.109806    0.0562557    0.0165481            0
           0  -0.00954396   0.00489607    0.0379758    0.0822037     0.128984      0.16985     0.197703     0.207844     0.198644      0.17178     0.132002     0.086462    0.0436889    0.0123477            0
           0  -0.00804456   0.00139557     0.024494    0.0558354    0.0891948     0.118438     0.138418     0.145724     0.139174     0.119992     0.091631    0.0592913    0.0291699   0.00757096            0
           0  -0.00611045  -0.00136367    0.0119008    0.0303673    0.0502283    0.0677341    0.0797387     0.084157    0.0802689    0.0688255    0.0519462    0.0328207      0.01526   0.00316579            0
           0  -0.00358362  -0.00225856    0.0028892    0.0104034    0.0186303     0.025947    0.0309939    0.0328706    0.0312674    0.0265109    0.0195209     0.011684   0.00466734  0.000214237            0
           0            0            0            0            0            0            0            0            0            0            0            0            0            0            0            0
