         0          0          0          0          0          0          0          0          0          0          0          0          0          0          0          0
         0 0.00325984 0.00743713  0.0120847  0.0167412  0.0209279  0.0241942  0.0261718  0.0266194  0.0254499  0.0227414  0.0187373  0.0138343 0.00856838 0.00362979          0
         0 0.00872413  0.0222111  0.0389797  0.0570425  0.0741381  0.0880509  0.0969326  0.0995605  0.0954978  0.0851524  0.0697353  0.0511219  0.0316287   0.013758          0
         0  0.0159677  0.0426966   0.077242     0.1153   0.151847   0.181924   0.201385   0.207491   0.199266    0.17762   0.145246   0.106278  0.0657279  0.0287665          0
         0  0.0241111  0.0661338   0.121425   0.182929   0.242327   0.291399   0.323306   0.333559   0.320565   0.285798   0.233645   0.170875   0.105671  0.0463482          0
         0   0.032042  0.0891651   0.165026   0.249789   0.331811   0.399622   0.443772   0.458126   0.440516   0.392925   0.321322   0.235022    0.14536  0.0638171          0
         0  0.0386289   0.108417   0.201565   0.305851   0.406784   0.490165    0.54443   0.562176   0.540802   0.482656   0.394919   0.288958    0.17876  0.0785163          0
         0  0.0429128   0.121044   0.225614   0.342786    0.45615   0.549702   0.610536   0.630485   0.606697   0.541721   0.443458   0.324581   0.200827  0.0882202          0
         0  0.0442549   0.125157   0.233586   0.355141   0.472741   0.569756   0.632825   0.653532   0.628943    0.56167   0.459847   0.336587   0.208236  0.0914561          0
         0  0.0424269   0.120086   0.224216   0.341004   0.454062   0.547403   0.608127   0.628067   0.604369   0.539585   0.441613   0.323117   0.199814  0.0877036          0
         0  0.0376429   0.106469   0.198713   0.302198   0.402483   0.485406   0.539427   0.557146   0.535966   0.478232   0.391113   0.285952   0.176688  0.0774625          0
         0  0.0305319  0.0861685   0.160611   0.244096   0.325059   0.392104    0.43583   0.450129   0.432837   0.385927    0.31534   0.230328   0.142146  0.0621896          0
         0  0.0220535  0.0620191   0.115307   0.174963   0.232797   0.280707   0.311953   0.322102   0.309578   0.275831   0.225183   0.164292   0.101205  0.0441061          0
         0  0.0133621  0.0374099  0.0692625   0.104772   0.139114    0.16752   0.186007   0.191936   0.184365   0.164165   0.133912   0.097562  0.0599044  0.0258912          0
         0 0.00564601  0.0157641  0.0289936   0.043609  0.0576586  0.0692273  0.0767141  0.0790577  0.0758774  0.0675219  0.0550292  0.0399985   0.024391  0.0103222          0
         0          0          0          0          0          0          0          0          0          0          0          0          0          0          0          0
