           0            0            0            0            0            0            0            0            0            0            0            0            0            0            0            0
           0 -2.48235e-08 -2.76205e-08 -2.96913e-08 -3.11495e-08  -3.2141e-08 -3.27599e-08 -3.30581e-08 -3.30581e-08 -3.27599e-08  -3.2141e-08 -3.11495e-08 -2.96913e-08 -2.76205e-08 -2.48235e-08            0
           0 -2.76205e-08 -2.90415e-08 -3.03961e-08   -3.149e-08 -3.22923e-08 -3.28143e-08  -3.3071e-08  -3.3071e-08 -3.28143e-08 -3.22923e-08   -3.149e-08 -3.03961e-08 -2.90415e-08 -2.76205e-08            0
           0 -2.96913e-08 -3.03961e-08 -3.12228e-08 -3.19782e-08 -3.25764e-08 -3.29841e-08 -3.31896e-08 -3.31896e-08 -3.29841e-08 -3.25764e-08 -3.19782e-08 -3.12228e-08 -3.03961e-08 -2.96913e-08            0
           0 -3.11495e-08   -3.149e-08 -3.19782e-08 -3.24773e-08 -3.29022e-08 -3.32052e-08 -3.33619e-08 -3.33619e-08 -3.32052e-08 -3.29022e-08 -3.24773e-08 -3.19782e-08   -3.149e-08 -3.11495e-08            0
           0  -3.2141e-08 -3.22923e-08 -3.25764e-08 -3.29022e-08 -3.31996e-08 -3.34211e-08 -3.35384e-08 -3.35384e-08 -3.34211e-08 -3.31996e-08 -3.29022e-08 -3.25764e-08 -3.22923e-08  -3.2141e-08            0
           0 -3.27599e-08 -3.28143e-08 -3.29841e-08 -3.32052e-08 -3.34211e-08 -3.35883e-08 -3.36789e-08 -3.36789e-08 -3.35883e-08 -3.34211e-08 -3.32052e-08 -3.29841e-08 -3.28143e-08 -3.27599e-08            0
           0 -3.30581e-08  -3.3071e-08 -3.31896e-08 -3.33619e-08 -3.35384e-08 -3.36789e-08  -3.3756e-08  -3.3756e-08 -3.36789e-08 -3.35384e-08 -3.33619e-08 -3.31896e-08  -3.3071e-08 -3.30581e-08            0
           0 -3.30581e-08  -3.3071e-08 -3.31896e-08 -3.33619e-08 -3.35384e-08 -3.36789e-08  -3.3756e-08  -3.3756e-08 -3.36789e-08 -3.35384e-08 -3.33619e-08 -3.31896e-08  -3.3071e-08 -3.30581e-08            0
           0 -3.27599e-08 -3.28143e-08 -3.29841e-08 -3.32052e-08 -3.34211e-08 -3.35883e-08 -3.36789e-08 -3.36789e-08 -3.35883e-08 -3.34211e-08 -3.32052e-08 -3.29841e-08 -3.28143e-08 -3.27599e-08            0
           0  -3.2141e-08 -3.22923e-08 -3.25764e-08 -3.29022e-08 -3.31996e-08 -3.34211e-08 -3.35384e-08 -3.35384e-08 -3.34211e-08 -3.31996e-08 -3.29022e-08 -3.25764e-08 -3.22923e-08  -3.2141e-08            0
           0 -3.11495e-08   -3.149e-08 -3.19782e-08 -3.24773e-08 -3.29022e-08 -3.32052e-08 -3.33619e-08 -3.33619e-08 -3.32052e-08 -3.29022e-08 -3.24773e-08 -3.19782e-08   -3.149e-08 -3.11495e-08            0
           0 -2.96913e-08 -3.03961e-08 -3.12228e-08 -3.19782e-08 -3.25764e-08 -3.29841e-08 -3.31896e-08 -3.31896e-08 -3.29841e-08 -3.25764e-08 -3.19782e-08 -3.12228e-08 -3.03961e-08 -2.96913e-08            0
           0 -2.76205e-08 -2.90415e-08 -3.03961e-08   -3.149e-08 -3.22923e-08 -3.28143e-08  -3.3071e-08  -3.3071e-08 -3.28143e-08 -3.22923e-08   -3.149e-08 -3.03961e-08 -2.90415e-08 -2.76205e-08            0
           0 -2.48235e-08 -2.76205e-08 -2.96913e-08 -3.11495e-08  -3.2141e-08 -3.27599e-08 -3.30581e-08 -3.30581e-08 -3.27599e-08  -3.2141e-08 -3.11495e-08 -2.96913e-08 -2.76205e-08 -2.48235e-08            0
           0            0            0            0            0            0            0            0            0            0            0            0            0            0            0            0
