           0            0            0            0            0            0            0            0            0            0            0            0            0            0            0            0
           0  -0.00177301  -0.00275691  -0.00298969  -0.00265213  -0.00199125  -0.00126302 -0.000685913 -0.000404991 -0.000469085 -0.000823021  -0.00131593  -0.00172491   -0.0017923  -0.00127422            0
           0  -0.00355329  -0.00483627  -0.00415305  -0.00208908  0.000630496   0.00327339   0.00521949   0.00605728    0.0056468   0.00414125   0.00196456 -0.000252929  -0.00177339  -0.00187593            0
           0  -0.00539341  -0.00645524   -0.0039472  0.000949731   0.00684175    0.0123428    0.0162855     0.017896      0.01691    0.0136129   0.00879868   0.00365341 -0.000422448  -0.00202958            0
           0  -0.00721657  -0.00772408  -0.00285162   0.00551551    0.0152095    0.0240947    0.0303791    0.0328762    0.0311799    0.0257256    0.0177294   0.00901239   0.00173839  -0.00189995            0
           0  -0.00887821  -0.00869126  -0.00134845    0.0105578    0.0240902    0.0363724    0.0449961    0.0483685    0.0459438    0.0383054    0.0270851    0.0147317   0.00416582  -0.00162699            0
           0   -0.0102124  -0.00937103  0.000117153    0.0150584    0.0318646    0.0470344    0.0576411    0.0617499     0.058698    0.0491931    0.0352171     0.019748   0.00634604  -0.00133059            0
           0   -0.0110698   -0.0097609   0.00118427    0.0181691    0.0371714    0.0542735    0.0662041    0.0708015    0.0673253     0.056566    0.0407383    0.0231725   0.00785544  -0.00110474            0
           0   -0.0113465  -0.00985249   0.00161949    0.0193306    0.0391067    0.0568859    0.0692778    0.0740426    0.0704132    0.0592092     0.042726    0.0244162    0.0084158  -0.00100926            0
           0   -0.0110027  -0.00963708   0.00134742    0.0183522    0.0373575    0.0544513    0.0663688    0.0709531     0.067466    0.0566974    0.0408586    0.0232758   0.00793262  -0.00106314            0
           0   -0.0100679  -0.00910601  0.000462889    0.0154413    0.0322481    0.0473951    0.0579704    0.0620507    0.0589779    0.0494577    0.0354638    0.0199638   0.00650981  -0.00124134            0
           0  -0.00863216  -0.00824525  -0.00077658    0.0111772    0.0246943    0.0369245    0.0454874    0.0488107    0.0463574    0.0387057    0.0274711    0.0150811   0.00443867  -0.00147538            0
           0  -0.00682292    -0.007023  -0.00197528   0.00643432    0.0160707    0.0248472    0.0310206    0.0334396    0.0317119    0.0262626    0.0182769   0.00953537   0.00216502  -0.00165559            0
           0  -0.00476594  -0.00536692  -0.00263361     0.002268   0.00801121    0.0132981    0.0170441    0.0185339    0.0175241    0.0142807    0.0095431   0.00442173  0.000243858  -0.00163038            0
           0  -0.00252538  -0.00312512  -0.00218162 -0.000217848   0.00217358   0.00441377    0.0060196    0.0066727   0.00626542   0.00491712   0.00295852  0.000886645 -0.000702305   -0.0011898            0
           0            0            0            0            0            0            0            0            0            0            0            0            0            0            0            0
