         0          0          0          0          0          0          0          0          0          0          0          0          0          0          0          0
         0 0.00291765 0.00453781 0.00625103 0.00795749 0.00951577  0.0107716  0.0115871  0.0118657  0.0115682   0.010719 0.00939925 0.00773057  0.0058499  0.0038813          0
         0 0.00437123 0.00685675 0.00952554  0.0122112  0.0146798  0.0166777   0.017979  0.0184259  0.0179556  0.0166092  0.0145215  0.0118939 0.00895341 0.00590527          0
         0 0.00577033 0.00912799  0.0127857  0.0165013   0.019937  0.0227278    0.02455  0.0251783  0.0245241  0.0226479  0.0197454   0.016108  0.0120643 0.00791192          0
         0 0.00705238  0.0112418  0.0158634  0.0205961   0.024994  0.0285774  0.0309218  0.0317326  0.0308952  0.0284909  0.0247784   0.020143  0.0150193 0.00980067          0
         0 0.00814401   0.013065   0.018549  0.0242007  0.0294731  0.0337793  0.0366008  0.0375791  0.0365752  0.0336902  0.0292423  0.0237047  0.0176115  0.0114457          0
         0 0.00897132  0.0144618  0.0206262  0.0270087  0.0329797  0.0378648  0.0410693  0.0421822  0.0410454  0.0377761  0.0327413  0.0264861  0.0196257  0.0127167          0
         0  0.0094707  0.0153147  0.0219076  0.0287538  0.0351701  0.0404252  0.0438749  0.0450744  0.0438529  0.0403386  0.0349302  0.0282195  0.0208749  0.0135004          0
         0 0.00959838  0.0155433  0.0222643  0.0292528   0.035808  0.0411797   0.044707  0.0459343  0.0446866  0.0410959  0.0355714  0.0287209  0.0212299  0.0137186          0
         0 0.00933691  0.0151157  0.0216463  0.0284355  0.0348031  0.0400208  0.0434471  0.0446394  0.0434278  0.0399402  0.0345741  0.0279192   0.020641  0.0133407          0
         0 0.00869753  0.0140537  0.0200896  0.0263539  0.0322235  0.0370305   0.040186  0.0412836  0.0401671  0.0369534  0.0320067  0.0258671  0.0191441  0.0123882          0
         0 0.00771819  0.0124285  0.0177092  0.0231727  0.0282826  0.0324629  0.0352052  0.0361583  0.0351867  0.0323906  0.0280832  0.0227297  0.0168542  0.0109302          0
         0 0.00645747  0.0103487  0.0146792  0.0191397  0.0233004  0.0266988  0.0289259  0.0296989  0.0289081   0.026633  0.0231247  0.0187554  0.0139448 0.00907112          0
         0 0.00498588 0.00794301  0.0112033  0.0145422  0.0176459  0.0201757  0.0218314  0.0224048  0.0218149  0.0201192  0.0175007  0.0142314  0.0106172 0.00693342          0
         0 0.00337637 0.00534026  0.0074803 0.00965607  0.0116696  0.0133063  0.0143755  0.0147445  0.0143613  0.0132618  0.0115615 0.00943191 0.00706586  0.0046367          0
         0          0          0          0          0          0          0          0          0          0          0          0          0          0          0          0
