         0          0          0          0          0          0          0          0          0          0          0          0          0          0          0          0
         0 0.00361075 0.00479507  0.0054591 0.00569119 0.00563031 0.00542509  0.0052029 0.00504727 0.00498409 0.00497729 0.00493455 0.00472305 0.00419556 0.00322775          0
         0 0.00657117 0.00945429  0.0119177  0.0139337  0.0154879  0.0165678  0.0171604  0.0172528  0.0168347  0.0158994  0.0144442  0.0124696 0.00998234 0.00700372          0
         0  0.0101467   0.015258  0.0202065  0.0247802  0.0287119  0.0317205  0.0335579  0.0340511  0.0331305  0.0308407  0.0273308  0.0228263  0.0175901  0.0118793          0
         0  0.0139887  0.0215832  0.0293602  0.0368879   0.043593  0.0488677  0.0521777  0.0531547  0.0516577  0.0477943  0.0418993  0.0344727  0.0260884  0.0172866          0
         0  0.0176497  0.0276547  0.0382057  0.0486512   0.058109  0.0656406  0.0704223  0.0718878  0.0698237  0.0644021   0.056146  0.0458334  0.0343521  0.0225266          0
         0  0.0206674  0.0326802  0.0455555  0.0584552  0.0702344  0.0796733   0.085701  0.0875826  0.0850431  0.0783092   0.068065  0.0553251  0.0412445  0.0268891          0
         0  0.0226436  0.0359812  0.0503962  0.0649262  0.0782507  0.0889608  0.0958202  0.0979809  0.0951264  0.0875204  0.0759546  0.0616024  0.0457976  0.0297675          0
         0  0.0233102  0.0371016  0.0520486  0.0671453   0.081009  0.0921643  0.0993159   0.101576  0.0986129  0.0907037  0.0786781  0.0637658  0.0473635  0.0307552          0
         0  0.0225715  0.0358797  0.0502731  0.0647894  0.0781069  0.0888155  0.0956767  0.0978414  0.0949923  0.0873935  0.0758379  0.0614999  0.0457146  0.0297093          0
         0  0.0205193  0.0324732  0.0453067  0.0581816  0.0699505  0.0793893   0.085423  0.0873134  0.0847843  0.0780632  0.0678367  0.0551227  0.0410788   0.026772          0
         0  0.0174166   0.027333  0.0378255  0.0482415   0.057693  0.0652334  0.0700305   0.071512  0.0694622  0.0640546  0.0558178  0.0455365  0.0341043  0.0223488          0
         0  0.0136532   0.021129  0.0288373  0.0363428  0.0430604  0.0483662  0.0517109   0.052715  0.0512334  0.0473775  0.0414917  0.0340897  0.0257575  0.0170426          0
         0  0.0096764  0.0146383  0.0195203  0.0241008  0.0280892  0.0311752  0.0330832  0.0336211  0.0327127   0.030409  0.0268774  0.0223687  0.0171704  0.0115558          0
         0 0.00590584 0.00860851  0.0110299  0.0131199  0.0148196  0.0160637  0.0167914  0.0169569  0.0165388  0.0155424  0.0139975  0.0119507 0.00945585  0.0065689          0
         0          0          0          0          0          0          0          0          0          0          0          0          0          0          0          0
