          0           0           0           0           0           0           0           0           0           0           0           0           0           0           0           0
          0 -0.00701444 -0.00591684 -0.00296498  0.00100561  0.00519954  0.00889691   0.0115172   0.0126836   0.0122686   0.0104094  0.00748882  0.00408478 0.000898419  -0.0013221           0
          0 -0.00604002  0.00771131    0.029527   0.0557394   0.0821887    0.104787    0.120098    0.125841    0.121221    0.107052    0.085631   0.0603986   0.0354294   0.0148344           0
          0 -0.00329241   0.0292906   0.0788047    0.137514    0.196403    0.246505    0.280244    0.292568    0.281719    0.249489     0.20096    0.143729   0.0867706   0.0390809           0
          0  0.00042293   0.0551946    0.137185     0.23392    0.330726    0.412952    0.468192    0.488167    0.469987    0.416593    0.336312    0.241598    0.147143   0.0676534           0
          0  0.00435199    0.081318    0.195716    0.330357    0.464939    0.579156    0.655795    0.683368     0.65786    0.583354    0.471409    0.339312    0.207451   0.0962182           0
          0  0.00781858    0.103629      0.2455    0.412249    0.578816     0.72011    0.814857    0.848849    0.817124    0.724729    0.585959    0.422189    0.258627    0.120481           0
          0     0.01028    0.118742    0.279015    0.467252    0.655212    0.814611    0.921459    0.959737    0.923846    0.819479    0.662757    0.477788       0.293    0.136818           0
          0    0.011385    0.124406     0.29125    0.487129    0.682682    0.848498     0.95963    0.999418    0.962041    0.853419    0.690318    0.497809    0.305454    0.142814           0
          0   0.0110152     0.11984    0.280457    0.469005    0.657228    0.816823    0.923787    0.962087    0.926125    0.821595    0.664629     0.47935    0.294203     0.13763           0
          0   0.0092987    0.105845    0.248416    0.415805    0.582914    0.724616    0.819603    0.853646    0.821774    0.729042    0.589769    0.425361    0.261065    0.122123           0
          0  0.00659328   0.0846856     0.20017    0.335813    0.471253    0.586122     0.66315    0.690809    0.665071    0.590032    0.477291    0.344192    0.211186   0.0987245           0
          0  0.00343983   0.0597552    0.143261    0.241419    0.339464    0.422644     0.47846     0.49857    0.480062    0.425899    0.344473    0.248329    0.152261   0.0710652           0
          0 0.000497652   0.0350728   0.0865965    0.147242    0.207852      0.2593    0.293866    0.306398      0.2951    0.261802    0.211685    0.152494   0.0933637   0.0434294           0
          0 -0.00152281   0.0146987   0.0391096   0.0679106   0.0967229    0.121206    0.137697    0.143755     0.13853    0.122891   0.0992945   0.0714115   0.0435713   0.0201063           0
          0           0           0           0           0           0           0           0           0           0           0           0           0           0           0           0
