          0           0           0           0           0           0           0           0           0           0           0           0           0           0           0           0
          0 -0.00694387 -0.00582273 -0.00285611  0.00112183   0.0053177  0.00901374   0.0116313   0.0127947    0.012377   0.0105148  0.00758984  0.00417814 0.000978874 -0.00126152           0
          0 -0.00592508  0.00786304   0.0297015   0.0559251   0.0823773    0.104973    0.120281    0.126019    0.121395    0.107222   0.0857939   0.0605499   0.0355607   0.0149343           0
          0 -0.00312809   0.0295052   0.0790497    0.137774    0.196666    0.246765    0.280497    0.292816    0.281961    0.249726    0.201188    0.143943   0.0869577   0.0392251           0
          0 0.000637928   0.0554728      0.1375    0.234252    0.331062    0.413283    0.468514    0.488482    0.470296    0.416896    0.336606    0.241874    0.147387   0.0678434           0
          0  0.00461394   0.0816546    0.196096    0.330756     0.46534     0.57955    0.656179    0.683743    0.658229    0.583717    0.471762    0.339646    0.207747   0.0964506           0
          0  0.00811846    0.104013    0.245931      0.4127    0.579268    0.720554    0.815289    0.849271    0.817539    0.725138    0.586359    0.422568    0.258965    0.120748           0
          0   0.0106042    0.119155    0.279478    0.467735    0.655696    0.815085    0.921921    0.960188     0.92429    0.819917    0.663186    0.478196    0.293365    0.137107           0
          0   0.0117168    0.124828    0.291722    0.487622    0.683175     0.84898    0.960099    0.999876    0.962493    0.853865    0.690756    0.498225    0.305826     0.14311           0
          0   0.0113366    0.120249    0.280915    0.469482    0.657705     0.81729    0.924241    0.962531    0.926562    0.822027    0.665053    0.479753    0.294564    0.137916           0
          0  0.00959302     0.10622    0.248837    0.416243    0.583352    0.725045    0.820021    0.854054    0.822176    0.729439    0.590157    0.425731    0.261395    0.122385           0
          0  0.00684672     0.08501    0.200534    0.336193    0.471634    0.586495    0.663513    0.691163     0.66542    0.590376    0.477628    0.344511    0.211471   0.0989492           0
          0  0.00364309   0.0600166    0.143556    0.241727    0.339773    0.422947    0.478755    0.498858    0.480345    0.426178    0.344745    0.248586     0.15249   0.0712447           0
          0 0.000646549   0.0352654   0.0868144     0.14747    0.208081    0.259525    0.294085    0.306612     0.29531    0.262008    0.211886    0.152684   0.0935314   0.0435601           0
          0 -0.00142781   0.0148224     0.03925   0.0680581   0.0968709    0.121351    0.137838    0.143892    0.138664    0.123023   0.0994232   0.0715326   0.0436781    0.020189           0
          0           0           0           0           0           0           0           0           0           0           0           0           0           0           0           0
