           0            0            0            0            0            0            0            0            0            0            0            0            0            0            0            0
           0  -0.00539059  -0.00363787 -0.000193859   0.00412554   0.00854253    0.0123503    0.0149776    0.0160542    0.0154585    0.0133337    0.0100692    0.0062498    0.0025828 -0.000178905            0
           0  -0.00365704    0.0109883    0.0334272    0.0600392    0.0867067     0.109376     0.124636     0.130223     0.125354     0.110849    0.0890054    0.0632636    0.0376934    0.0164004            0
           0 -0.000244518     0.033391    0.0835729     0.142649     0.201677     0.251753     0.285348     0.297443     0.286295     0.253703     0.204738     0.146983    0.0893911    0.0409351            0
           0   0.00403577    0.0599562     0.142599     0.239615     0.336441     0.418517     0.473505     0.493176     0.474664     0.420909     0.340221     0.245019     0.149955    0.0696902            0
           0   0.00841238    0.0865746     0.201574     0.336386     0.470853     0.584789     0.661072     0.688274     0.662412     0.587564     0.475262     0.342742     0.210328    0.0983516            0
           0    0.0121852       0.1092     0.251603     0.418412     0.584738     0.725634     0.819933     0.853502     0.821412     0.728704     0.589635     0.425516     0.261474     0.122637            0
           0    0.0147885     0.124431     0.285164     0.473366     0.660986     0.819898     0.926233     0.964053     0.927796     0.823147     0.666182     0.480935      0.29574      0.13893            0
           0    0.0158561     0.130007     0.297247     0.493023     0.688173     0.853452     0.964038      1.00335     0.965621     0.856745     0.693448     0.500718     0.308022     0.144822            0
           0    0.0152675     0.125147     0.286108      0.47452      0.66232      0.82137     0.927789     0.965628     0.929326     0.824567     0.667438     0.481982     0.296546     0.139476            0
           0    0.0131648     0.110668     0.253544     0.420794     0.587502     0.728691     0.823168     0.856781     0.824595     0.731657     0.592241     0.427682     0.263138     0.123761            0
           0   0.00993337    0.0888644     0.204622      0.34015     0.475244     0.589664     0.666245     0.693524     0.667507     0.592282     0.479411     0.346176     0.212953     0.100116            0
           0   0.00615237    0.0631684     0.146916     0.244997      0.34277     0.425589      0.48104     0.500837     0.482092     0.427766     0.346219      0.24995     0.153693    0.0721834            0
           0   0.00252278    0.0376418    0.0893686     0.149974     0.210394     0.261581     0.295876      0.30817     0.296686     0.263253     0.213031      0.15373    0.0944416    0.0442602            0
           0 -0.000208436    0.0163821     0.040943    0.0697338    0.0984334     0.122753     0.139069      0.14497     0.139618     0.123882     0.100206    0.0722381    0.0442827    0.0206466            0
           0            0            0            0            0            0            0            0            0            0            0            0            0            0            0            0
