          0           0           0           0           0           0           0           0           0           0           0           0           0           0           0           0
          0 -0.00674316 -0.00554755 -0.00252874  0.00148112  0.00569236  0.00939156   0.0120041   0.0131572   0.0127254   0.0108451  0.00789587  0.00445081  0.00120554 -0.00109641           0
          0 -0.00560822  0.00829277   0.0302086   0.0564782   0.0829514     0.10555    0.120849    0.126571    0.121927    0.107728   0.0862653   0.0609731    0.035916   0.0151967           0
          0 -0.00268979   0.0300926   0.0797364    0.138517    0.197433    0.247532     0.28125    0.293548    0.282667    0.250401    0.201821    0.144516   0.0874446   0.0395899           0
          0  0.00119481   0.0562112    0.138356    0.235172    0.332004    0.414221    0.469433    0.489373    0.471158    0.417723    0.337387    0.242588       0.148   0.0683084           0
          0  0.00527623    0.082525    0.197097    0.331824    0.466428    0.580628    0.657232    0.684764    0.659217    0.584669    0.472667    0.340479    0.208469   0.0970048           0
          0  0.00886245    0.104984    0.247041    0.413878    0.580463    0.721733    0.816437    0.850384    0.818618    0.726181    0.587354    0.423491     0.25977    0.121371           0
          0   0.0113973    0.120185    0.280651    0.468975    0.656948    0.816318    0.923118    0.961347    0.925414    0.821007    0.664231    0.479169    0.294218    0.137771           0
          0   0.0125207     0.12587    0.292905    0.488869    0.684431    0.850214    0.961296     1.00103    0.963617    0.854956    0.691804    0.499204    0.306688    0.143782           0
          0   0.0121112    0.121252    0.282053    0.470681    0.658911    0.818473    0.925387     0.96364    0.927638    0.823071    0.666057    0.480692    0.295391    0.138562           0
          0   0.0103011    0.107138    0.249879    0.417341    0.584457    0.726129     0.82107    0.855068     0.82316    0.730394    0.591075    0.426588     0.26215    0.122974           0
          0   0.0074576   0.0858045    0.201438    0.337147    0.472595    0.587438    0.664426    0.692046    0.666275    0.591205    0.478423    0.345253    0.212122   0.0994553           0
          0  0.00413555   0.0606602     0.14429    0.242505    0.340558    0.423717    0.479501    0.499579    0.481043    0.426853    0.345391    0.249186    0.153015   0.0716504           0
          0  0.00101009   0.0357435   0.0873627    0.148052     0.20867    0.260104    0.294646    0.307154    0.295834    0.262514    0.212368     0.15313   0.0939191   0.0438575           0
          0 -0.00119386   0.0151321   0.0396068   0.0684381   0.0972561     0.12173    0.138206    0.144247    0.139007    0.123353   0.0997369   0.0718216   0.0439277    0.020379           0
          0           0           0           0           0           0           0           0           0           0           0           0           0           0           0           0
