         0          0          0          0          0          0          0          0          0          0          0          0          0          0          0          0
         0 0.00200476 0.00373822 0.00511683 0.00613942 0.00683829 0.00725456 0.00742436  0.0073708 0.00709986 0.00659988 0.00584469 0.00480186 0.00344884  0.0018048          0
         0  0.0045346 0.00879134  0.0126068  0.0158666  0.0184701  0.0203236  0.0213464  0.0214813  0.0207031  0.0190229  0.0164879  0.0131779 0.00920582 0.00473042          0
         0 0.00752055   0.014909  0.0219418  0.0283251  0.0337127  0.0377501  0.0401282   0.040633  0.0391801  0.0358277  0.0307668  0.0242912  0.0167554 0.00853438          0
         0  0.0107039  0.0215016  0.0321264  0.0420749  0.0506966  0.0573078  0.0613093  0.0622875  0.0600826  0.0548129  0.0468516  0.0367603  0.0251905   0.012771          0
         0  0.0137253  0.0277919  0.0419029  0.0553483  0.0671689  0.0763439  0.0819753  0.0834436  0.0805113  0.0733583  0.0625444  0.0489046  0.0333908  0.0168838          0
         0   0.016204   0.032968  0.0499758  0.0663442  0.0808517  0.0921888  0.0992011   0.101092  0.0975578  0.0888297  0.0756279  0.0590206  0.0402149  0.0203039          0
         0  0.0178082  0.0363268  0.0552294  0.0735194  0.0898001   0.102569   0.110499   0.112676   0.108749  0.0989854  0.0842122  0.0656532  0.0446858  0.0225433          0
         0  0.0183123  0.0373911  0.0569096  0.0758332  0.0927055   0.105956     0.1142   0.116478   0.112425    0.10232  0.0870272  0.0678238  0.0461455  0.0232731          0
         0  0.0176335   0.035987  0.0547427  0.0729104  0.0890978   0.101805   0.109705   0.111885   0.107993  0.0982959  0.0836182  0.0651811  0.0443575   0.022375          0
         0  0.0158447  0.0322702  0.0489777  0.0650973  0.0794158  0.0906278   0.097581  0.0994787  0.0960154  0.0874215  0.0744135  0.0580542  0.0395424  0.0199588          0
         0  0.0131609  0.0266978  0.0403421  0.0534038  0.0649352  0.0739205   0.079463  0.0809423  0.0781193  0.0711716  0.0606553  0.0473983  0.0323406  0.0163442          0
         0 0.00989988   0.019948  0.0299199  0.0393384  0.0475656  0.0539214  0.0578051  0.0588003  0.0567449  0.0517555  0.0442025   0.034641  0.0237083  0.0120076          0
         0 0.00642249  0.0127994  0.0189666  0.0246609  0.0295454  0.0332628   0.035497  0.0360274   0.034766  0.0317715  0.0272362  0.0214515  0.0147593 0.00750277          0
         0 0.00305596 0.00597961 0.00868643  0.0110889  0.0130833  0.0145596   0.015419  0.0155911  0.0150464  0.0138003  0.0119103 0.00946536  0.0065747 0.00336354          0
         0          0          0          0          0          0          0          0          0          0          0          0          0          0          0          0
