           0            0            0            0            0            0            0            0            0            0            0            0            0            0            0            0
           0 -0.000808468   0.00136566   0.00596968    0.0120525    0.0184584    0.0240227     0.027756     0.028998    0.0275189    0.0235576    0.0177921    0.0112504    0.0051851  0.000953281            0
           0   0.00056929    0.0118489    0.0315543    0.0561364    0.0813737     0.103038     0.117543     0.122497      0.11706     0.102081    0.0799753    0.0543791    0.0296305    0.0101755            0
           0   0.00356603    0.0292522    0.0721231     0.124751     0.178374     0.224237     0.254926     0.265489     0.254186     0.222757     0.176161     0.121846     0.068643    0.0254641            0
           0   0.00748826    0.0505017      0.12095     0.206829     0.294035     0.368497     0.418307     0.435511     0.417312     0.366485     0.290967      0.20266     0.115646    0.0440687            0
           0    0.0115718    0.0720526     0.170185     0.289384     0.410211     0.513288     0.582225     0.606079     0.580996     0.510783     0.406332     0.283984     0.163052    0.0629006            0
           0    0.0150738    0.0903943     0.212013     0.359463     0.508782     0.636102     0.721241      0.75073     0.719825       0.6332     0.504242     0.353041      0.20334    0.0789238            0
           0    0.0173729     0.102565     0.239827       0.4061     0.574404     0.717875     0.813808     0.847055     0.812277     0.714725     0.569447     0.399026     0.230158    0.0895816            0
           0    0.0180573     0.106589     0.249215      0.42197     0.596822      0.74587     0.845533     0.880082     0.843973     0.742658     0.591757      0.41472     0.239268    0.0931699            0
           0    0.0169861     0.101778     0.238627     0.404488     0.572414     0.715582     0.811322     0.844513     0.809827     0.712505     0.567571     0.397574     0.229177    0.0890888            0
           0    0.0143134     0.088835     0.209609     0.356204     0.504729     0.631404      0.71613     0.745498     0.714784     0.628643     0.500409     0.350093     0.201359    0.0779341            0
           0    0.0104763    0.0697665     0.166587     0.284416     0.403943      0.50595     0.574195      0.59784     0.573068      0.50365     0.400379     0.279455     0.160047     0.061416            0
           0   0.00615279    0.0476097     0.116218     0.200083     0.285323      0.35814     0.406873     0.423742     0.406009      0.35639      0.28265      0.19645     0.111621    0.0421246            0
           0   0.00221167    0.0260373    0.0664323     0.116176     0.166898     0.210292     0.239346     0.249386     0.238767     0.209129     0.165151     0.113878    0.0637018    0.0231975            0
           0 -0.000297782   0.00892648    0.0253123     0.045751    0.0667013    0.0846681    0.0967057     0.100851     0.096417    0.0840923    0.0658497    0.0446668    0.0241256   0.00799429            0
           0            0            0            0            0            0            0            0            0            0            0            0            0            0            0            0
