           0            0            0            0            0            0            0            0            0            0            0            0            0            0            0            0
           0   -0.0022659  -0.00189933  0.000720063   0.00482351   0.00944937    0.0136212    0.0165087     0.017558    0.0165781    0.0137721   0.00971019   0.00525142   0.00142796 -0.000677164            0
           0   -0.0031879   0.00251394    0.0153894    0.0326593    0.0509887    0.0670308    0.0779485    0.0818496    0.0780753    0.0673038    0.0514532    0.0334022     0.016571   0.00442878            0
           0  -0.00316921    0.0116644     0.040689    0.0781327     0.117185     0.151048     0.173969     0.182111     0.174134     0.151398     0.117767    0.0790305    0.0420494    0.0137322            0
           0  -0.00256182    0.0235418    0.0719821     0.133455     0.197074     0.252006     0.289093     0.302228     0.289275     0.252386     0.197688     0.134361    0.0732767    0.0253682            0
           0   -0.0016938    0.0359061     0.103934     0.189548     0.277796     0.353822     0.405079     0.423204     0.405263     0.354198     0.278382     0.190368     0.105019    0.0372877            0
           0 -0.000858912    0.0465722     0.131268     0.237386     0.346529      0.44044     0.503705     0.526054     0.503882     0.440795     0.347062     0.238088     0.132112    0.0474935            0
           0 -0.000292355    0.0537105     0.149536     0.269338     0.392421     0.498258     0.569528     0.594691     0.569698     0.498592     0.392908     0.269949     0.150206    0.0543106            0
           0 -0.000145268    0.0561078     0.155777     0.280313      0.40822     0.518185     0.592227     0.618363     0.592393     0.518512     0.408693     0.280897     0.156399     0.056625            0
           0 -0.000465199    0.0533463     0.148954     0.268521     0.391373     0.497013     0.568151     0.593266     0.568319     0.497347     0.391865     0.269152     0.149674    0.0540467            0
           0   -0.0011861      0.04587     0.130122     0.235747     0.344399     0.437887     0.500865     0.523109     0.501036     0.438234     0.344932     0.236475     0.131048    0.0469691            0
           0  -0.00212748    0.0349339     0.102274     0.187087     0.274514     0.349825     0.400592     0.418538     0.400762     0.350177     0.275077     0.187909     0.103429    0.0365188            0
           0  -0.00299715    0.0224483    0.0699235      0.13019     0.192535     0.246338     0.282647     0.295497     0.282802     0.246666      0.19308     0.131035    0.0712078    0.0244071            0
           0  -0.00338339    0.0107567    0.0384719    0.0741339     0.111241     0.143361     0.165073      0.17277     0.165193     0.143621     0.111688    0.0748592    0.0396517    0.0127254            0
           0  -0.00270154   0.00240764    0.0134863      0.02809    0.0434373     0.056788    0.0658379    0.0690545    0.0659043    0.0569336    0.0436929    0.0285205     0.014227   0.00376038            0
           0            0            0            0            0            0            0            0            0            0            0            0            0            0            0            0
