         0          0          0          0          0          0          0          0          0          0          0          0          0          0          0          0
         0 0.00384364 0.00860389  0.0138275  0.0190365  0.0237213  0.0273864  0.0296137  0.0301215  0.0288077  0.0257671  0.0212833  0.0158019 0.00990152 0.00430141          0
         0 0.00989245  0.0245515  0.0424889  0.0616877   0.079824  0.0945845   0.104006   0.106769   0.102401  0.0913511  0.0749259  0.0551133  0.0343219  0.0151112          0
         0  0.0177168  0.0462138  0.0825501   0.122389   0.160617   0.192105    0.21249   0.218842   0.210112   0.187293   0.153271   0.112392  0.0698228  0.0308146          0
         0  0.0264218   0.070805    0.12854   0.192558    0.25443   0.305671   0.339057   0.349734   0.335962   0.299381   0.244751   0.179215   0.111195  0.0490922          0
         0  0.0348643  0.0949062   0.173868   0.261955   0.347416   0.418399   0.464805   0.479846    0.46109   0.410824   0.335682   0.245606    0.15227  0.0672214          0
         0  0.0418663   0.115043   0.211885   0.320291   0.425692    0.51338   0.570816   0.589573   0.566629   0.504816   0.412359   0.301567   0.186871  0.0824785          0
         0  0.0464144   0.128243   0.236922    0.35881   0.477462   0.576263   0.641045   0.662287   0.636574   0.567101    0.46315   0.338612   0.209752  0.0925516          0
         0  0.0478244    0.13251   0.245175   0.371647   0.494828    0.59744   0.664751    0.68686   0.660214   0.588134    0.48027   0.351058     0.2174  0.0958919          0
         0  0.0458507    0.12713    0.23529   0.356714    0.47498   0.573497    0.63812   0.659341   0.633747   0.564529   0.460953   0.336886   0.208566  0.0919485          0
         0  0.0407249   0.112784   0.208568   0.316019   0.420622   0.507724   0.564828   0.583538    0.56084   0.499554   0.407868   0.298045   0.184456  0.0812523          0
         0  0.0331207  0.0914447   0.168762   0.255351   0.339549   0.409595   0.455466   0.470426   0.452057   0.402624   0.328702    0.24015   0.148542  0.0653354          0
         0  0.0240503  0.0660669   0.121498   0.183386   0.243439   0.293316   0.325914   0.336459   0.323237   0.287854   0.234979   0.171619   0.106041  0.0465024          0
         0  0.0147128   0.040136  0.0734001   0.110337   0.146048   0.175623   0.194885   0.201029   0.193047   0.171883   0.140283   0.102389  0.0631218   0.027495          0
         0 0.00632574  0.0171323  0.0310604  0.0463703  0.0610718   0.073184  0.0810244  0.0834625   0.080091   0.071288  0.0581614   0.042389  0.0259934  0.0111238          0
         0          0          0          0          0          0          0          0          0          0          0          0          0          0          0          0
