           0            0            0            0            0            0            0            0            0            0            0            0            0            0            0            0
           0  -0.00727712  -0.00626529  -0.00336548  0.000581124   0.00477108   0.00847599     0.011108    0.0122855    0.0118793    0.0100286   0.00712108   0.00374206  0.000600755  -0.00154777            0
           0  -0.00647175   0.00714251    0.0288741    0.0550457    0.0814851     0.104091     0.119418     0.125177     0.120571     0.106416    0.0850185    0.0598284    0.0349333    0.0144557            0
           0  -0.00391458    0.0284773    0.0778746     0.136527       0.1954      0.24551     0.279268     0.291613     0.280782     0.248573     0.200076     0.142905    0.0860508    0.0385269            0
           0 -0.000396414    0.0541308     0.135973     0.232635     0.329421     0.411657     0.466919     0.486919     0.468762     0.415393     0.335153     0.240514     0.146193    0.0669166            0
           0   0.00334876    0.0800222     0.194245       0.3288     0.463358     0.577586     0.654252     0.681853     0.656372     0.581895     0.469997     0.337989     0.206285    0.0953099            0
           0   0.00666594     0.102146     0.243819     0.410473     0.577014     0.718322     0.813099     0.847122     0.815425     0.723062     0.584344     0.420672     0.257287     0.119433            0
           0   0.00903091     0.117138     0.277201     0.465337      0.65327     0.812684     0.919565     0.957875     0.922014     0.817679     0.661012     0.476148     0.291548      0.13568            0
           0     0.010105     0.122764     0.289394     0.485171     0.680697     0.846529     0.957694     0.997516     0.960169      0.85158     0.688534     0.496129     0.303966     0.141647            0
           0   0.00977421     0.118248     0.278658     0.467107     0.655304     0.814916     0.921912     0.960245     0.924312     0.819813       0.6629     0.477723     0.292762     0.136499            0
           0    0.0081628     0.104385     0.246766     0.414063     0.581149     0.722867     0.817885     0.851958     0.820113     0.727411     0.588185     0.423871     0.259747      0.12109            0
           0    0.0056163    0.0834274     0.198745     0.334309      0.46973     0.584613     0.661669     0.689355     0.663641     0.588627     0.475928     0.342911     0.210054    0.0978394            0
           0   0.00265782    0.0587444     0.142115     0.240208     0.338239     0.421431     0.477271     0.497404     0.478916     0.424774     0.343382     0.247304     0.151357     0.070361            0
           0 -7.35945e-05    0.0343313     0.085754     0.146352     0.206953     0.258413     0.292998     0.305549     0.294266     0.260982      0.21089     0.151747    0.0927064    0.0429195            0
           0  -0.00188609    0.0142252    0.0385713    0.0673436     0.096152     0.120645      0.13715     0.143221     0.138006     0.122376    0.0987937    0.0709405    0.0431569    0.0197861            0
           0            0            0            0            0            0            0            0            0            0            0            0            0            0            0            0
