          0           0           0           0           0           0           0           0           0           0           0           0           0           0           0           0
          0 -0.00686239 -0.00571266 -0.00272701  0.00126162  0.00546177  0.00915778   0.0117729   0.0129327   0.0125108   0.0106434  0.00771116  0.00428837  0.00107229 -0.00119224           0
          0 -0.00579416  0.00803792    0.029905   0.0561443   0.0826024    0.105198    0.120501    0.126234    0.121604    0.107423   0.0859849   0.0607246   0.0357102   0.0150467           0
          0 -0.00294353   0.0297488   0.0793308    0.138075    0.196973     0.24707    0.280796    0.293108    0.282245    0.250002    0.201451    0.144185   0.0871671   0.0393846           0
          0 0.000876513   0.0557847    0.137857    0.234632    0.331447    0.413664    0.468888    0.488846    0.470651    0.417241    0.336938    0.242182    0.147656   0.0680506           0
          0  0.00490182   0.0820279     0.19652    0.331204    0.465793    0.579997    0.656616    0.684168    0.658645    0.584123    0.472154    0.340012    0.208069   0.0967014           0
          0  0.00844558    0.104434    0.246407    0.413201    0.579773    0.721051    0.815773    0.849743    0.818001    0.725591    0.586797     0.42298    0.259329    0.121033           0
          0   0.0109559    0.119607    0.279987    0.468269    0.656232    0.815612    0.922433    0.960687    0.924779    0.820397    0.663652    0.478636    0.293755    0.137414           0
          0   0.0120755    0.125288     0.29224    0.488163    0.683718    0.849513    0.960617     1.00038    0.962987     0.85435    0.691228    0.498671    0.306224    0.143423           0
          0   0.0116835    0.120694    0.281415    0.470006     0.65823    0.817804    0.924741    0.963018    0.927039    0.822495    0.665508    0.480184    0.294948    0.138219           0
          0  0.00991056    0.106628    0.249296    0.416724    0.583835    0.725518     0.82048    0.854501    0.822614    0.729869    0.590575    0.426126    0.261747    0.122661           0
          0  0.00712048   0.0853626    0.200933    0.336611    0.472054    0.586907    0.663913    0.691553    0.665801     0.59075     0.47799    0.344853    0.211774   0.0991871           0
          0  0.00386323   0.0603015    0.143878    0.242067    0.340115    0.423283    0.479081    0.499175    0.480656    0.426482    0.345039    0.248863    0.152734   0.0714352           0
          0 0.000808414   0.0354763   0.0870545    0.147724    0.208337    0.259777    0.294329     0.30685    0.295542    0.262235    0.212105    0.152888   0.0937113   0.0436994           0
          0  -0.0013241   0.0149585   0.0394056   0.0682228   0.0970373    0.121515    0.137997    0.144047    0.138815     0.12317   0.0995649   0.0716648   0.0437935   0.0202776           0
          0           0           0           0           0           0           0           0           0           0           0           0           0           0           0           0
