           0            0            0            0            0            0            0            0            0            0            0            0            0            0            0            0
           0   -0.0064691  -0.00515921  -0.00205427   0.00201392   0.00625837   0.00996933    0.0125759    0.0137086    0.0132442    0.0113204    0.0083172   0.00480748   0.00148632 -0.000903078            0
           0  -0.00519905   0.00886748    0.0309046    0.0572531     0.083768     0.106378     0.121664     0.127354     0.122662     0.108402    0.0868654    0.0614842    0.0363218    0.0154792            0
           0   -0.0021599    0.0308287    0.0806182     0.139488     0.198446     0.248549     0.282244     0.294498     0.283558     0.251219     0.202553     0.145144    0.0879489    0.0399461            0
           0   0.00182632    0.0570786     0.139383      0.23629     0.333157     0.415367     0.470543     0.490428     0.472144     0.418631     0.338203     0.243295     0.148575    0.0687208            0
           0    0.0059859    0.0834896     0.198227      0.33304     0.467669     0.581848     0.658402     0.685869     0.660248     0.585618     0.473525      0.34123     0.209087    0.0974548            0
           0   0.00962308     0.106008     0.248229     0.415144      0.58174     0.722976     0.817619     0.851492     0.819648     0.727131     0.588218     0.424253     0.260405      0.12184            0
           0     0.012179     0.121231     0.281854     0.470246     0.658218     0.817542     0.924272     0.962422     0.926411     0.821927     0.665071     0.479916     0.294846      0.13824            0
           0    0.0132924     0.126897      0.29408     0.490101     0.685653     0.851383     0.962389      1.00205     0.964552      0.85582     0.692595     0.499912     0.307288     0.144235            0
           0    0.0128428     0.122223     0.283159     0.471835      0.66005     0.819556     0.926394     0.964568     0.928493      0.82386     0.666781     0.481342     0.295945     0.138982            0
           0     0.010965     0.108018      0.25088     0.418384     0.585482     0.727099     0.821969     0.855894     0.823918     0.731092     0.591716     0.427164     0.262641     0.123347            0
           0   0.00803108    0.0865657     0.202305     0.338048     0.473481     0.588275       0.6652     0.692754     0.666923     0.591801     0.478968     0.345742     0.212539    0.0997714            0
           0    0.0046019    0.0612811     0.144999     0.243243     0.341284     0.424404     0.480135     0.500159     0.481572     0.427338     0.345833     0.249582      0.15335     0.071903            0
           0   0.00135912    0.0362105    0.0878973     0.148611     0.209221     0.260626     0.295128     0.307594     0.296235      0.26288     0.212701     0.153425    0.0941679    0.0440436            0
           0 -0.000966233    0.0154382    0.0399589    0.0688077    0.0976216     0.122077     0.138527     0.144541     0.139274     0.123597    0.0999568    0.0720158    0.0440899    0.0204991            0
           0            0            0            0            0            0            0            0            0            0            0            0            0            0            0            0
