          0           0           0           0           0           0           0           0           0           0           0           0           0           0           0           0
          0 -0.00708143 -0.00600578 -0.00306731 0.000897015  0.00508978  0.00878895   0.0114122   0.0125814   0.0121687   0.0103118   0.0073947   0.0039972 0.000822468 -0.00137961           0
          0 -0.00614979   0.0075669   0.0293615   0.0555639   0.0820111    0.104612    0.119927    0.125674    0.121058    0.106892   0.0854768   0.0602549   0.0353042   0.0147386           0
          0 -0.00345018    0.029085   0.0785705    0.137267    0.196153    0.246258    0.280002    0.292333    0.281488    0.249263     0.20074    0.143523   0.0865902   0.0389415           0
          0 0.000215574   0.0549265    0.136881      0.2336    0.330403    0.412634    0.467881    0.487862    0.469688    0.416299    0.336027     0.24133    0.146907   0.0674688           0
          0  0.00409847   0.0809922    0.195349    0.329971     0.46455    0.578773    0.655421    0.683001      0.6575       0.583    0.471064    0.338986    0.207161   0.0959913           0
          0   0.0075276    0.103257    0.245081    0.411811    0.578375    0.719677    0.814433    0.848434    0.816716    0.724326    0.585566    0.421817    0.258295     0.12022           0
          0   0.0099649    0.118339    0.278564     0.46678    0.654738    0.814145    0.921005    0.959291    0.923407    0.819046    0.662334    0.477387    0.292641    0.136534           0
          0   0.0110622    0.123994    0.290789    0.486647    0.682198    0.848022    0.959166    0.998963    0.961593    0.852977    0.689886    0.497398    0.305086    0.142524           0
          0   0.0107022    0.119441     0.28001    0.468538    0.656759    0.816362    0.923337    0.961647    0.925691    0.821166     0.66421    0.478952    0.293847    0.137348           0
          0  0.00901223    0.105479    0.248006    0.415376    0.582483    0.724193     0.81919    0.853242    0.821376    0.728649    0.589384    0.424996    0.260739    0.121866           0
          0  0.00634678     0.08437    0.199815    0.335441     0.47088    0.585756    0.662793    0.690459    0.664727    0.589692    0.476959    0.343877    0.210906   0.0985038           0
          0  0.00324238   0.0595012    0.142975    0.241119    0.339163    0.422348    0.478171    0.498288    0.479785    0.425626    0.344206    0.248076    0.152037   0.0708893           0
          0 0.000353275   0.0348861   0.0863855     0.14702    0.207629    0.259082    0.293653    0.306191    0.294896    0.261601    0.211489    0.152309   0.0931999   0.0433017           0
          0 -0.00161474   0.0145792   0.0389742   0.0677685   0.0965804    0.121067    0.137561    0.143623      0.1384    0.122763     0.09917   0.0712939   0.0434675   0.0200258           0
          0           0           0           0           0           0           0           0           0           0           0           0           0           0           0           0
