          0           0           0           0           0           0           0           0           0           0           0           0           0           0           0           0
          0 -0.00714713 -0.00609288 -0.00316738 0.000791007  0.00498283  0.00868393   0.0113101   0.0124821   0.0120716   0.0102168  0.00730292  0.00391163 0.000748115 -0.00143601           0
          0 -0.00625772  0.00742487   0.0291987   0.0553912   0.0818362    0.104439    0.119759    0.125509    0.120897    0.106735   0.0853247    0.060113   0.0351805   0.0146441           0
          0 -0.00360568    0.028882   0.0783389    0.137021    0.195904    0.246012    0.279761    0.292097    0.281256    0.249036    0.200521    0.143319   0.0864112   0.0388035           0
          0 1.08341e-05   0.0546613     0.13658    0.233281     0.33008    0.412314    0.467567    0.487555    0.469387    0.416004    0.335741    0.241061     0.14667   0.0672854           0
          0  0.00384781   0.0806693    0.194983    0.329585     0.46416    0.578386    0.655042     0.68263    0.657135    0.582641    0.470716    0.338659    0.206872   0.0957652           0
          0  0.00723962    0.102887    0.244664    0.411371     0.57793    0.719237    0.814002    0.848011    0.816299    0.723917    0.585168    0.421442    0.257963    0.119959           0
          0  0.00965283     0.11794    0.278113    0.466306    0.654259    0.813672     0.92054    0.958836    0.922958    0.818604    0.661905    0.476981    0.292281    0.136251           0
          0   0.0107424    0.123585    0.290328    0.486163    0.681709    0.847539    0.958692    0.998498    0.961135    0.852526    0.689447    0.496983    0.304718    0.142233           0
          0   0.0103922    0.119044    0.279563    0.468068    0.656285    0.815894    0.922878    0.961196    0.925247    0.820729    0.663785     0.47855     0.29349    0.137067           0
          0  0.00872842    0.105115    0.247596    0.414944    0.582048    0.723763    0.818769    0.852828    0.820969    0.728249    0.588994    0.424628    0.260412    0.121609           0
          0  0.00610267   0.0840564    0.199461    0.335069    0.470504    0.585384    0.662429    0.690103    0.664376    0.589347    0.476623    0.343561    0.210625   0.0982836           0
          0  0.00304697   0.0592492     0.14269    0.240819     0.33886    0.422049    0.477879    0.498001    0.479503    0.425349    0.343937    0.247822    0.151812    0.070714           0
          0 0.000210515   0.0347012   0.0861758    0.146799    0.207407    0.258863     0.29344    0.305982    0.294691    0.261399    0.211292    0.152124   0.0930366   0.0431747           0
          0 -0.00170554    0.014461   0.0388401   0.0676275   0.0964387    0.120928    0.137426    0.143491     0.13827    0.122636   0.0990458    0.071177   0.0433644    0.019946           0
          0           0           0           0           0           0           0           0           0           0           0           0           0           0           0           0
