           0            0            0            0            0            0            0            0            0            0            0            0            0            0            0            0
           0  -0.00721227  -0.00617926  -0.00326661  0.000685903   0.00487681   0.00857984     0.011209    0.0123837    0.0119754    0.0101226   0.00721191   0.00382675  0.000674332  -0.00149198            0
           0  -0.00636491    0.0072836    0.0290365    0.0552188    0.0816611     0.104266     0.119589     0.125344     0.120735     0.106576    0.0851722    0.0599711    0.0350571    0.0145499            0
           0  -0.00376032    0.0286797    0.0781072     0.136775     0.195653     0.245763     0.279517     0.291858     0.281022     0.248807       0.2003     0.143113    0.0862317    0.0386655            0
           0 -0.000192969    0.0543963     0.136277      0.23296     0.329753     0.411989     0.467247     0.487241     0.469078     0.415702      0.33545      0.24079     0.146433    0.0671014            0
           0   0.00359812    0.0803462     0.194616     0.329195     0.463763     0.577991     0.654653     0.682248     0.656759     0.582273     0.470361     0.338327      0.20658    0.0955383            0
           0   0.00695263     0.102517     0.244244     0.410926     0.577477     0.718786     0.813558     0.847574      0.81587     0.723496     0.584761     0.421061     0.257627     0.119697            0
           0   0.00934174      0.11754     0.277659     0.465825      0.65377     0.813185     0.920061     0.958364     0.922495     0.818149     0.661465     0.476569     0.291917     0.135967            0
           0    0.0104236     0.123175     0.289863     0.485671     0.681209     0.847042     0.958202     0.998016     0.960661     0.852061     0.688996     0.496561     0.304345     0.141941            0
           0    0.0100831     0.118647     0.279112     0.467592       0.6558     0.815412     0.922403      0.96073     0.924788     0.820279     0.663348     0.478141     0.293128     0.136784            0
           0   0.00844549     0.104751     0.247183     0.414508     0.581604     0.723321     0.818334     0.852401     0.820549     0.727836     0.588595     0.424254     0.260082      0.12135            0
           0   0.00585937    0.0837425     0.199105     0.334692     0.470121     0.585004     0.662055     0.689735     0.664014     0.588992      0.47628     0.343239     0.210341    0.0980622            0
           0   0.00285227    0.0589972     0.142403     0.240516     0.338552     0.421744     0.477579     0.497707     0.479214     0.425065     0.343662     0.247565     0.151586    0.0705381            0
           0  6.83456e-05    0.0345164    0.0859655     0.146577     0.207181      0.25864     0.293221     0.305768     0.294481     0.261193     0.211093     0.151937    0.0928722    0.0430474            0
           0  -0.00179591    0.0143431    0.0387059    0.0674861    0.0962961     0.120787     0.137289     0.143357     0.138139     0.122507    0.0989206    0.0710593    0.0432609    0.0198662            0
           0            0            0            0            0            0            0            0            0            0            0            0            0            0            0            0
