         0          0          0          0          0          0          0          0          0          0          0          0          0          0          0          0
         0 0.00277291 0.00746807  0.0134892  0.0200703  0.0263454  0.0314618  0.0347022  0.0355884  0.0339509  0.0299561  0.0240909  0.0171114 0.00997525 0.00380516          0
         0 0.00826421   0.024689  0.0471327  0.0725266  0.0972949   0.117881   0.131278   0.135481   0.129778   0.114863  0.0927416  0.0664593  0.0396987  0.0163242          0
         0   0.015892  0.0494336  0.0962259   0.149739   0.202287   0.246205   0.275012   0.284381   0.272782   0.241696   0.195413   0.140415  0.0844359  0.0353356          0
         0  0.0246324  0.0781576   0.153536   0.240148   0.325443   0.396889   0.443905    0.45944   0.440995   0.390971    0.31633   0.227587   0.137231  0.0578121          0
         0  0.0332278   0.106608   0.210466   0.330084   0.448032   0.546915   0.612076    0.63378   0.608579   0.539768   0.436932   0.314578   0.189942  0.0802612          0
         0  0.0404041   0.130511   0.258409   0.405899   0.551402   0.673407   0.753843   0.780751   0.749901   0.665316    0.53875   0.388053   0.234469    0.09922          0
         0  0.0450767   0.146238   0.290081   0.456071   0.619856   0.757182   0.847727   0.878085    0.84352   0.748522   0.606253   0.436766   0.263974   0.111767          0
         0  0.0465193   0.151368    0.30062   0.472932   0.642983   0.785567   0.879588   0.911142    0.87532   0.776773   0.629141   0.453238   0.273904   0.115954          0
         0  0.0444741    0.14504   0.288309   0.453772    0.61711   0.754103   0.844457    0.87478   0.840342   0.745628   0.603781   0.434827   0.262646   0.111093          0
         0   0.039192   0.128092   0.254817   0.401217   0.545787   0.667088   0.747114   0.773943   0.743359   0.659369   0.533686   0.384095   0.231767  0.0978541          0
         0  0.0314004   0.102938   0.204968   0.322859   0.439302   0.537034   0.601513   0.623077   0.598302   0.530454    0.42904   0.308451   0.185787  0.0781724          0
         0  0.0222048  0.0732205   0.146032   0.230152    0.31323   0.382953   0.428928   0.444232   0.426408   0.377808   0.305259   0.219077   0.131529  0.0549777          0
         0  0.0129461   0.043287  0.0866403   0.136695   0.186093   0.227518   0.254793   0.263797   0.253065   0.224004   0.180687   0.129274  0.0771288  0.0317882          0
         0 0.00505503   0.017571  0.0354846  0.0561272  0.0764592  0.0934764   0.104646   0.108277    0.10377  0.0916994  0.0737407  0.0524363  0.0308604  0.0122765          0
         0          0          0          0          0          0          0          0          0          0          0          0          0          0          0          0
