           0            0            0            0            0            0            0            0            0            0            0            0            0            0            0            0
           0  -0.00263934  -0.00348403  -0.00271711 -0.000812975   0.00161409   0.00393521   0.00561484   0.00629643   0.00585824   0.00443296   0.00238927  0.000278047  -0.00124883  -0.00153387            0
           0   -0.0047726  -0.00387931   0.00172026    0.0103791    0.0200983    0.0288674    0.0349829    0.0373104    0.0354587    0.0298399    0.0216103    0.0124997   0.00455219 -0.000186287            0
           0  -0.00660638  -0.00200473    0.0115872    0.0307838    0.0515901    0.0700235    0.0827196    0.0874395    0.0834072    0.0714276    0.0537697    0.0338314     0.015633   0.00321264            0
           0   -0.0081983    0.0012616    0.0246332    0.0564772     0.090468     0.120332      0.14078     0.148293      0.14165     0.122109    0.0932229    0.0603215    0.0297195   0.00778584            0
           0  -0.00952907   0.00501573    0.0383385    0.0829418     0.130177     0.171493     0.199692     0.209985      0.20071      0.17357     0.133396    0.0874302    0.0442693    0.0126107            0
           0   -0.0105449    0.0084089    0.0502428     0.105712     0.164201     0.215234         0.25     0.262642     0.251124     0.217528     0.167757     0.110671    0.0567966    0.0168045            0
           0   -0.0111862    0.0107449    0.0582866     0.121025     0.187033     0.244552     0.283698     0.297904     0.284884     0.246973     0.190787     0.126263    0.0652159    0.0196337            0
           0   -0.0114068    0.0115688    0.0611051     0.126378     0.195002     0.254775     0.295439     0.310184     0.296638     0.257223     0.198802     0.131688    0.0681417    0.0206131            0
           0   -0.0111851    0.0107298    0.0582278     0.120897     0.186819     0.244255     0.283337     0.297511     0.284498     0.246629     0.190509     0.126063    0.0650903    0.0195746            0
           0   -0.0105252   0.00840607    0.0501516      0.10547     0.163771      0.21462     0.249245      0.26182     0.250318     0.216816     0.167191     0.110272    0.0565541    0.0166937            0
           0  -0.00944837   0.00509099    0.0382774    0.0826223     0.129529      0.17052      0.19847     0.208647     0.199405     0.172436     0.132521    0.0868415    0.0439354    0.0124689            0
           0  -0.00797052   0.00154584    0.0247244    0.0561507    0.0895971     0.118922     0.138961     0.146288     0.139712     0.120463    0.0920123    0.0595752    0.0293568   0.00766353            0
           0  -0.00606018  -0.00126206    0.0120555    0.0305767    0.0504915    0.0680451    0.0800832    0.0845126    0.0806092    0.0691273    0.0521944    0.0330082    0.0153847   0.00322789            0
           0  -0.00355824  -0.00220742   0.00296674    0.0105076    0.0187602    0.0260991     0.031161    0.0330425    0.0314323    0.0266581     0.019643    0.0117769   0.00472953  0.000245332            0
           0            0            0            0            0            0            0            0            0            0            0            0            0            0            0            0
