           0            0            0            0            0            0            0            0            0            0            0            0            0            0            0            0
           0  -0.00230244  -0.00197245  0.000610606   0.00467889   0.00927264    0.0134183     0.016289    0.0173337    0.0163626    0.0135778    0.0095468   0.00512524   0.00134253 -0.000720188            0
           0  -0.00326093   0.00236747    0.0151693     0.032367    0.0506293    0.0666156    0.0774968    0.0813874    0.0776319    0.0669057    0.0511201    0.0331463    0.0163984   0.00434212            0
           0  -0.00327833    0.0114448    0.0403569    0.0776876     0.116632     0.150402     0.173259     0.181382     0.173436     0.150777     0.117252    0.0786387    0.0417873    0.0136011            0
           0  -0.00270561    0.0232509    0.0715384     0.132852     0.196313       0.2511     0.288084     0.301186     0.288281     0.251512     0.196975     0.133827    0.0729235    0.0251928            0
           0  -0.00186896    0.0355497     0.103384      0.18879     0.276816     0.352629     0.403726     0.421795     0.403928     0.353042      0.27746     0.189691     0.104577    0.0370703            0
           0  -0.00105935    0.0461621     0.130629     0.236489     0.345344     0.438961     0.501996     0.524261     0.502193     0.439357     0.345941     0.237282     0.131595    0.0472407            0
           0 -0.000508811    0.0532657     0.148838     0.268345     0.391085      0.49656     0.567539     0.592594     0.567729     0.496938      0.39164     0.269052     0.149636    0.0540343            0
           0 -0.000365869    0.0556537     0.155061      0.27929     0.406835     0.516412     0.590137     0.616156     0.590324     0.516782     0.407376     0.279972     0.155815     0.056342            0
           0 -0.000677025    0.0529107      0.14827     0.267546     0.390059     0.495341      0.56619     0.591198     0.566378     0.495716     0.390617     0.268271     0.149115    0.0537755            0
           0  -0.00137721    0.0454783     0.129511     0.234887     0.343258     0.436459     0.499211     0.521374     0.499401     0.436844     0.343851       0.2357     0.130551    0.0467267            0
           0  -0.00228847    0.0346056     0.101766     0.186383       0.2736     0.348707      0.39932     0.417212     0.399506     0.349092     0.274215     0.187278     0.103018    0.0363172            0
           0   -0.0031217    0.0221956    0.0695361     0.129661     0.191861     0.245533     0.281746     0.294564     0.281913     0.245887     0.192448     0.130563    0.0708971    0.0242532            0
           0  -0.00346784     0.010586    0.0382122     0.073783     0.110801     0.142843     0.164501     0.172181      0.16463     0.143121     0.111276    0.0745481    0.0394447    0.0126223            0
           0   -0.0027441   0.00232183    0.0133563    0.0279156    0.0432204    0.0565349    0.0655603    0.0687696    0.0656313    0.0566897    0.0434905    0.0283663    0.0141238    0.0037088            0
           0            0            0            0            0            0            0            0            0            0            0            0            0            0            0            0
