           0            0            0            0            0            0            0            0            0            0            0            0            0            0            0            0
           0    -0.001773  -0.00275684  -0.00298956  -0.00265195  -0.00199101  -0.00126275 -0.000685605 -0.000404673 -0.000468781 -0.000822753  -0.00131571  -0.00172476  -0.00179221   -0.0012742            0
           0  -0.00355323  -0.00483608  -0.00415274  -0.00208866  0.000631035   0.00327403   0.00522019   0.00605801   0.00564749   0.00414187   0.00196507 -0.000252551  -0.00177315  -0.00187584            0
           0  -0.00539329  -0.00645494  -0.00394671  0.000950409   0.00684261    0.0123438    0.0162866    0.0178972    0.0169111    0.0136139    0.0087995   0.00365402 -0.000422059  -0.00202941            0
           0  -0.00721639  -0.00772366  -0.00285094   0.00551645    0.0152107    0.0240962    0.0303808     0.032878    0.0311816    0.0257271    0.0177305   0.00901324   0.00173893  -0.00189971            0
           0  -0.00887798  -0.00869074  -0.00134761     0.010559    0.0240918    0.0363743    0.0449984    0.0483708     0.045946    0.0383074    0.0270866    0.0147328   0.00416651  -0.00162668            0
           0   -0.0102121  -0.00937042  0.000118138    0.0150598    0.0318665    0.0470368     0.057644     0.061753    0.0587009    0.0491956     0.035219    0.0197493   0.00634686  -0.00133022            0
           0   -0.0110695  -0.00976023   0.00118535    0.0181707    0.0371735    0.0542763    0.0662075    0.0708052    0.0673287    0.0565688    0.0407404    0.0231739   0.00785635  -0.00110433            0
           0   -0.0113462  -0.00985181    0.0016206    0.0193322     0.039109    0.0568889    0.0692814    0.0740466    0.0704169    0.0592122    0.0427282    0.0244177   0.00841673  -0.00100884            0
           0   -0.0110024  -0.00963643   0.00134848    0.0183537    0.0373596    0.0544541    0.0663722    0.0709568    0.0674694    0.0567002    0.0408607    0.0232773   0.00793351  -0.00106274            0
           0   -0.0100676  -0.00910542  0.000463835    0.0154426    0.0322499    0.0473975    0.0579733    0.0620537    0.0589808    0.0494601    0.0354656    0.0199651    0.0065106  -0.00124099            0
           0  -0.00863195  -0.00824477 -0.000775799    0.0111783    0.0246958    0.0369264    0.0454896     0.048813    0.0463596    0.0387076    0.0274725    0.0150821   0.00443932  -0.00147509            0
           0  -0.00682277  -0.00702264   -0.0019747   0.00643515    0.0160717    0.0248485    0.0310221    0.0334412    0.0317134    0.0262639     0.018278   0.00953612   0.00216549  -0.00165538            0
           0  -0.00476586   -0.0053667  -0.00263324   0.00226853   0.00801189    0.0132989    0.0170451    0.0185348     0.017525    0.0142815   0.00954375   0.00442221  0.000244159  -0.00163026            0
           0  -0.00252536  -0.00312503  -0.00218147 -0.000217616   0.00217389   0.00441414   0.00602001   0.00667313   0.00626583   0.00491748   0.00295881  0.000886854 -0.000702182  -0.00118977            0
           0            0            0            0            0            0            0            0            0            0            0            0            0            0            0            0
