         0          0          0          0          0          0          0          0          0          0          0          0          0          0          0          0
         0 0.00200477 0.00373823 0.00511685 0.00613945 0.00683833  0.0072546  0.0074244 0.00737084  0.0070999 0.00659991 0.00584472 0.00480189 0.00344886  0.0018048          0
         0 0.00453462 0.00879136  0.0126068  0.0158667  0.0184702  0.0203237  0.0213465  0.0214814  0.0207032   0.019023   0.016488   0.013178 0.00920586 0.00473044          0
         0 0.00752058   0.014909  0.0219419  0.0283252  0.0337128  0.0377502  0.0401283  0.0406331  0.0391802  0.0358278  0.0307669  0.0242913  0.0167555 0.00853441          0
         0  0.0107039  0.0215017  0.0321265  0.0420751  0.0506967   0.057308  0.0613095  0.0622877  0.0600828   0.054813  0.0468518  0.0367604  0.0251906   0.012771          0
         0  0.0137253   0.027792   0.041903  0.0553484  0.0671691  0.0763441  0.0819755  0.0834439  0.0805116  0.0733585  0.0625446  0.0489047  0.0333908  0.0168839          0
         0   0.016204  0.0329681  0.0499759  0.0663444  0.0808519   0.092189  0.0992014   0.101093  0.0975581    0.08883  0.0756281  0.0590207   0.040215   0.020304          0
         0  0.0178083  0.0363269  0.0552296  0.0735196  0.0898003   0.102569     0.1105   0.112676   0.108749  0.0989857  0.0842124  0.0656534  0.0446859  0.0225434          0
         0  0.0183123  0.0373912  0.0569097  0.0758334  0.0927058   0.105957     0.1142   0.116478   0.112425   0.102321  0.0870274  0.0678239  0.0461456  0.0232732          0
         0  0.0176335  0.0359871  0.0547429  0.0729106  0.0890981   0.101805   0.109706   0.111885   0.107993  0.0982962  0.0836184  0.0651812  0.0443576   0.022375          0
         0  0.0158448  0.0322703  0.0489778  0.0650975   0.079416  0.0906281  0.0975812   0.099479  0.0960157  0.0874217  0.0744137  0.0580544  0.0395425  0.0199589          0
         0   0.013161  0.0266978  0.0403422   0.053404  0.0649354  0.0739208  0.0794632  0.0809426  0.0781196  0.0711718  0.0606554  0.0473985  0.0323407  0.0163442          0
         0  0.0098999  0.0199481    0.02992  0.0393385  0.0475657  0.0539215  0.0578052  0.0588005  0.0567451  0.0517556  0.0442026  0.0346411  0.0237083  0.0120076          0
         0 0.00642251  0.0127994  0.0189667   0.024661  0.0295455  0.0332629  0.0354971  0.0360275  0.0347661  0.0317716  0.0272363  0.0214516  0.0147593 0.00750279          0
         0 0.00305597 0.00597963 0.00868646  0.0110889  0.0130833  0.0145596   0.015419  0.0155912  0.0150465  0.0138004  0.0119103 0.00946539 0.00657472 0.00336355          0
         0          0          0          0          0          0          0          0          0          0          0          0          0          0          0          0
