         0          0          0          0          0          0          0          0          0          0          0          0          0          0          0          0
         0 0.00385072 0.00861809  0.0138488  0.0190645  0.0237554  0.0274254  0.0296556  0.0301642  0.0288487   0.025804  0.0213143  0.0158259 0.00991774 0.00430955          0
         0 0.00990667    0.02458  0.0425317  0.0617444  0.0798934  0.0946643   0.104092   0.106857   0.102486  0.0914267  0.0749892   0.055162  0.0343547  0.0151277          0
         0  0.0177381  0.0462568  0.0826149   0.122476   0.160724   0.192229   0.212626   0.218981   0.210244   0.187411   0.153369   0.112466  0.0698727  0.0308395          0
         0  0.0264499   0.070862   0.128627   0.192676   0.254577   0.305846    0.33925   0.349931    0.33615   0.299547   0.244887   0.179317   0.111262  0.0491256          0
         0  0.0348987  0.0949763   0.173976   0.262104   0.347607   0.418629   0.465062   0.480111   0.461342   0.411042   0.335857   0.245735   0.152354  0.0672628          0
         0  0.0419058   0.115123   0.212011   0.320467   0.425923   0.513664   0.571139   0.589908   0.566945   0.505087   0.412571   0.301721    0.18697  0.0825267          0
         0  0.0464571   0.128331    0.23706   0.359006   0.477723   0.576588   0.641418   0.662676   0.636939    0.56741    0.46339   0.338783   0.209861  0.0926044          0
         0  0.0478679     0.1326   0.245317   0.371849   0.495097   0.597778   0.665142   0.687268   0.660596   0.588457   0.480519   0.351234   0.217512  0.0959459          0
         0  0.0458924   0.127216   0.235425   0.356906   0.475235   0.573816   0.638487   0.659723   0.634106   0.564834   0.461189   0.337053   0.208673  0.0920002          0
         0  0.0407625   0.112861   0.208688   0.316187   0.420844   0.507996   0.565138    0.58386   0.561144   0.499814   0.408072   0.298192    0.18455  0.0812984          0
         0  0.0331523  0.0915091   0.168862   0.255489   0.339726   0.409809   0.455706   0.470673   0.452292   0.402827   0.328865   0.240269    0.14862  0.0653737          0
         0  0.0240747  0.0661163   0.121574   0.183488   0.243569    0.29347   0.326084   0.336634   0.323403   0.288001   0.235098   0.171708     0.1061  0.0465315          0
         0  0.0147292  0.0401692  0.0734505   0.110405   0.146132   0.175721   0.194993    0.20114   0.193153   0.171977   0.140361   0.102448  0.0631609  0.0275145          0
         0 0.00633398  0.0171489  0.0310855   0.046404  0.0611134  0.0732322  0.0810769  0.0835162  0.0801423  0.0713338  0.0581995  0.0424181  0.0260128  0.0111335          0
         0          0          0          0          0          0          0          0          0          0          0          0          0          0          0          0
