           0            0            0            0            0            0            0            0            0            0            0            0            0            0            0            0
           0 -0.000790927   0.00140075   0.00602218    0.0121218    0.0185431    0.0241197     0.027861     0.029105    0.0276217    0.0236502      0.01787    0.0113106   0.00522585  0.000973802            0
           0  0.000604362    0.0119192      0.03166    0.0562765    0.0815458     0.103236     0.117759     0.122717     0.117271     0.102271    0.0801341    0.0545011    0.0297128    0.0102168            0
           0   0.00361846    0.0293578    0.0722826     0.124965     0.178639     0.224546     0.255265     0.265837     0.254519     0.223053     0.176406     0.122033     0.068768    0.0255266            0
           0   0.00755738    0.0506415     0.121163     0.207118       0.2944     0.368931     0.418788     0.436008     0.417785     0.366902     0.291306     0.202914     0.115815    0.0441524            0
           0    0.0116561     0.072224     0.170449     0.289748     0.410681     0.513859      0.58287     0.606749     0.581631     0.511333     0.406772     0.284307     0.163263    0.0630044            0
           0    0.0151703    0.0905917     0.212321     0.359894     0.509351     0.636809     0.722054     0.751581     0.720627     0.633883     0.504777     0.353426     0.203587    0.0790444            0
           0    0.0174771     0.102779     0.240164     0.406578     0.575045     0.718686     0.814753     0.848048     0.813209      0.71551     0.570051     0.399454      0.23043    0.0897135            0
           0    0.0181636     0.106808      0.24956     0.422462     0.597487     0.746717     0.846524     0.881125     0.844951     0.743478     0.592383     0.415161     0.239547     0.093305            0
           0    0.0170881     0.101987     0.238956     0.404957     0.573044      0.71638     0.812253     0.845491     0.810745     0.713278     0.568164     0.397995     0.229443    0.0892182            0
           0    0.0144054    0.0890233     0.209903     0.356617     0.505276     0.632085     0.716915      0.74632     0.715558     0.629303     0.500923     0.350462     0.201596    0.0780497            0
           0    0.0105537    0.0699243     0.166831     0.284754     0.404381     0.506484       0.5748     0.598468     0.573663     0.504165      0.40079     0.279755     0.160243    0.0615121            0
           0   0.00621261     0.047731     0.116404     0.200336     0.285645     0.358525     0.407302     0.424185     0.406431     0.356761     0.282951     0.196675     0.111769    0.0421979            0
           0    0.0022522    0.0261192    0.0665568     0.116344     0.167108     0.210539     0.239618     0.249665     0.239035     0.209366     0.165347     0.114026    0.0638004    0.0232466            0
           0 -0.000277362   0.00896763    0.0253746    0.0458345     0.066805    0.0847888    0.0968378     0.100987    0.0965468    0.0842082     0.065946    0.0447401    0.0241747   0.00801884            0
           0            0            0            0            0            0            0            0            0            0            0            0            0            0            0            0
