         0          0          0          0          0          0          0          0          0          0          0          0          0          0          0          0
         0 0.00298684 0.00789581  0.0141286  0.0209132  0.0273724   0.032637  0.0359709  0.0368805  0.0351903  0.0310728  0.0250304  0.0178372  0.0104669  0.0040528          0
         0 0.00869219  0.0255466  0.0484195  0.0742318  0.0993849   0.120286   0.133885   0.138141   0.132327   0.117152   0.094657  0.0679316  0.0406918  0.0168231          0
         0  0.0165323  0.0507217  0.0981711   0.152339   0.205509   0.249953   0.279107   0.288572   0.276788   0.245267   0.198374    0.14267  0.0859455  0.0360904          0
         0  0.0254776  0.0798668   0.156141   0.243677   0.329886   0.402143   0.449717   0.465417   0.446686   0.395988   0.320428   0.230661   0.139266  0.0588231          0
         0  0.0342593   0.108707   0.213699   0.334538   0.453758   0.553828   0.619847   0.641822   0.616196   0.546384   0.442229   0.318478   0.192487  0.0815149          0
         0  0.0415864    0.13293   0.262178   0.411179   0.558336   0.681961   0.763611    0.79092   0.759484   0.673517   0.545185   0.392697   0.237455   0.100679          0
         0  0.0463548   0.148866   0.294208   0.461927   0.627672   0.766979   0.859045   0.889918   0.854629   0.757927   0.613522   0.441933   0.267259   0.113361          0
         0   0.047822   0.154051   0.304849   0.478963   0.651083   0.795784   0.891442   0.923557   0.886959   0.786586   0.636682   0.458567   0.277276   0.117587          0
         0  0.0457239   0.147611    0.29235   0.459514   0.624783    0.76373   0.855586    0.88642   0.851268   0.754873   0.610922   0.439898   0.265867   0.112656          0
         0  0.0403177   0.130399   0.258417   0.406272   0.552441   0.675315   0.756523   0.783745   0.752593   0.667264   0.539871   0.388551   0.234627  0.0992495          0
         0  0.0323466   0.104867   0.207949    0.32698    0.44462   0.543478   0.608773   0.630598   0.605423   0.536629   0.433972   0.312071   0.188144  0.0793313          0
         0  0.0229353  0.0747017   0.148299    0.23324   0.317139   0.387598   0.434085   0.449544   0.431462   0.382252   0.308875   0.221779   0.133312  0.0558609          0
         0  0.0134405  0.0442853  0.0881567   0.138737   0.188642   0.230503    0.25807   0.267158   0.256276   0.226856    0.18304   0.131055  0.0783155  0.0323796          0
         0 0.00530396  0.0180723  0.0362425   0.057141  0.0777143  0.0949342   0.106237   0.109905   0.105327  0.0930911  0.0748974  0.0533186  0.0314516  0.0125721          0
         0          0          0          0          0          0          0          0          0          0          0          0          0          0          0          0
