           0            0            0            0            0            0            0            0            0            0            0            0            0            0            0            0
           0  -0.00226183  -0.00189114   0.00073235   0.00483976   0.00946924    0.0136441    0.0165334    0.0175833    0.0166024    0.0137939   0.00972856    0.0052656   0.00143755 -0.000672362            0
           0  -0.00317972    0.0025304    0.0154142    0.0326922    0.0510291    0.0670776    0.0779994    0.0819016    0.0781253    0.0673487    0.0514907     0.033431    0.0165904    0.0044385            0
           0  -0.00315696    0.0116892    0.0407264    0.0781828     0.117248     0.151121     0.174049     0.182193     0.174213     0.151468     0.117825    0.0790746    0.0420789    0.0137469            0
           0  -0.00254567    0.0235745    0.0720321     0.133523      0.19716     0.252108     0.289206     0.302346     0.289387     0.252485     0.197768     0.134421    0.0733165     0.025388            0
           0  -0.00167411    0.0359462     0.103996     0.189633     0.277907     0.353957     0.405232     0.423362     0.405414     0.354329     0.278485     0.190444     0.105069    0.0373122            0
           0 -0.000836367    0.0466184      0.13134     0.237487     0.346663     0.440607     0.503898     0.526256     0.504073     0.440957     0.347188     0.238179      0.13217     0.047522            0
           0 -0.000268003    0.0537606     0.149615      0.26945     0.392571     0.498449     0.569753     0.594928      0.56992     0.498779     0.393051      0.27005      0.15027    0.0543417            0
           0 -0.000120449     0.056159     0.155857     0.280428     0.408376     0.518385     0.592462     0.618612     0.592626     0.518707     0.408842     0.281002     0.156465    0.0566568            0
           0  -0.00044137    0.0533954     0.149032     0.268631     0.391521     0.497202     0.568372       0.5935     0.568538      0.49753     0.392006     0.269252     0.149737    0.0540772            0
           0  -0.00116461    0.0459141     0.130191     0.235844     0.344528     0.438048     0.501051     0.523305      0.50122     0.438391     0.345054     0.236563     0.131104    0.0469964            0
           0  -0.00210938    0.0349709     0.102332     0.187166     0.274617     0.349951     0.400736     0.418687     0.400903     0.350299     0.275174      0.18798     0.103475    0.0365415            0
           0  -0.00298317    0.0224768    0.0699672      0.13025      0.19261     0.246429     0.282749     0.295602     0.282902     0.246754     0.193151     0.131088    0.0712428    0.0244244            0
           0  -0.00337392    0.0107759    0.0385012    0.0741734      0.11129     0.143419     0.165137     0.172837     0.165257     0.143677     0.111734    0.0748942     0.039675    0.0127369            0
           0  -0.00269679   0.00241726    0.0135009    0.0281097    0.0434617    0.0568165    0.0658691    0.0690865     0.065935     0.056961    0.0437157    0.0285378    0.0142386   0.00376614            0
           0            0            0            0            0            0            0            0            0            0            0            0            0            0            0            0
