         0          0          0          0          0          0          0          0          0          0          0          0          0          0          0          0
         0 0.00347568 0.00703012  0.0104067  0.0134215  0.0159121  0.0177302  0.0187519  0.0188926  0.0181192  0.0164562  0.0139861  0.0108469 0.00723716 0.00345097          0
         0  0.0083187  0.0181802  0.0288526   0.039451  0.0489868  0.0564823  0.0611062  0.0622972  0.0598493   0.053945  0.0451314  0.0342481  0.0223283  0.0105088          0
         0   0.014296  0.0325776   0.053498  0.0751069  0.0951041   0.111175   0.121344   0.124276   0.119487   0.107413  0.0893486  0.0672497  0.0434446  0.0203141          0
         0  0.0208069  0.0485686  0.0812577   0.115671   0.147937   0.174131   0.190891    0.19595   0.188481    0.16923    0.14039   0.105253  0.0676889  0.0315354          0
         0  0.0270555  0.0640698   0.108356   0.155463   0.199943   0.236246   0.259613    0.26683   0.256729   0.230363   0.190831   0.142767  0.0915851  0.0425761          0
         0  0.0322107  0.0769414   0.130957   0.188752    0.24354   0.288391   0.317357   0.326418   0.314112   0.281756   0.233216   0.174268   0.111631  0.0518265          0
         0  0.0355534  0.0853451   0.145779   0.210648   0.272274   0.322806     0.3555   0.365796   0.352038   0.315717   0.261212   0.195057   0.124846  0.0579152          0
         0  0.0365963  0.0880398   0.150612   0.217867   0.281816   0.334288   0.368262   0.378991   0.364751   0.327091   0.270569   0.201983   0.129228  0.0599213          0
         0  0.0351629  0.0845792   0.144667   0.209237   0.270622   0.320983   0.353586   0.363877   0.350201   0.314044   0.259777   0.193924   0.124064   0.057516          0
         0  0.0314147  0.0753796    0.12869    0.18587   0.240164   0.284665   0.313445   0.322494   0.310354   0.278334   0.230284   0.171954   0.110034  0.0510122          0
         0  0.0258241  0.0616513   0.104842   0.150992   0.194699   0.230454   0.253527   0.260724    0.25088   0.225038   0.186271   0.139173  0.0891086  0.0413148          0
         0  0.0190957  0.0452023  0.0763571   0.109425   0.140601   0.166017   0.182358   0.187383   0.180274   0.161762   0.134002   0.100228  0.0642349  0.0297812          0
         0  0.0120486  0.0281427  0.0470223   0.066832  0.0853632   0.100383   0.109978   0.112856   0.108544  0.0974609  0.0808494  0.0605834  0.0388847  0.0180125          0
         0  0.0054754    0.01253  0.0205601  0.0288137  0.0364266  0.0425319  0.0463877  0.0474916  0.0456582  0.0410476  0.0341406  0.0256677  0.0165108 0.00761624          0
         0          0          0          0          0          0          0          0          0          0          0          0          0          0          0          0
