           0            0            0            0            0            0            0            0            0            0            0            0            0            0            0            0
           0  -0.00263688  -0.00347911  -0.00270974 -0.000803224   0.00162602   0.00394894   0.00562973   0.00631166   0.00587288   0.00444617   0.00240038  0.000286619  -0.00124303  -0.00153095            0
           0  -0.00476769  -0.00386946   0.00173508    0.0103988    0.0201226    0.0288955    0.0350135    0.0373418    0.0354889    0.0298669    0.0216329    0.0125171   0.00456391 -0.000180403            0
           0  -0.00659905  -0.00198996    0.0116095    0.0308138    0.0516274    0.0700672    0.0827677     0.087489    0.0834546    0.0714698    0.0538047     0.033858    0.0156508   0.00322154            0
           0  -0.00818865   0.00128114     0.024663    0.0565178    0.0905193     0.120393     0.140848     0.148364     0.141718     0.122168    0.0932714    0.0603578    0.0297435   0.00779774            0
           0  -0.00951733   0.00503963    0.0383754    0.0829927     0.130243     0.171574     0.199784     0.210081     0.200801     0.173649     0.133459    0.0874761    0.0442993    0.0126254            0
           0   -0.0105315   0.00843638    0.0502856     0.105772      0.16428     0.215334     0.250116     0.262765      0.25124     0.217627     0.167833     0.110726    0.0568317    0.0168217            0
           0   -0.0111717    0.0107746    0.0583333     0.121092     0.187123     0.244667     0.283834     0.298048     0.285019     0.247086     0.190873     0.126324    0.0652545    0.0196525            0
           0    -0.011392    0.0115992     0.061153     0.126446     0.195095     0.254895     0.295582     0.310336      0.29678     0.257341     0.198892     0.131751    0.0681813    0.0206323            0
           0   -0.0111709    0.0107589    0.0582737     0.120962     0.186908     0.244369     0.283472     0.297654     0.284632      0.24674     0.190594     0.126122    0.0651283     0.019593            0
           0   -0.0105123   0.00843234    0.0501926     0.105527     0.163848     0.214717     0.249358     0.261939      0.25043     0.216911     0.167265     0.110324    0.0565879    0.0167102            0
           0  -0.00943756   0.00511304    0.0383116    0.0826696      0.12959     0.170596     0.198557     0.208738     0.199491      0.17251      0.13258    0.0868844    0.0439633    0.0124826            0
           0  -0.00796214   0.00156284    0.0247505    0.0561863    0.0896426     0.118976     0.139023     0.146351     0.139772     0.120516    0.0920554    0.0596074    0.0293779     0.007674            0
           0   -0.0060545  -0.00125057     0.012073    0.0306004    0.0505212    0.0680803    0.0801222    0.0845528    0.0806477    0.0691615    0.0522225    0.0330294    0.0153988   0.00323491            0
           0  -0.00355537  -0.00220164   0.00297551    0.0105194    0.0187749    0.0261163    0.0311799     0.033062    0.0314509    0.0266748    0.0196568    0.0117874   0.00473656  0.000248844            0
           0            0            0            0            0            0            0            0            0            0            0            0            0            0            0            0
