           0            0            0            0            0            0            0            0            0            0            0            0            0            0            0            0
           0   0.00167446   0.00221127   0.00215694   0.00159613  0.000745313 -0.000135924 -0.000812536  -0.00112334  -0.00101131 -0.000533284  0.000151829   0.00081605   0.00121593   0.00116736            0
           0   0.00525163    0.0101049    0.0156191    0.0212182     0.026322    0.0303872    0.0329652    0.0337595    0.0326654    0.0297855    0.0254169    0.0200133    0.0141332   0.00838714            0
           0    0.0102223    0.0214213    0.0352665     0.050184     0.064363    0.0760066    0.0835948    0.0861112    0.0831969     0.075205    0.0631478    0.0485458    0.0332039    0.0189531            0
           0    0.0159268    0.0345648    0.0582324    0.0841768     0.109121     0.129771     0.143323     0.147899     0.142835     0.128783     0.107612    0.0821191     0.055596    0.0313242            0
           0    0.0215648    0.0476231    0.0811123     0.118099     0.153835     0.183521     0.203061     0.209709     0.202493     0.182369     0.152067     0.115666    0.0779525    0.0436625            0
           0    0.0263268    0.0586733     0.100494     0.146853     0.191753     0.229114     0.253743     0.262154     0.253115     0.227836     0.189781     0.144121    0.0969116    0.0541235            0
           0    0.0295235     0.066082     0.113482     0.166119     0.217158     0.259662     0.287701     0.297294     0.287034     0.258303     0.215056     0.163194     0.109624    0.0611423            0
           0    0.0306939     0.068758     0.118146     0.173016     0.226238      0.27057     0.299821     0.309836     0.299143     0.269186     0.224093     0.170026      0.11419     0.063675            0
           0    0.0296769    0.0663206     0.113812     0.166542     0.217668     0.260243      0.28833     0.297941     0.287667     0.258891     0.215572      0.16362     0.109948    0.0613589            0
           0    0.0266355    0.0591577      0.10117     0.147726     0.192813     0.230329     0.255062     0.263512     0.254442     0.229065     0.190857     0.145004    0.0975795    0.0545685            0
           0    0.0220292    0.0483642    0.0821646     0.119479     0.155529     0.185478     0.205196     0.211911     0.204644     0.184354     0.153793     0.117071    0.0790052    0.0443575            0
           0    0.0165384    0.0355696    0.0597004     0.086148     0.111583     0.132648     0.146483     0.151167     0.146019     0.131706     0.110131    0.0841437      0.05709    0.0322952            0
           0     0.010948     0.022677     0.037188     0.052857    0.0677844    0.0800691    0.0880952    0.0907791    0.0877362    0.0793403    0.0666654      0.05132    0.0352026    0.0202189            0
           0   0.00600546    0.0115487    0.0180103    0.0247269    0.0309683    0.0360181    0.0392713    0.0403228     0.039028     0.035525    0.0302135    0.0236954    0.0166887   0.00993445            0
           0            0            0            0            0            0            0            0            0            0            0            0            0            0            0            0
