          0           0           0           0           0           0           0           0           0           0           0           0           0           0           0           0
          0 -0.00953336 -0.00992657 -0.00860924 -0.00630843 -0.00366606 -0.00123514 0.000552497  0.00142385  0.00129282 0.000269623 -0.00135167 -0.00312548 -0.00449972 -0.00486072           0
          0    -0.00976   0.0017051   0.0209686   0.0445457   0.0685307   0.0891097    0.103091    0.108361    0.104192   0.0913534   0.0719942   0.0493364   0.0272072  0.00949283           0
          0 -0.00812856   0.0213662    0.067373    0.122425    0.177873    0.225148    0.257019     0.26868    0.258462    0.228093    0.182441    0.128786   0.0757436   0.0319815           0
          0 -0.00540336   0.0455151    0.123063    0.215125    0.307515    0.386101    0.438934    0.458051    0.440684    0.389684    0.313096    0.222953    0.133472   0.0589226           0
          0 -0.00229438   0.0701455    0.179261    0.308308    0.437583    0.547417    0.621155    0.647693    0.623164    0.551539     0.44403    0.317407    0.191473   0.0860819           0
          0 0.000565042   0.0913256    0.227249     0.38767    0.548216    0.684531    0.775978    0.808793     0.77818    0.689057    0.555317    0.397743    0.240865    0.109268           0
          0  0.00266879    0.105755    0.259661    0.441102    0.622586    0.776622    0.879916    0.916924    0.882231    0.781385    0.630075    0.451761    0.274135    0.124946           0
          0  0.00369099    0.111243    0.271593    0.460531    0.649463    0.809795    0.917291    0.955781    0.919628    0.814607    0.657037    0.471325    0.286279    0.130763           0
          0  0.00352396    0.107032     0.26134    0.443144    0.624936    0.779204    0.882636    0.919676    0.884902    0.783869    0.632276      0.4536    0.275554    0.125905           0
          0   0.0022909   0.0939086    0.230651    0.391821    0.553005    0.689802    0.781538    0.814419    0.783642    0.694131    0.559806    0.401487    0.243747    0.111213           0
          0 0.000329225    0.074087    0.184477    0.314701    0.444989    0.555596      0.6298     0.65645    0.631663    0.559422    0.450986     0.32319    0.195909   0.0890642           0
          0 -0.00185254   0.0508814    0.130215    0.223956    0.317811     0.39753    0.451055    0.470347    0.452611    0.400721    0.322795    0.230972    0.139586   0.0630092           0
          0 -0.00363583   0.0282174   0.0766044    0.133949    0.191439    0.240315    0.273179    0.285104     0.27438    0.242772    0.195262    0.139299   0.0836803    0.037236           0
          0 -0.00435588   0.0100577    0.032413   0.0590671   0.0858578    0.108678    0.124071    0.129737    0.124884    0.110339   0.0884328   0.0626484   0.0371036   0.0159389           0
          0           0           0           0           0           0           0           0           0           0           0           0           0           0           0           0
