         0          0          0          0          0          0          0          0          0          0          0          0          0          0          0          0
         0  0.0020047 0.00373809 0.00511664 0.00613918 0.00683799 0.00725422   0.007424 0.00737043 0.00709951 0.00659956 0.00584442 0.00480166  0.0034487 0.00180473          0
         0 0.00453447 0.00879108  0.0126064  0.0158661  0.0184695  0.0203229  0.0213456  0.0214805  0.0207023  0.0190223  0.0164874  0.0131775 0.00920554 0.00473028          0
         0 0.00752036  0.0149086  0.0219412  0.0283243  0.0337117   0.037749   0.040127  0.0406318  0.0391789  0.0358267   0.030766  0.0242906   0.016755 0.00853417          0
         0  0.0107036  0.0215011  0.0321257  0.0420739  0.0506953  0.0573063  0.0613077  0.0622858   0.060081  0.0548115  0.0468505  0.0367594  0.0251899  0.0127707          0
         0  0.0137249  0.0277912  0.0419019   0.055347  0.0671672  0.0763419  0.0819731  0.0834414  0.0805092  0.0733564  0.0625429  0.0489035    0.03339  0.0168835          0
         0  0.0162036  0.0329673  0.0499746  0.0663426  0.0808496  0.0921863  0.0991984    0.10109  0.0975551  0.0888275  0.0756261  0.0590192   0.040214  0.0203035          0
         0  0.0178078   0.036326  0.0552281  0.0735176  0.0897978   0.102566   0.110496   0.112673   0.108746  0.0989828  0.0842101  0.0656517  0.0446848  0.0225429          0
         0  0.0183119  0.0373903  0.0569082  0.0758314  0.0927031   0.105954   0.114196   0.116475   0.112422   0.102318  0.0870251  0.0678222  0.0461445  0.0232726          0
         0  0.0176331  0.0359862  0.0547415  0.0729087  0.0890955   0.101802   0.109702   0.111882    0.10799  0.0982934  0.0836162  0.0651796  0.0443566  0.0223745          0
         0  0.0158444  0.0322695  0.0489766  0.0650958  0.0794138  0.0906255  0.0975783   0.099476  0.0960129  0.0874193  0.0744118   0.058053  0.0395416  0.0199584          0
         0  0.0131606  0.0266972  0.0403412  0.0534026  0.0649337  0.0739187   0.079461  0.0809403  0.0781174  0.0711699  0.0606539  0.0473973    0.03234  0.0163438          0
         0 0.00989966  0.0199476  0.0299193  0.0393375  0.0475645    0.05392  0.0578036  0.0587988  0.0567435  0.0517542  0.0442015  0.0346402  0.0237078  0.0120073          0
         0 0.00642234  0.0127991  0.0189662  0.0246603  0.0295446   0.033262  0.0354961  0.0360264  0.0347651  0.0317707  0.0272355   0.021451  0.0147589 0.00750261          0
         0 0.00305589 0.00597947 0.00868621  0.0110886  0.0130829  0.0145591  0.0154185  0.0155907   0.015046     0.0138    0.01191 0.00946512 0.00657453 0.00336345          0
         0          0          0          0          0          0          0          0          0          0          0          0          0          0          0          0
