         0          0          0          0          0          0          0          0          0          0          0          0          0          0          0          0
         0 0.00378084 0.00847837    0.01364  0.0187896  0.0234207   0.027043  0.0292434  0.0297448  0.0284466  0.0254417  0.0210096  0.0155904 0.00975825 0.00422924          0
         0 0.00976676  0.0242997  0.0421114  0.0611879  0.0792122  0.0938816   0.103245   0.105994   0.101659  0.0906845  0.0743679  0.0546843  0.0340325  0.0149658          0
         0  0.0175286  0.0458354   0.081979   0.121627   0.159674    0.19101   0.211295   0.217621   0.208945   0.186253   0.152408   0.111735  0.0693828  0.0305945          0
         0  0.0261732  0.0703025   0.127774   0.191522   0.253128   0.304136   0.337363   0.347994   0.334306   0.297921   0.243558   0.178319   0.110601  0.0487975          0
         0  0.0345607  0.0942887   0.172917   0.260647   0.345737   0.416379   0.462542   0.477509   0.458878     0.4089   0.334139   0.244469   0.151528  0.0668558          0
         0  0.0415181    0.11433   0.210775   0.318737   0.423658   0.510882   0.567976   0.586624   0.563851   0.502434   0.410485   0.300213      0.186  0.0820531          0
         0  0.0460378   0.127469   0.235706   0.357087    0.47517   0.573404   0.637759   0.658862   0.633358   0.564372   0.461035   0.337106   0.208794  0.0920866          0
         0  0.0474406   0.131719   0.243929   0.369872   0.492452   0.594461   0.661312    0.68327   0.656849    0.58529   0.478077   0.349505   0.216416  0.0954158          0
         0  0.0454826   0.126372     0.2341   0.355025   0.472731   0.570691   0.634892   0.655975   0.630588    0.56185   0.458877   0.335408   0.207627   0.091493          0
         0  0.0403936   0.112105   0.207509   0.314534   0.418673   0.505325   0.562097   0.580701   0.558168   0.497265   0.406071   0.296748   0.183622  0.0808457          0
         0  0.0328425  0.0908777   0.167886   0.254142   0.337992   0.407716   0.453357   0.468246   0.449994   0.400832   0.327269   0.239096   0.147856  0.0649979          0
         0  0.0238357  0.0656319   0.120833   0.182481   0.242296   0.291962   0.324415   0.334917   0.321771   0.286564   0.233928   0.170833   0.105522  0.0462453          0
         0  0.0145676  0.0398431  0.0729555   0.109739   0.145303   0.174752   0.193932   0.200053   0.192115   0.171054     0.1396   0.101871  0.0627766  0.0273229          0
         0  0.0062527  0.0169853  0.0308383  0.0460737  0.0607052   0.072759  0.0805615  0.0829896  0.0796387  0.0708838  0.0578252  0.0421325  0.0258214  0.0110378          0
         0          0          0          0          0          0          0          0          0          0          0          0          0          0          0          0
