         0          0          0          0          0          0          0          0          0          0          0          0          0          0          0          0
         0 0.00346872 0.00701622  0.0103859  0.0133943   0.015879  0.0176925  0.0187113  0.0188514  0.0180797  0.0164206  0.0139562  0.0108238 0.00722148 0.00344307          0
         0 0.00830476  0.0181523  0.0288108  0.0393958  0.0489194   0.056405  0.0610228  0.0622123  0.0597681  0.0538721  0.0450704  0.0342011  0.0222966  0.0104928          0
         0  0.0142751  0.0325357  0.0534347  0.0750226  0.0950001   0.111055   0.121213   0.124143   0.119359   0.107299  0.0892543  0.0671778  0.0433964    0.02029          0
         0  0.0207793  0.0485128  0.0811727   0.115556   0.147793   0.173962   0.190706    0.19576     0.1883    0.16907    0.14026   0.105155  0.0676239  0.0315031          0
         0  0.0270217  0.0640011    0.10825   0.155318   0.199758   0.236024   0.259366   0.266576   0.256488   0.230153   0.190662   0.142643  0.0915038   0.042536          0
         0  0.0321719  0.0768621   0.130833   0.188579   0.243315   0.288117   0.317047   0.326097    0.31381   0.281497   0.233012    0.17412   0.111536  0.0517798          0
         0  0.0355114  0.0852587   0.145643   0.210456   0.272021   0.322493   0.355142   0.365425    0.35169   0.315421   0.260981   0.194892   0.124741  0.0578642          0
         0  0.0365535  0.0879516   0.150473    0.21767   0.281554   0.333962   0.367888   0.378603   0.364387   0.326783    0.27033   0.201813    0.12912  0.0598691          0
         0  0.0351219  0.0844948   0.144535   0.209049   0.270373   0.320676   0.353235   0.363513   0.349859   0.313753   0.259551   0.193763   0.123961  0.0574661          0
         0  0.0313779   0.075304   0.128572   0.185706   0.239949   0.284403   0.313148   0.322186   0.310064   0.278085   0.230088   0.171812   0.109943  0.0509677          0
         0  0.0257932  0.0615883   0.104745   0.150858   0.194528   0.230248   0.253298   0.260487   0.250656   0.224843   0.186115   0.139058  0.0890336  0.0412779          0
         0  0.0190719  0.0451541  0.0762835   0.109325   0.140475   0.165869   0.182195   0.187215   0.180115   0.161622   0.133888   0.100142  0.0641782  0.0297531          0
         0  0.0120325  0.0281103  0.0469732  0.0667661  0.0852813   0.100287   0.109874    0.11275   0.108443  0.0973707  0.0807749  0.0605269   0.038847  0.0179937          0
         0 0.00546731  0.0125137  0.0205356   0.028781  0.0363863  0.0424853  0.0463372  0.0474401  0.0456089  0.0410035   0.034104  0.0256398   0.016492 0.00760685          0
         0          0          0          0          0          0          0          0          0          0          0          0          0          0          0          0
