           0            0            0            0            0            0            0            0            0            0            0            0            0            0            0            0
           0 -0.000959632   0.00106329   0.00551731    0.0114553    0.0177294    0.0231867    0.0268517    0.0280756    0.0266333    0.0227594    0.0171207    0.0107318    0.0048339  0.000776387            0
           0  0.000267089     0.011243    0.0306445     0.054929    0.0798909     0.101327     0.115685     0.120597     0.115238     0.100445    0.0786066    0.0533273    0.0289212    0.0098192            0
           0   0.00311431    0.0283432    0.0707493     0.122912      0.17609     0.221573     0.252006     0.262494     0.251321     0.220203     0.174045     0.120236    0.0675652    0.0249252            0
           0   0.00689265     0.049297     0.119113     0.204337     0.290889     0.364763     0.414159     0.431233     0.413236     0.362895     0.288039     0.200465     0.114194    0.0433472            0
           0    0.0108459    0.0705756     0.167908     0.286244     0.406161     0.508372     0.576668     0.600308     0.575527     0.506041     0.402545       0.2812     0.161237    0.0620063            0
           0    0.0142426    0.0886934     0.209364     0.355747      0.50388     0.630012     0.714235     0.743404      0.71292     0.627309     0.499639     0.349727      0.20121    0.0778836            0
           0    0.0164749     0.100719     0.236929     0.401982     0.568879      0.71089     0.805669     0.838501     0.804248     0.707956     0.564242     0.395338     0.227816    0.0884448            0
           0    0.0171421     0.104705     0.246246     0.417729     0.591093     0.738579     0.836994     0.871092     0.835547     0.735586     0.586353     0.410915     0.236863    0.0920056            0
           0    0.0161076    0.0999711     0.235786     0.400447     0.566985     0.708709     0.803307     0.836087     0.801918     0.705842     0.562452     0.393951     0.226878    0.0879738            0
           0    0.0135213    0.0872118     0.207075      0.35264     0.500014     0.625532     0.709363     0.738417     0.708112     0.622959     0.495975     0.346907     0.199316    0.0769376            0
           0   0.00980953    0.0684069     0.164485     0.281505      0.40017     0.501353     0.568984     0.592421     0.567935     0.499209     0.396843     0.276864     0.158362    0.0605876            0
           0   0.00563732     0.046564     0.114616     0.197897     0.282546     0.354826     0.403177     0.419924     0.402373     0.353197     0.280056     0.194515     0.110346    0.0414928            0
           0   0.00186235    0.0253316    0.0653591     0.114728     0.165085     0.208161     0.236999     0.246972     0.236461      0.20708     0.163464     0.112602    0.0628521    0.0227742            0
           0 -0.000473802   0.00857181    0.0247754    0.0450314     0.065808    0.0836273    0.0955665    0.0996836    0.0952985     0.083093    0.0650198    0.0440343    0.0237021   0.00778255            0
           0            0            0            0            0            0            0            0            0            0            0            0            0            0            0            0
