           0            0            0            0            0            0            0            0            0            0            0            0            0            0            0            0
           0    -0.001773  -0.00275683  -0.00298954  -0.00265192  -0.00199098  -0.00126271 -0.000685563 -0.000404631  -0.00046874 -0.000822716  -0.00131568  -0.00172473  -0.00179219  -0.00127419            0
           0  -0.00355322  -0.00483606   -0.0041527   -0.0020886  0.000631102   0.00327411   0.00522028    0.0060581   0.00564758   0.00414195   0.00196514 -0.000252502  -0.00177312  -0.00187583            0
           0  -0.00539327   -0.0064549  -0.00394665  0.000950491   0.00684272    0.0123439    0.0162867    0.0178973    0.0169113     0.013614    0.0087996   0.00365409  -0.00042201  -0.00202939            0
           0  -0.00721637  -0.00772361  -0.00285086   0.00551656    0.0152108    0.0240963     0.030381    0.0328782    0.0311817    0.0257273    0.0177307   0.00901334     0.001739  -0.00189968            0
           0  -0.00887795  -0.00869067  -0.00134751    0.0105591     0.024092    0.0363746    0.0449986    0.0483711    0.0459463    0.0383076    0.0270868    0.0147329   0.00416659  -0.00162664            0
           0   -0.0102121  -0.00937035  0.000118255    0.0150599    0.0318667    0.0470371    0.0576443    0.0617534    0.0587012    0.0491959    0.0352192    0.0197495   0.00634696  -0.00133018            0
           0   -0.0110694  -0.00976015   0.00118548    0.0181709    0.0371738    0.0542766    0.0662079    0.0708057    0.0673291    0.0565692    0.0407406    0.0231741   0.00785646  -0.00110428            0
           0   -0.0113461  -0.00985172   0.00162073    0.0193324    0.0391092    0.0568892    0.0692819     0.074047    0.0704173    0.0592126    0.0427284    0.0244179   0.00841684  -0.00100879            0
           0   -0.0110023  -0.00963635    0.0013486    0.0183539    0.0373598    0.0544545    0.0663726    0.0709572    0.0674698    0.0567005     0.040861    0.0232774   0.00793362  -0.00106268            0
           0   -0.0100676  -0.00910535  0.000463948    0.0154428    0.0322501    0.0473978    0.0579736    0.0620541    0.0589811    0.0494604    0.0354658    0.0199652   0.00651069  -0.00124095            0
           0  -0.00863192  -0.00824471 -0.000775705    0.0111784    0.0246959    0.0369266    0.0454898    0.0488133    0.0463598    0.0387078    0.0274727    0.0150822   0.00443939  -0.00147505            0
           0  -0.00682275   -0.0070226  -0.00197462   0.00643524    0.0160719    0.0248487    0.0310223    0.0334414    0.0317136     0.026264    0.0182781   0.00953622   0.00216555  -0.00165535            0
           0  -0.00476584  -0.00536666  -0.00263319    0.0022686   0.00801197     0.013299    0.0170452     0.018535    0.0175251    0.0142816   0.00954383   0.00442227  0.000244199  -0.00163024            0
           0  -0.00252535  -0.00312502  -0.00218144 -0.000217583   0.00217393   0.00441419   0.00602007   0.00667319   0.00626588   0.00491753   0.00295884  0.000886883 -0.000702162  -0.00118976            0
           0            0            0            0            0            0            0            0            0            0            0            0            0            0            0            0
