           0            0            0            0            0            0            0            0            0            0            0            0            0            0            0            0
           0  -0.00454536  -0.00284959  0.000701535   0.00525424   0.00996048    0.0140329    0.0168274    0.0179221    0.0171735    0.0147359    0.0110422   0.00674838   0.00265578 -0.000365817            0
           0  -0.00290595    0.0112159    0.0333631    0.0598648    0.0865348     0.109247     0.124528     0.130069     0.125063     0.110334    0.0882067    0.0621725    0.0363736    0.0150117            0
           0  0.000549069     0.033249    0.0828364     0.141577      0.20044     0.250439     0.283975      0.29598     0.284683     0.251877     0.202653     0.144632    0.0868225    0.0382675            0
           0   0.00498039    0.0595997     0.141414     0.237946     0.334513     0.416452     0.471343     0.490893       0.4722     0.418196       0.3372     0.241663     0.146276    0.0657449            0
           0   0.00956009    0.0861091     0.200099     0.334329     0.468488     0.582261     0.658428     0.685486     0.659408     0.584255     0.471565     0.338596     0.205702    0.0932335            0
           0     0.013522     0.108679     0.249939       0.4161      0.58209     0.722814     0.816989     0.850396     0.818057     0.724989     0.585453     0.420774       0.2561      0.11656            0
           0    0.0162405     0.123863     0.283363     0.470871     0.658134     0.816865     0.923068     0.960714     0.924185     0.819142     0.661659     0.475781     0.289855     0.132201            0
           0    0.0173061     0.129364     0.295324     0.490372     0.685141      0.85022      0.96066     0.999795     0.961785     0.852512     0.688693     0.495325     0.301882     0.137807            0
           0    0.0165795     0.124386     0.284055     0.471708      0.65909     0.817906     0.924156     0.961809     0.925245     0.820125     0.662529     0.476504     0.290405     0.132559            0
           0    0.0142108     0.109743     0.251344     0.417803     0.584035     0.724934     0.819206     0.852628     0.820216     0.726993     0.587224     0.422247     0.257221     0.117289            0
           0    0.0106207    0.0877465     0.202263     0.336953     0.471489     0.585537     0.661859     0.688941     0.662752     0.587357     0.474306     0.340873     0.207434    0.0943589            0
           0   0.00644706    0.0618617     0.144403     0.241576     0.338674     0.421003     0.476118     0.495707     0.476861     0.422516     0.341013     0.244827     0.148681     0.067308            0
           0   0.00247113    0.0362039    0.0867391     0.146325       0.2059     0.256434     0.290283     0.302349     0.290848     0.257584     0.207678     0.148794    0.0899828    0.0403252            0
           0 -0.000455432    0.0149494    0.0382818    0.0658676    0.0934746     0.116907     0.132622     0.138257     0.132989     0.117654    0.0946294    0.0674712    0.0403912    0.0176394            0
           0            0            0            0            0            0            0            0            0            0            0            0            0            0            0            0
