           0            0            0            0            0            0            0            0            0            0            0            0            0            0            0            0
           0  -0.00460723  -0.00293513  0.000601319    0.0051469   0.00985148    0.0139255    0.0167228    0.0178204    0.0170743    0.0146393    0.0109495   0.00666296   0.00258305 -0.000418674            0
           0  -0.00301138    0.0110719    0.0331958    0.0596867    0.0863546      0.10907     0.124356     0.129901     0.124899     0.110173    0.0880521     0.062029    0.0362502    0.0149207            0
           0  0.000394905    0.0330412    0.0825973     0.141324     0.200186      0.25019     0.283734     0.295745     0.284452      0.25165     0.202433     0.144426    0.0866435    0.0381335            0
           0   0.00477597    0.0593272     0.141103     0.237619     0.334187     0.416134     0.471034     0.490593     0.471906     0.417905     0.336917     0.241395     0.146041    0.0655664            0
           0   0.00930893     0.085777     0.199723     0.333936     0.468097     0.581881     0.658061     0.685129     0.659056     0.583907     0.471223     0.338271     0.205415    0.0930136            0
           0     0.013233       0.1083     0.249511     0.415654     0.581649     0.722386     0.816576     0.849995     0.817661     0.724597     0.585066     0.420405     0.255771     0.116307            0
           0    0.0159271     0.123452     0.282902     0.470393     0.657661     0.816407     0.922628     0.960286     0.923763     0.818722     0.661244     0.475383     0.289499     0.131926            0
           0     0.016985     0.128944     0.294852     0.489884     0.684659     0.849754     0.960212      0.99936     0.961355     0.852084     0.688269     0.494919     0.301518     0.137526            0
           0    0.0162686     0.123979     0.283598     0.471236     0.658623     0.817455     0.923722     0.961387     0.924829     0.819711     0.662118     0.476111     0.290053     0.132286            0
           0    0.0139269     0.109371     0.250926     0.417369     0.583606     0.724519     0.818807      0.85224     0.819834     0.726613     0.586848     0.421887     0.256899      0.11704            0
           0    0.0103775    0.0874264     0.201902     0.336578     0.471117     0.585177     0.661512     0.688605      0.66242     0.587028     0.473981     0.340563     0.207157    0.0941461            0
           0   0.00625383    0.0616059     0.144114     0.241275     0.338374     0.420713     0.475838     0.495435     0.476593     0.422251     0.340752     0.244578      0.14846    0.0671395            0
           0   0.00233208    0.0360186    0.0865283     0.146105     0.205681     0.256221     0.290078     0.302149     0.290652      0.25739     0.207488     0.148614    0.0898237    0.0402045            0
           0 -0.000540706    0.0148351    0.0381512    0.0657307    0.0933381     0.116774     0.132494     0.138133     0.132867     0.117534    0.0945116    0.0673599    0.0402936    0.0175659            0
           0            0            0            0            0            0            0            0            0            0            0            0            0            0            0            0
