           0            0            0            0            0            0            0            0            0            0            0            0            0            0            0            0
           0    -0.004845  -0.00326243   0.00022003   0.00474122    0.0094424    0.0135249    0.0163348     0.017444    0.0167065    0.0142794    0.0106022   0.00634061   0.00230671 -0.000620671            0
           0  -0.00342001    0.0105141     0.032548     0.058997    0.0856569     0.108383     0.123688     0.129251     0.124263     0.109551    0.0874516    0.0614712    0.0357701    0.0145666            0
           0 -0.000206952    0.0322277    0.0816577     0.140326     0.199176     0.249196     0.282764     0.294799     0.283525     0.250741     0.201554     0.143607    0.0859343    0.0376048            0
           0   0.00397338    0.0582515     0.139867     0.236311     0.332865     0.414832     0.469764     0.489352     0.470687     0.416709     0.335757      0.24031     0.145095    0.0648547            0
           0   0.00831867    0.0844583     0.198214     0.332343     0.466491     0.580301     0.656519     0.683621     0.657574     0.582449     0.469806      0.33694     0.204249    0.0921303            0
           0      0.01209     0.106784     0.247783     0.413834     0.579816     0.720584     0.814818     0.848275     0.815969     0.722929     0.583442     0.418875     0.254427     0.115283            0
           0    0.0146854      0.12181     0.281034     0.468428     0.655685     0.814465     0.920733     0.958433     0.921939     0.816922     0.659488     0.473727      0.28804     0.130812            0
           0    0.0157117     0.127263     0.292941     0.487875      0.68264      0.84777     0.958278     0.997468     0.959492     0.850245     0.686474     0.493223     0.300023     0.136382            0
           0    0.0150354      0.12235     0.281747      0.46929     0.656668     0.815535     0.921851     0.959556     0.923026     0.817931     0.660381     0.474469     0.288605      0.13118            0
           0    0.0128014     0.107882     0.249232     0.415588     0.581816     0.722762     0.817094     0.850566     0.818185     0.724986      0.58526     0.420388     0.255578     0.116032            0
           0   0.00941475    0.0861491     0.200446     0.335046     0.469578     0.583666      0.66004     0.687166     0.661005     0.585631     0.472619     0.339278     0.206028    0.0932871            0
           0   0.00549072    0.0605892     0.142952     0.240051     0.337145     0.419507     0.474665      0.49429     0.475467      0.42114     0.339669     0.243559     0.147566    0.0664623            0
           0   0.00178463    0.0352856    0.0856891     0.145221     0.204793     0.255351     0.289233     0.301326     0.289843     0.256593     0.206711     0.147883    0.0891843    0.0397227            0
           0 -0.000875244    0.0143856    0.0376362     0.065189    0.0927959     0.116246     0.131982     0.137635     0.132378     0.117052     0.094041    0.0669167    0.0399061    0.0172749            0
           0            0            0            0            0            0            0            0            0            0            0            0            0            0            0            0
