           0            0            0            0            0            0            0            0            0            0            0            0            0            0            0            0
           0  -0.00486074  -0.00328413  0.000194701   0.00471422   0.00941512    0.0134981    0.0163089    0.0174188    0.0166819    0.0142553     0.010579   0.00631912   0.00228833 -0.000634083            0
           0  -0.00344713    0.0104769    0.0325045    0.0589504    0.0856094     0.108336     0.123642     0.129206     0.124219     0.109508    0.0874105    0.0614333    0.0357377    0.0145429            0
           0 -0.000246977    0.0321732    0.0815941     0.140258     0.199106     0.249126     0.282696     0.294732      0.28346     0.250678     0.201493     0.143551     0.085886    0.0375691            0
           0   0.00391993    0.0581792     0.139783      0.23622     0.332772      0.41474     0.469673     0.489263       0.4706     0.416624     0.335675     0.240234      0.14503    0.0648065            0
           0   0.00825267    0.0843694     0.198111     0.332232     0.466377     0.580187     0.656407     0.683511     0.657466     0.582344     0.469705     0.336847     0.204168    0.0920702            0
           0    0.0120138     0.106682     0.247664     0.413707     0.579686     0.720454     0.814689     0.848149     0.815845     0.722808     0.583325     0.418767     0.254334     0.115214            0
           0    0.0146026     0.121699     0.280906      0.46829     0.655544     0.814324     0.920594     0.958296     0.921804     0.816791     0.659362      0.47361     0.287939     0.130736            0
           0    0.0156267     0.127149      0.29281     0.487735     0.682496     0.847626     0.958136     0.997328     0.959354     0.850111     0.686345     0.493103     0.299919     0.136304            0
           0    0.0149531      0.12224      0.28162     0.469154     0.656528     0.815395     0.921713     0.959421     0.922893     0.817801     0.660256     0.474353     0.288505     0.131104            0
           0    0.0127263     0.107781     0.249115     0.415463     0.581689     0.722635     0.816969     0.850442     0.818064     0.724867     0.585146     0.420282     0.255487     0.115963            0
           0   0.00935056    0.0860629     0.200346      0.33494     0.469469     0.583557     0.659933     0.687061     0.660901      0.58553     0.472522     0.339188      0.20595    0.0932286            0
           0   0.00543987    0.0605207     0.142873     0.239967     0.337058     0.419421      0.47458     0.494207     0.475385     0.421061     0.339593     0.243488     0.147505    0.0664163            0
           0   0.00174818    0.0352363     0.085632      0.14516     0.204731      0.25529     0.289173     0.301267     0.289785     0.256536     0.206657     0.147832    0.0891406      0.03969            0
           0 -0.000897486    0.0143555    0.0376014    0.0651521    0.0927586     0.116209     0.131946       0.1376     0.132344     0.117018    0.0940084    0.0668863    0.0398798    0.0172553            0
           0            0            0            0            0            0            0            0            0            0            0            0            0            0            0            0
