           0            0            0            0            0            0            0            0            0            0            0            0            0            0            0            0
           0  -0.00415466  -0.00226969   0.00143256   0.00609655    0.0108757    0.0149862    0.0177881    0.0188636    0.0180719    0.0155686    0.0117864   0.00738005   0.00314964 -3.53321e-05            0
           0  -0.00228446    0.0121327    0.0345126    0.0611835    0.0879625      0.11073      0.12602      0.13153     0.126458     0.111629    0.0893681    0.0631628    0.0371527     0.015537            0
           0   0.00139288    0.0344833    0.0843737      0.14333      0.20233     0.252396      0.28594     0.297903     0.286519     0.253586     0.204191     0.145951    0.0878682    0.0389798            0
           0   0.00602566    0.0611158     0.143289     0.240073     0.336795     0.418807       0.4737     0.493197     0.474403     0.420251     0.339058     0.243266     0.147556    0.0666255            0
           0    0.0107725    0.0878543     0.202245     0.336749     0.471073     0.584919     0.661083     0.688079     0.661887     0.586573     0.473668     0.340421      0.20717    0.0942526            0
           0    0.0148549     0.110586     0.252271     0.418719     0.584877     0.725669     0.819835     0.853173     0.820713     0.727477     0.587718     0.422748     0.257698     0.117678            0
           0    0.0176377     0.125852     0.285787     0.473584     0.661011     0.819805     0.925993     0.963565     0.926914     0.821702     0.663995     0.477824     0.291516     0.133369            0
           0     0.018706     0.131353     0.297739     0.493069     0.687995     0.853131     0.963553      1.00261     0.964481     0.855044     0.691007     0.497354     0.303536     0.138975            0
           0    0.0179202     0.126288     0.286364     0.474283     0.661811     0.820678     0.926909     0.964488     0.927809     0.822533     0.664731     0.478437     0.291982     0.133673            0
           0    0.0154348     0.111481     0.253455     0.420156     0.586522     0.727468     0.821721     0.855075     0.822557     0.729191     0.589234      0.42401     0.258659     0.118303            0
           0    0.0116794    0.0892536     0.204096        0.339     0.473654     0.587744     0.664049     0.691073      0.66479     0.589268     0.476051     0.342401     0.208677    0.0952338            0
           0   0.00730394    0.0630864     0.145897     0.243249     0.340445     0.422811     0.477914     0.497454      0.47853      0.42408     0.342438     0.246071     0.149689    0.0680141            0
           0   0.00310348     0.037112    0.0878509     0.147573     0.207226     0.257788     0.291629     0.303659     0.292099     0.258754     0.208741     0.149719    0.0907291    0.0408448            0
           0  -5.7279e-05    0.0155233    0.0389868    0.0666611     0.094319     0.117771     0.133482     0.139094     0.133787       0.1184    0.0953056    0.0680576    0.0408625    0.0179658            0
           0            0            0            0            0            0            0            0            0            0            0            0            0            0            0            0
