           0            0            0            0            0            0            0            0            0            0            0            0            0            0            0            0
           0  -0.00464469  -0.00298667  0.000541302   0.00508306   0.00978712    0.0138625    0.0166618    0.0177612    0.0170165    0.0145827    0.0108949   0.00661227   0.00253958 -0.000450462            0
           0  -0.00307558    0.0109846    0.0330948    0.0595796    0.0862468     0.108964     0.124254     0.129802     0.124802     0.110078    0.0879597    0.0619428    0.0361756    0.0148655            0
           0  0.000300561    0.0329144    0.0824518     0.141171     0.200032      0.25004     0.283588     0.295604     0.284313     0.251513       0.2023     0.144301    0.0865344    0.0380515            0
           0   0.00465037    0.0591601     0.140913      0.23742     0.333987      0.41594     0.470846      0.49041     0.471726     0.417728     0.336743     0.241231     0.145896    0.0654565            0
           0   0.00915413    0.0855726     0.199491     0.333694     0.467856     0.581648     0.657835     0.684909      0.65884     0.583693     0.471013     0.338071     0.205237    0.0928777            0
           0    0.0130545     0.108065     0.249246      0.41538     0.581376     0.722122     0.816321     0.849747     0.817416     0.724353     0.584826     0.420176     0.255567      0.11615            0
           0    0.0157332     0.123198     0.282617     0.470097     0.657368     0.816123     0.922354     0.960019       0.9235      0.81846     0.660985     0.475136     0.289278     0.131755            0
           0    0.0167862     0.128684      0.29456     0.489582      0.68436     0.849464     0.959933     0.999088     0.961087     0.851818     0.688005     0.494666     0.301292      0.13735            0
           0    0.0160761     0.123727     0.283316     0.470943     0.658333     0.817174     0.923452     0.961124     0.924569     0.819452     0.661863     0.475866     0.289833     0.132116            0
           0    0.0137512     0.109141     0.250667       0.4171      0.58334     0.724262     0.818559     0.851999     0.819596     0.726376     0.586614     0.421663     0.256699     0.116885            0
           0    0.0102271    0.0872286     0.201679     0.336346     0.470888     0.584955     0.661298     0.688396     0.662215     0.586823     0.473779      0.34037     0.206986    0.0940141            0
           0   0.00613455    0.0614483     0.143935     0.241089      0.33819     0.420534     0.475666     0.495268     0.476428     0.422087     0.340591     0.244425     0.148324    0.0670352            0
           0   0.00224643    0.0359046    0.0863989      0.14597     0.205547     0.256091     0.289952     0.302028     0.290532     0.257271     0.207371     0.148503    0.0897257    0.0401301            0
           0 -0.000593121     0.014765    0.0380713    0.0656473    0.0932553     0.116694     0.132417     0.138058     0.132793     0.117461      0.09444     0.067292    0.0402339    0.0175207            0
           0            0            0            0            0            0            0            0            0            0            0            0            0            0            0            0
