           0            0            0            0            0            0            0            0            0            0            0            0            0            0            0            0
           0   -0.0047767   -0.0031683  0.000329805   0.00485815   0.00956045    0.0136406     0.016447    0.0175529    0.0168129    0.0143834    0.0107025   0.00643361   0.00238635 -0.000562531            0
           0   -0.0033024    0.0106752    0.0327359    0.0591979    0.0858612     0.108585     0.123885     0.129443     0.124451     0.109734     0.087628    0.0616343    0.0359098    0.0146692            0
           0 -3.34853e-05    0.0324635    0.0819317     0.140619     0.199475     0.249492     0.283055     0.295083     0.283803     0.251013     0.201815     0.143849    0.0861421    0.0377587            0
           0   0.00420492    0.0585639     0.140229     0.236697     0.333259     0.415224     0.470149     0.489729     0.471057      0.41707     0.336105     0.240632     0.145373    0.0650625            0
           0   0.00860454    0.0848419     0.198657     0.332816     0.466972      0.58078      0.65699     0.684083     0.658028     0.582892     0.470233     0.337337     0.204593    0.0923887            0
           0    0.0124201     0.107225     0.248291     0.414376     0.580368     0.721133     0.815357     0.848805      0.81649     0.723439     0.583933     0.419333     0.254825     0.115583            0
           0    0.0150441     0.122289     0.281584     0.469013     0.656281     0.815058     0.921316     0.959005     0.922502     0.817474     0.660021     0.474223     0.288472     0.131139            0
           0    0.0160796     0.127753     0.293504     0.488474     0.683249     0.848376     0.958874     0.998054     0.960068      0.85081     0.687019     0.493732     0.300466     0.136718            0
           0    0.0153917     0.122825     0.282292      0.46987     0.657258     0.816121     0.922427     0.960123     0.923583     0.818477     0.660908     0.474962     0.289034     0.131504            0
           0    0.0131265     0.108316      0.24973     0.416118     0.582356     0.723298     0.817621     0.851083     0.818693     0.725484     0.585742     0.420837      0.25597     0.116327            0
           0   0.00969277    0.0865209     0.200874     0.335501      0.47004     0.584125     0.660491     0.687609     0.661439     0.586058      0.47303     0.339662     0.206362    0.0935386            0
           0     0.005711    0.0608848     0.143293     0.240414     0.337512     0.419872     0.475022      0.49464     0.475811     0.421477     0.339995     0.243863      0.14783    0.0666603            0
           0   0.00194255    0.0354983    0.0859344     0.145482     0.205057     0.255612     0.289488     0.301576     0.290088     0.256833     0.206943     0.148099    0.0893722    0.0398632            0
           0 -0.000778831    0.0145157    0.0377861    0.0653477    0.0929559     0.116403     0.132135     0.137784     0.132524     0.117195    0.0941803    0.0670471    0.0400194    0.0173595            0
           0            0            0            0            0            0            0            0            0            0            0            0            0            0            0            0
