           0            0            0            0            0            0            0            0            0            0            0            0            0            0            0            0
           0  -0.00473985  -0.00311756  0.000388928   0.00492107    0.0096239    0.0137028    0.0165072    0.0176113    0.0168699    0.0144393    0.0107564   0.00648361   0.00242921 -0.000531208            0
           0  -0.00323901    0.0107618    0.0328366    0.0593054      0.08597     0.108692      0.12399     0.129545     0.124551     0.109832    0.0877217    0.0617213    0.0359846    0.0147243            0
           0  5.99442e-05      0.03259    0.0820782     0.140775     0.199633     0.249648     0.283207     0.295232     0.283949     0.251156     0.201953     0.143977    0.0862529     0.037841            0
           0   0.00432957    0.0587314     0.140422     0.236902     0.333467     0.415429      0.47035     0.489925      0.47125     0.417259     0.336287     0.240803     0.145521    0.0651735            0
           0   0.00875839    0.0850473     0.198893     0.333065     0.467225      0.58103     0.657234     0.684323     0.658263     0.583123     0.470457     0.337547     0.204776    0.0925266            0
           0    0.0125977     0.107462     0.248561     0.414662     0.580657     0.721418     0.815637     0.849079     0.816759     0.723704      0.58419     0.419574     0.255036     0.115743            0
           0    0.0152371     0.122545     0.281876     0.469322     0.656593     0.815366     0.921618     0.959301     0.922792      0.81776     0.660299     0.474484     0.288701     0.131313            0
           0    0.0162775     0.128015     0.293803      0.48879     0.683568     0.848691     0.959182     0.998355     0.960365     0.851102     0.687304     0.493999     0.300701     0.136896            0
           0    0.0155833     0.123079     0.282582     0.470176     0.657567     0.816426     0.922725     0.960415      0.92387      0.81876     0.661184      0.47522     0.289261     0.131677            0
           0    0.0133014     0.108548     0.249995     0.416398     0.582638     0.723576     0.817894     0.851349     0.818956     0.725742     0.585993     0.421073     0.256177     0.116485            0
           0   0.00984237    0.0867199     0.201102     0.335742     0.470283     0.584364     0.660725     0.687837     0.661664     0.586279     0.473246     0.339864     0.206539    0.0936727            0
           0   0.00582956    0.0610432     0.143474     0.240605     0.337706     0.420062     0.475208     0.494821     0.475989     0.421653     0.340166     0.244023      0.14797     0.066766            0
           0   0.00202758    0.0356124    0.0860654      0.14562     0.205197     0.255749     0.289621     0.301706     0.290216     0.256959     0.207066     0.148214    0.0894722    0.0399383            0
           0 -0.000726893    0.0145856    0.0378664    0.0654323    0.0930407     0.116486     0.132215     0.137862     0.132601     0.117271    0.0942541    0.0671164    0.0400799    0.0174048            0
           0            0            0            0            0            0            0            0            0            0            0            0            0            0            0            0
