           0            0            0            0            0            0            0            0            0            0            0            0            0            0            0            0
           0  -0.00479248  -0.00319003   0.00030447   0.00483118   0.00953323     0.013614    0.0164212    0.0175278    0.0167884    0.0143595    0.0106794   0.00641216   0.00236797 -0.000575951            0
           0  -0.00332955    0.0106381    0.0326926    0.0591517    0.0858143     0.108539      0.12384     0.129399     0.124408     0.109692    0.0875875    0.0615968    0.0358777    0.0146456            0
           0 -7.35205e-05    0.0324092    0.0818687     0.140552     0.199407     0.249425     0.282989     0.295019      0.28374     0.250951     0.201756     0.143794    0.0860944    0.0377233            0
           0    0.0041515     0.058492     0.140146     0.236609     0.333169     0.415135     0.470062     0.489643     0.470973     0.416988     0.336025     0.240559     0.145309    0.0650148            0
           0   0.00853859    0.0847536     0.198555     0.332707     0.466862     0.580671     0.656883     0.683979     0.657925     0.582792     0.470136     0.337247     0.204514    0.0923294            0
           0     0.012344     0.107124     0.248174     0.414252     0.580242     0.721008     0.815235     0.848686     0.816372     0.723323     0.583822     0.419228     0.254734     0.115514            0
           0    0.0149614     0.122179     0.281458     0.468879     0.656145     0.814923     0.921185     0.958876     0.922375     0.817349       0.6599      0.47411     0.288373     0.131064            0
           0    0.0159947      0.12764     0.293375     0.488337     0.683111     0.848239     0.958739     0.997921     0.959938     0.850682     0.686895     0.493616     0.300365     0.136641            0
           0    0.0153095     0.122716     0.282167     0.469738     0.657124     0.815988     0.922297     0.959995     0.923457     0.818354     0.660789      0.47485     0.288936      0.13143            0
           0    0.0130515     0.108216     0.249616     0.415997     0.582233     0.723176     0.817502     0.850966     0.818579     0.725371     0.585632     0.420735      0.25588     0.116259            0
           0   0.00962864    0.0864353     0.200776     0.335397     0.469935     0.584021     0.660389     0.687509     0.661341     0.585961     0.472937     0.339575     0.206286    0.0934808            0
           0   0.00566018    0.0608168     0.143215     0.240331     0.337429     0.419789     0.474941      0.49456     0.475733     0.421401     0.339921     0.243793      0.14777    0.0666148            0
           0   0.00190611    0.0354493     0.085878     0.145422     0.204997     0.255553      0.28943     0.301519     0.290032     0.256778      0.20689      0.14805    0.0893291    0.0398309            0
           0 -0.000801085    0.0144857    0.0377516    0.0653113    0.0929192     0.116367       0.1321      0.13775     0.132491     0.117163    0.0941484    0.0670172    0.0399934      0.01734            0
           0            0            0            0            0            0            0            0            0            0            0            0            0            0            0            0
