           0            0            0            0            0            0            0            0            0            0            0            0            0            0            0            0
           0  -0.00456867  -0.00288194   0.00066346   0.00521325   0.00991864    0.0139915    0.0167869    0.0178827    0.0171351    0.0146986    0.0110066    0.0067157    0.0026281 -0.000385839            0
           0  -0.00294554    0.0111617    0.0332998    0.0597971     0.086466     0.109179     0.124462     0.130004        0.125     0.110272    0.0881477     0.062118    0.0363269    0.0149774            0
           0  0.000491376     0.033171    0.0827464     0.141481     0.200343     0.250344     0.283883     0.295891     0.284595      0.25179     0.202569     0.144554    0.0867551    0.0382173            0
           0    0.0049041    0.0594978     0.141297     0.237823      0.33439     0.416332     0.471226     0.490779     0.472088     0.418086     0.337093     0.241563     0.146188    0.0656782            0
           0   0.00946655    0.0859851     0.199958     0.334181     0.468341     0.582118     0.658289     0.685351     0.659275     0.584124     0.471437     0.338474     0.205595    0.0931516            0
           0    0.0134146     0.108538     0.249779     0.415933     0.581925     0.722653     0.816834     0.850245     0.817908     0.724842     0.585308     0.420636     0.255978     0.116466            0
           0    0.0161241      0.12371     0.283191     0.470692     0.657957     0.816693     0.922903     0.960553     0.924027     0.818984     0.661504     0.475633     0.289722     0.132099            0
           0    0.0171869     0.129208     0.295148      0.49019     0.684961     0.850045     0.960492     0.999632     0.961624     0.852352     0.688535     0.495174     0.301747     0.137703            0
           0    0.0164641     0.124235     0.283885     0.471532     0.658915     0.817737     0.923994      0.96165     0.925089      0.81997     0.662375     0.476358     0.290274     0.132458            0
           0    0.0141054     0.109605     0.251188     0.417641     0.583874     0.724778     0.819056     0.852482     0.820073     0.726851     0.587084     0.422113     0.257101     0.117196            0
           0    0.0105303    0.0876273     0.202128     0.336813     0.471349     0.585402     0.661728     0.688815     0.662627     0.587233     0.474184     0.340757     0.207331    0.0942798            0
           0   0.00637519    0.0617663     0.144295     0.241463     0.338561     0.420894     0.476013     0.495605      0.47676     0.422417     0.340915     0.244734     0.148598    0.0672453            0
           0   0.00241934    0.0361347    0.0866601     0.146243     0.205818     0.256353     0.290205     0.302273     0.290774     0.257511     0.207607     0.148726    0.0899233    0.0402802            0
           0 -0.000487242    0.0149066    0.0382328    0.0658161     0.093423     0.116857     0.132573      0.13821     0.132942     0.117609    0.0945848    0.0674293    0.0403546     0.017612            0
           0            0            0            0            0            0            0            0            0            0            0            0            0            0            0            0
