           0            0            0            0            0            0            0            0            0            0            0            0            0            0            0            0
           0  -0.00460181  -0.00292768  0.000610007   0.00515615   0.00986082    0.0139346    0.0167317    0.0178291    0.0170827    0.0146475    0.0109575    0.0066703   0.00258934 -0.000414076            0
           0  -0.00300212    0.0110845    0.0332104    0.0597021    0.0863701     0.109085     0.124371     0.129915     0.124913     0.110187    0.0880655    0.0620415    0.0362609    0.0149287            0
           0  0.000408497    0.0330595    0.0826183     0.141346     0.200208     0.250212     0.283755     0.295766     0.284472      0.25167     0.202452     0.144444    0.0866592    0.0381453            0
           0   0.00479405    0.0593513      0.14113     0.237648     0.334215     0.416162     0.471061     0.490619     0.471931     0.417931     0.336941     0.241419     0.146061    0.0655822            0
           0   0.00933119    0.0858064     0.199756      0.33397     0.468131     0.581915     0.658093      0.68516     0.659087     0.583938     0.471253       0.3383      0.20544    0.0930331            0
           0    0.0132587     0.108333     0.249548     0.415694     0.581688     0.722424     0.816613     0.850031     0.817696     0.724631       0.5851     0.420437       0.2558     0.116329            0
           0     0.015955     0.123488     0.282943     0.470435     0.657703     0.816448     0.922667     0.960324       0.9238     0.818759     0.661281     0.475418      0.28953     0.131951            0
           0    0.0170136     0.128982     0.294894     0.489928     0.684702     0.849795     0.960252     0.999398     0.961393     0.852122     0.688307     0.494955     0.301551     0.137551            0
           0    0.0162962     0.124015     0.283639     0.471278     0.658664     0.817495     0.923761     0.961424     0.924866     0.819748     0.662155     0.476146     0.290084      0.13231            0
           0    0.0139521     0.109404     0.250963     0.417407     0.583644     0.724556     0.818842     0.852274     0.819868     0.726646     0.586882     0.421919     0.256928     0.117062            0
           0    0.0103991    0.0874548     0.201934     0.336611      0.47115     0.585209     0.661543     0.688634      0.66245     0.587057     0.474009      0.34059     0.207182     0.094165            0
           0   0.00627098    0.0616286     0.144139     0.241301       0.3384     0.420739     0.475863     0.495459     0.476617     0.422274     0.340775       0.2446      0.14848    0.0671545            0
           0   0.00234441    0.0360349    0.0865469     0.146124       0.2057     0.256239     0.290096     0.302167     0.290669     0.257407     0.207505     0.148629    0.0898377    0.0402152            0
           0 -0.000533162    0.0148452    0.0381627    0.0657427    0.0933501     0.116786     0.132505     0.138144     0.132877     0.117545    0.0945219    0.0673697    0.0403022    0.0175724            0
           0            0            0            0            0            0            0            0            0            0            0            0            0            0            0            0
