           0            0            0            0            0            0            0            0            0            0            0            0            0            0            0            0
           0  -0.00490789  -0.00334919  0.000118718   0.00463317   0.00933318    0.0134177    0.0162308     0.017343    0.0166078     0.014183    0.0105093    0.0062546   0.00223316 -0.000674307            0
           0  -0.00352844    0.0103651    0.0323736    0.0588098    0.0854659     0.108194     0.123503     0.129069     0.124086     0.109378    0.0872862    0.0613189    0.0356402    0.0144715            0
           0 -0.000367033    0.0320092    0.0814024     0.140051     0.198895     0.248915     0.282488     0.294528      0.28326     0.250483     0.201307      0.14338      0.08574    0.0374616            0
           0   0.00375957    0.0579615     0.139529     0.235947     0.332491     0.414458     0.469395     0.488989     0.470332     0.416363     0.335426     0.240005     0.144834    0.0646611            0
           0    0.0080546    0.0841018       0.1978     0.331897     0.466032     0.579842     0.656065     0.683175     0.657136     0.582022     0.469397     0.336563     0.203925    0.0918891            0
           0     0.011785     0.106374     0.247306     0.413322     0.579289     0.720056     0.814296     0.847761     0.815465     0.722437      0.58297      0.41844     0.254052     0.115003            0
           0     0.014354     0.121365     0.280518     0.467874     0.655115     0.813894     0.920168     0.957875     0.921392     0.816389     0.658977     0.473254     0.287632     0.130507            0
           0    0.0153717     0.126807     0.292413     0.487308     0.682057     0.847186     0.957699     0.996898     0.958932     0.849699      0.68595     0.492739     0.299605     0.136069            0
           0    0.0147061     0.121909     0.281235     0.468741     0.656104     0.814969     0.921291     0.959005     0.922484     0.817403     0.659874     0.474001     0.288201     0.130876            0
           0    0.0125009     0.107479     0.248764     0.415086     0.581301     0.722246     0.816584     0.850063     0.817692     0.724504     0.584798     0.419961      0.25521     0.115756            0
           0    0.0091579    0.0858034     0.200045     0.334616     0.469137     0.583225     0.659605     0.686738     0.660584     0.585221     0.472225     0.338914     0.205714    0.0930522            0
           0   0.00528727    0.0603146     0.142634      0.23971     0.336795     0.419158     0.474321     0.493952     0.475135     0.420817     0.339359     0.243272     0.147319    0.0662777            0
           0   0.00163884    0.0350882    0.0854601     0.144976     0.204543     0.255103      0.28899     0.301087     0.289609     0.256364     0.206491     0.147678    0.0890083    0.0395918            0
           0 -0.000964194    0.0142651    0.0374967    0.0650406    0.0926456     0.116097     0.131837     0.137494     0.132239     0.116916    0.0939096    0.0667943    0.0398004    0.0171963            0
           0            0            0            0            0            0            0            0            0            0            0            0            0            0            0            0
