           0            0            0            0            0            0            0            0            0            0            0            0            0            0            0            0
           0  -0.00461799  -0.00294995  0.000584053   0.00512852   0.00983294    0.0139073    0.0167052    0.0178034    0.0170576     0.014623    0.0109338   0.00664836   0.00257054 -0.000427815            0
           0  -0.00302982    0.0110468    0.0331668    0.0596559    0.0863236     0.109039     0.124327     0.129872     0.124871     0.110146    0.0880256    0.0620042    0.0362288    0.0149048            0
           0  0.000367831    0.0330049    0.0825556      0.14128     0.200142     0.250147     0.283692     0.295705     0.284412     0.251611     0.202395     0.144391    0.0866122      0.03811            0
           0   0.00473995    0.0592793     0.141048     0.237562      0.33413     0.416078     0.470981      0.49054     0.471854     0.417855     0.336867     0.241348     0.145999    0.0655349            0
           0   0.00926455    0.0857184     0.199656     0.333867     0.468028     0.581815     0.657997     0.685067     0.658995     0.583846     0.471163     0.338214     0.205364    0.0929747            0
           0    0.0131818     0.108232     0.249435     0.415576     0.581571     0.722311     0.816503     0.849924     0.817592     0.724527     0.584997     0.420339     0.255713     0.116262            0
           0    0.0158715     0.123379      0.28282     0.470308     0.657578     0.816326      0.92255      0.96021     0.923688     0.818647      0.66117     0.475313     0.289436     0.131877            0
           0     0.016928      0.12887     0.294769     0.489798     0.684574     0.849671     0.960133     0.999283     0.961279     0.852009     0.688194     0.494847     0.301453     0.137475            0
           0    0.0162134     0.123907     0.283517     0.471152      0.65854     0.817375     0.923646     0.961312     0.924755     0.819637     0.662046     0.476041      0.28999     0.132237            0
           0    0.0138765     0.109305     0.250852     0.417292      0.58353     0.724446     0.818737     0.852172     0.819766     0.726545     0.586781     0.421823     0.256842     0.116995            0
           0    0.0103344    0.0873698     0.201838     0.336512     0.471052     0.585114     0.661451     0.688545     0.662362      0.58697     0.473923     0.340508     0.207108    0.0941083            0
           0   0.00621964    0.0615608     0.144063     0.241221     0.338321     0.420662     0.475789     0.495388     0.476546     0.422204     0.340706     0.244535     0.148421    0.0671097            0
           0   0.00230752    0.0359859    0.0864912     0.146066     0.205643     0.256183     0.290042     0.302115     0.290618     0.257356     0.207455     0.148582    0.0897956    0.0401832            0
           0 -0.000555741     0.014815    0.0381283    0.0657068    0.0933144     0.116751     0.132472     0.138112     0.132846     0.117513    0.0944911    0.0673405    0.0402765     0.017553            0
           0            0            0            0            0            0            0            0            0            0            0            0            0            0            0            0
