           0            0            0            0            0            0            0            0            0            0            0            0            0            0            0            0
           0  -0.00473458  -0.00311031  0.000397376   0.00493005   0.00963296    0.0137116    0.0165158    0.0176196    0.0168781    0.0144473    0.0107641   0.00649076   0.00243533 -0.000526732            0
           0  -0.00322995    0.0107742     0.032851    0.0593207    0.0859855     0.108708     0.124005     0.129559     0.124565     0.109845    0.0877351    0.0617336    0.0359952    0.0147321            0
           0  7.32935e-05     0.032608     0.082099     0.140797     0.199655      0.24967     0.283229     0.295254      0.28397     0.251176     0.201973     0.143996    0.0862686    0.0378528            0
           0   0.00434738    0.0587553     0.140449     0.236931     0.333496     0.415458     0.470378     0.489953     0.471277     0.417286     0.336313     0.240827     0.145542    0.0651893            0
           0   0.00878036    0.0850766     0.198926     0.333101     0.467261     0.581065     0.657269     0.684356     0.658296     0.583156     0.470489     0.337576     0.204802    0.0925463            0
           0    0.0126231     0.107495       0.2486     0.414702     0.580698     0.721458     0.815676     0.849117     0.816797     0.723741     0.584226     0.419608     0.255066     0.115766            0
           0    0.0152647     0.122581     0.281918     0.469366     0.656637     0.815409      0.92166     0.959342     0.922833       0.8178     0.660338     0.474521     0.288734     0.131338            0
           0    0.0163057     0.128053     0.293846     0.488835     0.683613     0.848735     0.959225     0.998398     0.960406     0.851143     0.687344     0.494037     0.300734     0.136922            0
           0    0.0156107     0.123115     0.282623     0.470219      0.65761     0.816468     0.922767     0.960456      0.92391       0.8188     0.661222     0.475257     0.289294     0.131702            0
           0    0.0133264     0.108581     0.250033     0.416438     0.582678     0.723615     0.817932     0.851387     0.818993     0.725779     0.586028     0.421107     0.256206     0.116507            0
           0   0.00986374    0.0867483     0.201134     0.335776     0.470317     0.584398     0.660758     0.687869     0.661696      0.58631     0.473276     0.339893     0.206564    0.0936918            0
           0    0.0058465    0.0610657       0.1435     0.240633     0.337733     0.420089     0.475234     0.494847     0.476014     0.421678      0.34019     0.244046      0.14799    0.0667811            0
           0   0.00203973    0.0356287     0.086084      0.14564     0.205216     0.255768      0.28964     0.301724     0.290234     0.256977     0.207083      0.14823    0.0894864    0.0399491            0
           0 -0.000719471    0.0145956    0.0378778    0.0654443    0.0930528     0.116497     0.132227     0.137873     0.132612     0.117282    0.0942645    0.0671262    0.0400885    0.0174112            0
           0            0            0            0            0            0            0            0            0            0            0            0            0            0            0            0
