          0           0           0           0           0           0           0           0           0           0           0           0           0           0           0           0
          0 -0.00398314 -0.00201102  0.00176071   0.0064744   0.0112838   0.0154069   0.0182067   0.0192678   0.0184515   0.0159146     0.01209   0.0076324  0.00334222 8.97831e-05           0
          0 -0.00202219   0.0125277   0.0350122   0.0617566   0.0885792    0.111364    0.126649    0.132135    0.127026    0.112146   0.0898223    0.063541   0.0374419   0.0157252           0
          0  0.00173079   0.0349902    0.085012    0.144059    0.203111    0.253194    0.286728    0.298659    0.287227     0.25423    0.204757    0.146424   0.0882308   0.0392168           0
          0  0.00642106    0.061706    0.144029    0.240913    0.337689    0.419714    0.474592     0.49405    0.475199    0.420975    0.339694    0.243798    0.147966    0.066895           0
          0   0.0112062   0.0884984    0.203047    0.337655     0.47203    0.585885    0.662026    0.688975    0.662722    0.587331    0.474335     0.34098    0.207602   0.0945386           0
          0   0.0153084    0.111256    0.253101     0.41965    0.585854    0.726648    0.820784    0.854071    0.821545    0.728232    0.588383    0.423308    0.258132    0.117967           0
          0   0.0180939    0.126524    0.286615    0.474506    0.661973    0.820762    0.926915    0.964432    0.927715    0.822426    0.664634    0.478363    0.291935     0.13365           0
          0   0.0191498    0.132003    0.298538    0.493955    0.688914     0.85404    0.964424     1.00343    0.965231    0.855721    0.691604    0.497858     0.30393    0.139239           0
          0    0.018338      0.1269    0.287112    0.475111    0.662666     0.82152    0.927712    0.965236    0.928495    0.823152    0.665277    0.478898    0.292344    0.133916           0
          0   0.0158145    0.112037    0.254134    0.420905    0.587294    0.728226    0.822442    0.855745     0.82317    0.729743     0.58972    0.424421    0.258981     0.11852           0
          0   0.0120099   0.0897374    0.204688    0.339653    0.474326    0.588403    0.664675    0.691653     0.66532    0.589746    0.476471    0.342756    0.208955   0.0954205           0
          0   0.0075756   0.0634845    0.146385    0.243787       0.341    0.423356    0.478431    0.497934    0.478968    0.424473    0.342783    0.246362    0.149916   0.0681666           0
          0  0.00330789   0.0374121   0.0882189     0.14798    0.207645    0.258201    0.292022    0.304023    0.292431    0.259052    0.209003    0.149939   0.0909007   0.0409594           0
          0 7.35828e-05   0.0157155   0.0392229   0.0669228   0.0945896    0.118038    0.133735     0.13933    0.134003    0.118594    0.095475   0.0681997   0.0409729   0.0180394           0
          0           0           0           0           0           0           0           0           0           0           0           0           0           0           0           0
