          0           0           0           0           0           0           0           0           0           0           0           0           0           0           0           0
          0  -0.0033873 -0.00112336   0.0028648  0.00771963   0.0126053   0.0167541   0.0195415   0.0205614   0.0196789   0.0170502   0.0131047  0.00849174  0.00400808 0.000524888           0
          0 -0.00112921   0.0138511   0.0366437    0.063577   0.0904894     0.11329    0.128541    0.133958    0.128751    0.113744   0.0912556   0.0647619   0.0383937     0.01635           0
          0  0.00284928   0.0366325   0.0870107    0.146255    0.205376    0.255442    0.288904    0.300735    0.289183    0.256044    0.206394     0.14783   0.0893379   0.0399503           0
          0  0.00769215   0.0635514     0.14624    0.243296    0.340095    0.422049    0.476808    0.496132    0.477148    0.422784     0.34134     0.24523    0.149109   0.0676622           0
          0   0.0125655   0.0904488    0.205345    0.340078    0.474415    0.588135    0.664108    0.690894    0.664499    0.588985    0.475857    0.342326    0.208696    0.095284           0
          0   0.0167037    0.113236    0.255396    0.422017     0.58812    0.728722    0.822644    0.855743    0.823075    0.729658    0.589713    0.424509    0.259129    0.118658           0
          0    0.019484    0.128478    0.288849    0.476766    0.664082    0.822634     0.92854    0.965852    0.928995    0.823622    0.665768     0.47941    0.292823    0.134277           0
          0   0.0205013    0.133892    0.300676    0.496087    0.690865    0.855728    0.965848     1.00464     0.96631    0.856731    0.692576    0.498774    0.304721    0.139806           0
          0   0.0196211    0.128688    0.289127    0.477105    0.664473    0.823064    0.928994    0.966313    0.929443    0.824039    0.666137    0.479718    0.293059    0.134433           0
          0   0.0169994     0.11369    0.255997    0.422751    0.588968    0.729656     0.82363    0.856743    0.824048    0.730564    0.590515    0.425177     0.25964    0.118994           0
          0    0.013064   0.0912136     0.20636    0.341321    0.475853    0.589725    0.665789    0.692601     0.66616    0.590528    0.477222    0.343461    0.209562   0.0958535           0
          0  0.00846301   0.0647342    0.147812    0.245226    0.342337    0.424534    0.479445    0.498812    0.479754    0.425204    0.343475    0.247001    0.150458   0.0685476           0
          0  0.00399084   0.0383794   0.0893332    0.149118    0.208719    0.259165    0.292868    0.304769    0.293104    0.259677    0.209587     0.15047   0.0913436   0.0412668           0
          0 0.000516913   0.0163458   0.0399546   0.0676778   0.0953115    0.118696    0.134322    0.139854    0.134478    0.119033   0.0958822   0.0685651   0.0412741   0.0182466           0
          0           0           0           0           0           0           0           0           0           0           0           0           0           0           0           0
