          0           0           0           0           0           0           0           0           0           0           0           0           0           0           0           0
          0 -0.00101996  0.00225618  0.00706419    0.012649   0.0181837   0.0228528   0.0259659   0.0270614   0.0259787   0.0228838   0.0182454   0.0127666  0.00728578  0.00267357           0
          0  0.00225512    0.018368   0.0418651   0.0693157   0.0966484    0.119772     0.13521    0.140634    0.135229    0.119818   0.0967395   0.0694885   0.0421882   0.0189673           0
          0  0.00706147   0.0418632   0.0925597    0.151836    0.210899     0.26089     0.29427    0.305995    0.294295     0.26095    0.211019    0.152063   0.0929846   0.0426518           0
          0   0.0126443   0.0693115    0.151833    0.248349    0.344543    0.425973     0.48035    0.499448     0.48038    0.426047    0.344689    0.248629     0.15236   0.0702978           0
          0   0.0181769   0.0966419    0.210894     0.34454    0.477757    0.590536    0.665849    0.692298    0.665884    0.590621    0.477927    0.344868    0.211517   0.0978186           0
          0   0.0228443    0.119764    0.260883    0.425969    0.590534    0.729857    0.822897    0.855572    0.822936    0.729951    0.590724    0.426336    0.261584      0.1211           0
          0   0.0259562      0.1352    0.294261    0.480344    0.665845    0.822896    0.927775    0.964607    0.927817    0.822996    0.666048    0.480737    0.295015    0.136642           0
          0   0.0270513    0.140623    0.305986    0.499441    0.692294     0.85557    0.964607      1.0029    0.964649    0.855672    0.692501    0.499842    0.306757    0.142102           0
          0   0.0259691    0.135219    0.294286    0.480374     0.66588    0.822935    0.927817    0.964649    0.927858    0.823034    0.666082    0.480765    0.295037    0.136658           0
          0   0.0228753     0.11981    0.260943    0.426042    0.590619    0.729951    0.822998    0.855674    0.823036    0.730044    0.590806    0.426405    0.261639    0.121138           0
          0   0.0182386   0.0967329    0.211014    0.344687    0.477927    0.590726    0.666051    0.692505    0.666085    0.590809    0.478094    0.345008    0.211626   0.0978939           0
          0   0.0127618   0.0694842     0.15206    0.248628     0.34487     0.42634    0.480742    0.499849    0.480771     0.42641     0.34501    0.248897    0.152569   0.0704432           0
          0  0.00728291   0.0421861   0.0929842    0.152362    0.211521     0.26159    0.295022    0.306764    0.295045    0.261645     0.21163    0.152571   0.0933805   0.0429294           0
          0   0.0026723   0.0189669   0.0426529   0.0703009   0.0978237    0.121107     0.13665    0.142111    0.136666    0.121145   0.0978991   0.0704465   0.0429308   0.0194948           0
          0           0           0           0           0           0           0           0           0           0           0           0           0           0           0           0
