           0            0            0            0            0            0            0            0            0            0            0            0            0            0            0            0
           0  -0.00452657  -0.00282332  0.000732721   0.00528813   0.00999543    0.0140679    0.0168617    0.0179557    0.0172062    0.0147675    0.0110721   0.00677549   0.00267852 -0.000349517            0
           0  -0.00287425    0.0112597    0.0334145    0.0599203    0.0865917     0.109304     0.124584     0.130123     0.125116     0.110385    0.0882557    0.0622173    0.0364116    0.0150394            0
           0   0.00059497    0.0333116    0.0829092     0.141654     0.200519     0.250518     0.284052     0.296055     0.284756     0.251948     0.202721     0.144696    0.0868769    0.0383077            0
           0   0.00504077     0.059681     0.141508     0.238045     0.334614     0.416551     0.471439     0.490987     0.472293     0.418286     0.337288     0.241745     0.146347    0.0657979            0
           0   0.00963381    0.0862075     0.200212     0.334447     0.468607     0.582378     0.658542     0.685597     0.659516     0.584362     0.471669     0.338694     0.205788    0.0932983            0
           0    0.0136065     0.108791     0.250066     0.416234     0.582224     0.722945     0.817116      0.85052     0.818178     0.725109      0.58557     0.420885     0.256198     0.116635            0
           0    0.0163318     0.123983       0.2835     0.471014     0.658277     0.817004     0.923203     0.960845     0.924315      0.81927     0.661784       0.4759      0.28996     0.132282            0
           0    0.0173994     0.129488     0.295463     0.490518     0.685286     0.850361     0.960797     0.999928     0.961916     0.852642      0.68882     0.495446     0.301989      0.13789            0
           0    0.0166699     0.124505      0.28419     0.471849      0.65923     0.818042     0.924289     0.961937     0.925371      0.82025     0.662652     0.476621     0.290509     0.132638            0
           0    0.0142935     0.109852     0.251468     0.417932     0.584164     0.725059     0.819328     0.852746     0.820333     0.727108     0.587337     0.422355     0.257316     0.117361            0
           0    0.0106916    0.0878406      0.20237     0.337065     0.471601     0.585646     0.661965     0.689044     0.662853     0.587457     0.474404     0.340966     0.207516    0.0944211            0
           0   0.00650358    0.0619371      0.14449     0.241667     0.338765     0.421092     0.476205     0.495791     0.476944     0.422598     0.341092     0.244902     0.148746    0.0673575            0
           0   0.00251195    0.0362587    0.0868022     0.146392     0.205967     0.256499     0.290347     0.302411     0.290909     0.257644     0.207737     0.148849    0.0900303    0.0403609            0
           0  -0.00043029    0.0149834    0.0383211    0.0659093    0.0935167     0.116948     0.132662     0.138296     0.133027     0.117692    0.0946657    0.0675051    0.0404206    0.0176613            0
           0            0            0            0            0            0            0            0            0            0            0            0            0            0            0            0
