           0            0            0            0            0            0            0            0            0            0            0            0            0            0            0            0
           0  -0.00470821  -0.00307402  0.000439627   0.00497499   0.00967825     0.013756    0.0165587    0.0176612    0.0169188    0.0144871    0.0108026   0.00652645   0.00246594 -0.000504343            0
           0  -0.00318463    0.0108361    0.0329228     0.059397    0.0860627     0.108784     0.124078     0.129631     0.124635     0.109914    0.0878015    0.0617954    0.0360484    0.0147714            0
           0  0.000140054    0.0326982    0.0822031     0.140908     0.199767      0.24978     0.283336     0.295358     0.284072     0.251277      0.20207     0.144086    0.0863472    0.0379114            0
           0   0.00443642    0.0588745     0.140586     0.237076     0.333642     0.415602     0.470518      0.49009     0.471412     0.417418     0.336441     0.240947     0.145647    0.0652682            0
           0   0.00889023    0.0852228     0.199093     0.333277     0.467439     0.581239     0.657439     0.684523      0.65846     0.583317     0.470645     0.337724     0.204931    0.0926442            0
           0    0.0127499     0.107663     0.248791     0.414903       0.5809     0.721657      0.81587     0.849307     0.816983     0.723925     0.584406     0.419777     0.255214     0.115879            0
           0    0.0154024     0.122763     0.282125     0.469583     0.656856     0.815624     0.921869     0.959547     0.923034     0.817999     0.660532     0.474705     0.288895     0.131461            0
           0     0.016447     0.128239     0.294057     0.489057     0.683837     0.848954     0.959439     0.998606     0.960612     0.851346     0.687542     0.494225       0.3009     0.137048            0
           0    0.0157475     0.123296     0.282828     0.470435     0.657827      0.81668     0.922974     0.960657     0.924109     0.818996     0.661414     0.475439     0.289454     0.131824            0
           0    0.0134513     0.108746     0.250221     0.416635     0.582876     0.723809     0.818121     0.851572     0.819175     0.725958     0.586204     0.421272     0.256352     0.116619            0
           0   0.00997057    0.0868899     0.201295     0.335945     0.470488     0.584565      0.66092     0.688028     0.661852     0.586464     0.473427     0.340035     0.206689    0.0937871            0
           0   0.00593117    0.0611785     0.143629     0.240768     0.337869     0.420222     0.475364     0.494973     0.476139     0.421801      0.34031     0.244158     0.148089    0.0668561            0
           0   0.00210047      0.03571     0.086177     0.145737     0.205315     0.255864     0.289734     0.301815     0.290323     0.257065     0.207169     0.148311    0.0895572    0.0400025            0
           0 -0.000682355    0.0146454    0.0379349    0.0655043    0.0931128     0.116556     0.132283     0.137928     0.132666     0.117335    0.0943166    0.0671753    0.0401314    0.0174435            0
           0            0            0            0            0            0            0            0            0            0            0            0            0            0            0            0
