           0            0            0            0            0            0            0            0            0            0            0            0            0            0            0            0
           0   -0.0048345  -0.00324795  0.000236918   0.00475922   0.00946058    0.0135427    0.0163521    0.0174608    0.0167229    0.0142955    0.0106177   0.00635493   0.00231897 -0.000611729            0
           0  -0.00340192    0.0105389     0.032577     0.059028    0.0856885     0.108415     0.123719     0.129281     0.124292     0.109579    0.0874789    0.0614964    0.0357917    0.0145824            0
           0 -0.000180268    0.0322641       0.0817     0.140371     0.199223     0.249242      0.28281     0.294844     0.283569     0.250784     0.201595     0.143645    0.0859665    0.0376285            0
           0     0.004009    0.0582997     0.139923     0.236371     0.332926     0.414893     0.469824     0.489411     0.470745     0.416766     0.335811      0.24036     0.145138    0.0648868            0
           0   0.00836266    0.0845175     0.198283     0.332416     0.466566     0.580376     0.656593     0.683694     0.657645     0.582518     0.469873     0.337002     0.204302    0.0921702            0
           0    0.0121408     0.106852     0.247861     0.413918     0.579902      0.72067     0.814903     0.848359     0.816051     0.723009     0.583518     0.418946     0.254489      0.11533            0
           0    0.0147406     0.121884     0.281119     0.468519     0.655778     0.814558     0.920825     0.958523     0.922027     0.817009     0.659572     0.473804     0.288107     0.130863            0
           0    0.0157683     0.127339     0.293028     0.487968     0.682735     0.847865     0.958372      0.99756     0.959582     0.850334     0.686559     0.493303     0.300092     0.136434            0
           0    0.0150902     0.122424     0.281831      0.46938      0.65676     0.815626     0.921941     0.959645     0.923113     0.818017     0.660463     0.474546     0.288672      0.13123            0
           0    0.0128514     0.107949     0.249309      0.41567       0.5819     0.722846     0.817177     0.850647     0.818265     0.725064     0.585335     0.420458     0.255639     0.116078            0
           0   0.00945754    0.0862064     0.200512     0.335117      0.46965     0.583738     0.660111     0.687236     0.661073     0.585698     0.472683     0.339338      0.20608    0.0933259            0
           0   0.00552462    0.0606348     0.143005     0.240108     0.337202     0.419564     0.474721     0.494345     0.475521     0.421193      0.33972     0.243606     0.147607    0.0664929            0
           0   0.00180893    0.0353184     0.085727     0.145261     0.204834     0.255392     0.289273     0.301365     0.289881     0.256631     0.206747     0.147916    0.0892134    0.0397444            0
           0 -0.000860414    0.0144056    0.0376593    0.0652136    0.0928207      0.11627     0.132006     0.137658     0.132401     0.117074    0.0940626    0.0669369    0.0399237    0.0172879            0
           0            0            0            0            0            0            0            0            0            0            0            0            0            0            0            0
