           0            0            0            0            0            0            0            0            0            0            0            0            0            0            0            0
           0  -0.00467651  -0.00303042  0.000490384   0.00502895   0.00973261    0.0138091    0.0166102    0.0177112    0.0169676    0.0145348    0.0108487    0.0065693   0.00250271 -0.000477444            0
           0  -0.00313018    0.0109103    0.0330088    0.0594884    0.0861549     0.108874     0.124166     0.129717     0.124719     0.109996    0.0878808    0.0618692     0.036112    0.0148184            0
           0  0.000220225    0.0328063    0.0823276     0.141039       0.1999     0.249911     0.283463     0.295482     0.284194     0.251396     0.202185     0.144194    0.0864409    0.0379815            0
           0   0.00454331    0.0590174      0.14075     0.237249     0.333816     0.415772     0.470684     0.490251      0.47157     0.417574     0.336593      0.24109     0.145772    0.0653625            0
           0    0.0090221    0.0853978     0.199293     0.333487     0.467649     0.581445     0.657639     0.684718     0.658652     0.583507      0.47083     0.337898     0.205085    0.0927611            0
           0    0.0129021     0.107864     0.249019     0.415143      0.58114     0.721892     0.816098      0.84953     0.817202     0.724141     0.584618     0.419978     0.255392     0.116015            0
           0    0.0155678     0.122981     0.282371     0.469841     0.657114     0.815876     0.922114     0.959786      0.92327     0.818232     0.660761     0.474922     0.289087     0.131608            0
           0    0.0166166     0.128462      0.29431     0.489321       0.6841     0.849212     0.959689      0.99885     0.960853     0.851585     0.687776     0.494447     0.301097       0.1372            0
           0    0.0159117     0.123512     0.283073      0.47069     0.658082      0.81693     0.923216     0.960894     0.924342     0.819227     0.661641     0.475654     0.289645     0.131971            0
           0    0.0136012     0.108943     0.250444     0.416869      0.58311     0.724038     0.818342     0.851788     0.819388     0.726169     0.586411     0.421469     0.256526     0.116752            0
           0    0.0100988    0.0870594     0.201488     0.336147     0.470689     0.584762     0.661111     0.688214     0.662036     0.586646     0.473604     0.340204     0.206838    0.0939008            0
           0    0.0060328    0.0613135     0.143783     0.240929      0.33803      0.42038     0.475516     0.495122     0.476285     0.421945     0.340451     0.244292     0.148207    0.0669458            0
           0   0.00217339    0.0358073    0.0862881     0.145854     0.205431     0.255978     0.289844     0.301922     0.290428     0.257169     0.207271     0.148407    0.0896417    0.0400664            0
           0 -0.000637781    0.0147052    0.0380032     0.065576    0.0931842     0.116625      0.13235     0.137994      0.13273     0.117398    0.0943785    0.0672338    0.0401827    0.0174821            0
           0            0            0            0            0            0            0            0            0            0            0            0            0            0            0            0
