           0            0            0            0            0            0            0            0            0            0            0            0            0            0            0            0
           0  -0.00470293  -0.00306676  0.000448081   0.00498398    0.0096873    0.0137648    0.0165673    0.0176696    0.0169269     0.014495    0.0108102   0.00653359   0.00247207 -0.000499863            0
           0  -0.00317556    0.0108484    0.0329371    0.0594123    0.0860781     0.108799     0.124093     0.129645     0.124649     0.109928    0.0878148    0.0618077     0.036059    0.0147792            0
           0   0.00015341    0.0327162    0.0822239      0.14093     0.199789     0.249802     0.283357     0.295379     0.284093     0.251297     0.202089     0.144104    0.0863628    0.0379231            0
           0   0.00445423    0.0588984     0.140613     0.237105     0.333671      0.41563     0.470546     0.490117     0.471438     0.417444     0.336467     0.240971     0.145668     0.065284            0
           0    0.0089122     0.085252     0.199127     0.333312     0.467474     0.581274     0.657472     0.684556     0.658492     0.583349     0.470676     0.337753     0.204956    0.0926637            0
           0    0.0127753     0.107697     0.248829     0.414944      0.58094     0.721697     0.815909     0.849345      0.81702     0.723961     0.584441     0.419811     0.255244     0.115902            0
           0      0.01543     0.122799     0.282166     0.469626     0.656899     0.815666     0.921911     0.959587     0.923074     0.818038      0.66057     0.474741     0.288927     0.131486            0
           0    0.0164753     0.128276       0.2941     0.489101     0.683881     0.848998     0.959481     0.998647     0.960652     0.851386     0.687581     0.494262     0.300933     0.137074            0
           0    0.0157749     0.123332     0.282869     0.470477     0.657869     0.816722     0.923015     0.960697     0.924149     0.819035     0.661452     0.475475     0.289486     0.131849            0
           0    0.0134763     0.108779     0.250258     0.416674     0.582915     0.723848     0.818158     0.851608     0.819211     0.725994     0.586239     0.421305     0.256382     0.116641            0
           0   0.00999193    0.0869182     0.201327     0.335979     0.470521     0.584598     0.660953      0.68806     0.661883     0.586495     0.473456     0.340063     0.206714    0.0938061            0
           0   0.00594811     0.061201     0.143655     0.240795     0.337896     0.420249      0.47539     0.494998     0.476163     0.421825     0.340333     0.244181     0.148109    0.0668711            0
           0   0.00211262    0.0357262    0.0861955     0.145757     0.205334     0.255884     0.289752     0.301833     0.290341     0.257082     0.207186     0.148327    0.0895714    0.0400131            0
           0 -0.000674929    0.0146554    0.0379463    0.0655163    0.0931247     0.116567     0.132294     0.137939     0.132677     0.117346     0.094327    0.0671851      0.04014      0.01745            0
           0            0            0            0            0            0            0            0            0            0            0            0            0            0            0            0
