           0            0            0            0            0            0            0            0            0            0            0            0            0            0            0            0
           0   -0.0048817  -0.00331306  0.000160929    0.0046782   0.00937872    0.0134624    0.0162742    0.0173851     0.016649    0.0142232    0.0105481   0.00629045   0.00226381 -0.000651962            0
           0  -0.00348328    0.0104272    0.0324464     0.058888    0.0855458     0.108273      0.12358     0.129145      0.12416      0.10945    0.0873554    0.0613825    0.0356944    0.0145112            0
           0 -0.000300338    0.0321004    0.0815091     0.140166     0.199013     0.249033     0.282604     0.294642     0.283371     0.250592     0.201411     0.143475    0.0858213    0.0375214            0
           0   0.00384866    0.0580825      0.13967     0.236099     0.332648     0.414615     0.469551     0.489142     0.470482     0.416509     0.335565     0.240133     0.144943     0.064742            0
           0   0.00816465    0.0842506     0.197973     0.332084     0.466225     0.580035     0.656256     0.683363     0.657321     0.582202     0.469569     0.336721     0.204061    0.0919899            0
           0    0.0119122     0.106545     0.247506     0.413537     0.579511     0.720279     0.814516     0.847978     0.815678     0.722645     0.583169     0.418623     0.254209      0.11512            0
           0    0.0144921     0.121551     0.280734     0.468106     0.655355     0.814135     0.920407     0.958111     0.921623     0.816614     0.659192     0.473453     0.287803     0.130635            0
           0    0.0155134     0.126997     0.292634     0.487546     0.682302     0.847432     0.957944     0.997139     0.959168      0.84993     0.686171     0.492942      0.29978       0.1362            0
           0    0.0148434     0.122093     0.281449     0.468971     0.656341     0.815207     0.921527     0.959238     0.922713     0.817626     0.660088     0.474198      0.28837     0.131003            0
           0    0.0126262     0.107647      0.24896     0.415296     0.581518     0.722463       0.8168     0.850276       0.8179     0.724707     0.584993      0.42014     0.255364     0.115871            0
           0   0.00926495    0.0859477     0.200213     0.334796     0.469322     0.583411     0.659789     0.686919     0.660762     0.585394     0.472391     0.339067     0.205846    0.0931504            0
           0   0.00537206    0.0604292     0.142767     0.239853     0.336942     0.419305     0.474466     0.494094     0.475275     0.420953     0.339489     0.243392     0.147422    0.0663548            0
           0   0.00169959    0.0351706    0.0855558     0.145079     0.204648     0.255208     0.289092     0.301188     0.289707      0.25646     0.206583     0.147764     0.089082    0.0396465            0
           0 -0.000927137    0.0143153    0.0375549    0.0651027    0.0927086      0.11616     0.131898     0.137553     0.132298     0.116973    0.0939646    0.0668455    0.0398446    0.0172291            0
           0            0            0            0            0            0            0            0            0            0            0            0            0            0            0            0
