           0            0            0            0            0            0            0            0            0            0            0            0            0            0            0            0
           0  -0.00432725  -0.00253048   0.00109899   0.00570783    0.0104501    0.0145413      0.01734    0.0184268    0.0176591    0.0151914    0.0114554    0.0071049   0.00293945 -0.000172563            0
           0  -0.00255248    0.0117286    0.0339971    0.0605842    0.0873079     0.110047     0.125334     0.130861     0.125827     0.111051    0.0888605    0.0627402    0.0368289     0.015325            0
           0   0.00103972     0.033953    0.0836997      0.14255      0.20148     0.251511     0.285052     0.297039     0.285703     0.252839     0.203534     0.145403    0.0874466    0.0387023            0
           0   0.00560169    0.0604823     0.142487     0.239147      0.33579     0.417763     0.472655     0.492182     0.473446     0.419375     0.338285     0.242619     0.147057     0.066295            0
           0    0.0102952    0.0871445      0.20135      0.33572      0.46996     0.583766     0.659931     0.686962     0.660834     0.585609     0.472817     0.339706     0.206616    0.0938839            0
           0     0.014344      0.10983     0.251321      0.41763     0.583702     0.724457     0.818626     0.852003     0.819611     0.726468     0.586826     0.421997     0.257114     0.117287            0
           0    0.0171138     0.125079     0.284819     0.472477     0.659821      0.81858     0.924775     0.962388     0.925806     0.820687     0.663097     0.477067     0.290925     0.132972            0
           0    0.0181896     0.130592      0.29679     0.491987     0.686833     0.851937     0.962368      1.00147     0.963406      0.85406     0.690136     0.496618     0.302961     0.138587            0
           0    0.0174307     0.125569     0.285466     0.473261     0.660717     0.819556     0.925797     0.963416     0.926802     0.821611     0.663915     0.477747     0.291443     0.133309            0
           0    0.0149898     0.110827     0.252639     0.419228     0.585529      0.72645     0.820714     0.854106     0.821647     0.728358     0.588497     0.423387     0.258172     0.117974            0
           0    0.0112938    0.0886862     0.203388     0.338195     0.472793     0.586862     0.663177     0.690233     0.664002     0.588549     0.475414     0.341864     0.208258    0.0949509            0
           0   0.00698977    0.0626232     0.145319      0.24259      0.33974      0.42209       0.4772     0.496768     0.477886     0.423492     0.341919     0.245634     0.149348    0.0677849            0
           0   0.00286932    0.0367659     0.087418      0.14708     0.206697     0.257246     0.291093     0.303143     0.291616     0.258313     0.208353     0.149392    0.0904752    0.0406747            0
           0 -0.000206201     0.015303    0.0387107     0.066346    0.0939808     0.117424     0.133138     0.138764     0.133478     0.118118    0.0950573    0.0678492    0.0407008    0.0178578            0
           0            0            0            0            0            0            0            0            0            0            0            0            0            0            0            0
