           0            0            0            0            0            0            0            0            0            0            0            0            0            0            0            0
           0  -0.00296075 -0.000497515   0.00363198   0.00858003    0.0135232    0.0177027    0.0204987    0.0215059    0.0205888    0.0179021    0.0138729   0.00914818   0.00452124  0.000861899            0
           0 -0.000501649    0.0147573    0.0377294     0.064764    0.0917246      0.11454     0.129782     0.135172      0.12992     0.114844    0.0922587    0.0656321     0.039085    0.0168101            0
           0   0.00362107    0.0377216    0.0882742     0.147585     0.206706     0.256738     0.290156     0.301939     0.290338     0.257142     0.207415      0.14874    0.0900807    0.0404564            0
           0   0.00856078    0.0647463     0.147574     0.244634      0.34136     0.423216     0.477882     0.497135     0.478104     0.423709     0.342232     0.246058     0.149813    0.0681577            0
           0    0.0134954    0.0916966     0.206684     0.341349     0.475535     0.589088     0.664918     0.691611     0.665175      0.58966     0.476548     0.343012     0.209314    0.0957381            0
           0    0.0176676     0.114503     0.256707     0.423194     0.589078     0.729452     0.823189     0.856175     0.823473     0.730084       0.5902     0.425046     0.259652     0.119062            0
           0    0.0204586     0.129739     0.290118     0.477853     0.664901     0.823182     0.928875     0.966063     0.929175     0.823852     0.666092     0.479825     0.293265     0.134636            0
           0    0.0214641     0.135127     0.301899     0.497104     0.691591     0.856166      0.96606      1.00472     0.966364     0.856846     0.692802     0.499112     0.305109     0.140131            0
           0    0.0205486     0.129876     0.290299     0.478075     0.665157     0.823465     0.929174     0.966366      0.92947     0.824127     0.666336     0.480028     0.293422     0.134739            0
           0    0.0178667     0.114807      0.25711     0.423687     0.589649     0.730083     0.823857     0.856854     0.824133     0.730699     0.590745       0.4255         0.26     0.119292            0
           0    0.0138447    0.0922299     0.207393     0.342219     0.476546     0.590209     0.666107      0.69282     0.666352     0.590754     0.477515     0.343817      0.20993    0.0961454            0
           0   0.00912822    0.0656131     0.148728     0.246056      0.34302     0.425064     0.479849     0.499138     0.480053     0.425519     0.343827     0.247381     0.150822     0.068824            0
           0   0.00450931    0.0390754    0.0900779      0.14982     0.209331     0.259677     0.293297     0.305142     0.293453     0.260026     0.209948      0.15083      0.09167    0.0415056            0
           0  0.000856434    0.0168075    0.0404598    0.0681691    0.0957578     0.119089     0.134667     0.140165     0.134771      0.11932    0.0961657    0.0688365    0.0415108    0.0184155            0
           0            0            0            0            0            0            0            0            0            0            0            0            0            0            0            0
