           0            0            0            0            0            0            0            0            0            0            0            0            0            0            0            0
           0  -0.00469237  -0.00305223  0.000464995   0.00500196   0.00970542    0.0137826    0.0165845    0.0176862    0.0169432    0.0145109    0.0108256   0.00654787   0.00248432   -0.0004909            0
           0  -0.00315741    0.0108732    0.0329658    0.0594427    0.0861088     0.108829     0.124122     0.129674     0.124677     0.109955    0.0878412    0.0618323    0.0360802    0.0147949            0
           0  0.000180128    0.0327523    0.0822654     0.140974     0.199834     0.249846       0.2834      0.29542     0.284133     0.251336     0.202128      0.14414    0.0863941    0.0379465            0
           0   0.00448985     0.058946     0.140668     0.237163     0.333729     0.415687     0.470601     0.490171     0.471491     0.417496     0.336517     0.241018      0.14571    0.0653154            0
           0   0.00895616    0.0853104     0.199193     0.333382     0.467544     0.581343     0.657539     0.684621     0.658556     0.583412     0.470738     0.337811     0.205008    0.0927027            0
           0     0.012826     0.107764     0.248905     0.415023      0.58102     0.721775     0.815985     0.849419     0.817094     0.724034     0.584512     0.419878     0.255303     0.115947            0
           0    0.0154851     0.122872     0.282248     0.469713     0.656985      0.81575     0.921993     0.959667     0.923153     0.818116     0.660647     0.474813     0.288991     0.131535            0
           0    0.0165318     0.128351     0.294184     0.489189     0.683969     0.849084     0.959565     0.998729     0.960733     0.851466     0.687659     0.494336     0.300998     0.137124            0
           0    0.0158296     0.123404     0.282951     0.470563     0.657955     0.816806     0.923096     0.960776     0.924227     0.819112     0.661528     0.475547     0.289549     0.131897            0
           0    0.0135262     0.108845     0.250333     0.416752     0.582993     0.723924     0.818232     0.851681     0.819282     0.726064     0.586308     0.421371      0.25644     0.116686            0
           0    0.0100347    0.0869747     0.201392     0.336046     0.470589     0.584664     0.661016     0.688122     0.661945     0.586555     0.473516      0.34012     0.206764     0.093844            0
           0   0.00598198     0.061246     0.143706     0.240849      0.33795     0.420301     0.475441     0.495048     0.476212     0.421873     0.340381     0.244226     0.148148     0.066901            0
           0   0.00213693    0.0357587    0.0862326     0.145796     0.205373     0.255922     0.289789     0.301869     0.290376     0.257117      0.20722     0.148359    0.0895995    0.0400344            0
           0 -0.000660074    0.0146753     0.037969    0.0655402    0.0931486     0.116591     0.132317     0.137961     0.132698     0.117367    0.0943476    0.0672046    0.0401571    0.0174628            0
           0            0            0            0            0            0            0            0            0            0            0            0            0            0            0            0
