           0            0            0            0            0            0            0            0            0            0            0            0            0            0            0            0
           0  -0.00474511  -0.00312481  0.000380481   0.00491208   0.00961484    0.0136939    0.0164986    0.0176029    0.0168618    0.0144313    0.0107487   0.00647647   0.00242308 -0.000535684            0
           0  -0.00324807    0.0107495    0.0328222    0.0592901    0.0859545     0.108677     0.123975      0.12953     0.124537     0.109818    0.0877084    0.0617089    0.0359739    0.0147164            0
           0  4.65956e-05    0.0325719    0.0820573     0.140753     0.199611     0.249626     0.283186     0.295211     0.283929     0.251136     0.201934     0.143959    0.0862371    0.0378293            0
           0   0.00431177    0.0587075     0.140394     0.236873     0.333437       0.4154     0.470321     0.489898     0.471223     0.417233     0.336261     0.240779       0.1455    0.0651577            0
           0   0.00873641     0.085018     0.198859      0.33303     0.467189     0.580994       0.6572     0.684289      0.65823     0.583091     0.470425     0.337517      0.20475     0.092507            0
           0    0.0125724     0.107428     0.248523     0.414621     0.580616     0.721378     0.815597      0.84904     0.816721     0.723666     0.584154      0.41954     0.255006      0.11572            0
           0    0.0152095     0.122508     0.281835     0.469278     0.656549     0.815322     0.921575     0.959259     0.922751     0.817719      0.66026     0.474447     0.288669     0.131288            0
           0    0.0162492     0.127978     0.293761     0.488745     0.683523     0.848647     0.959139     0.998313     0.960323     0.851061     0.687263     0.493962     0.300668     0.136871            0
           0     0.015556     0.123043     0.282541     0.470132     0.657523     0.816383     0.922683     0.960373      0.92383      0.81872     0.661145     0.475184     0.289229     0.131652            0
           0    0.0132764     0.108515     0.249958     0.416358     0.582598     0.723537     0.817855     0.851312     0.818919     0.725706     0.585957      0.42104     0.256147     0.116462            0
           0   0.00982101    0.0866915     0.201069     0.335708     0.470249     0.584331     0.660692     0.687805     0.661633     0.586248     0.473215     0.339836     0.206514    0.0936536            0
           0   0.00581263    0.0610206     0.143449     0.240578     0.337679     0.420035     0.475182     0.494796     0.475964     0.421628     0.340142        0.244      0.14795    0.0667509            0
           0   0.00201544    0.0355961    0.0860467       0.1456     0.205177      0.25573     0.289603     0.301687     0.290197     0.256941     0.207048     0.148198     0.089458    0.0399276            0
           0 -0.000734314    0.0145757    0.0378549    0.0654203    0.0930286     0.116474     0.132204     0.137851      0.13259      0.11726    0.0942436    0.0671065    0.0400713    0.0173983            0
           0            0            0            0            0            0            0            0            0            0            0            0            0            0            0            0
