           0            0            0            0            0            0            0            0            0            0            0            0            0            0            0            0
           0  -0.00465001  -0.00299398  0.000532796   0.00507402   0.00977801    0.0138536    0.0166532    0.0177529    0.0170083    0.0145747    0.0108872   0.00660509   0.00253342 -0.000454969            0
           0  -0.00308469    0.0109722    0.0330804    0.0595644    0.0862315     0.108949     0.124239     0.129787     0.124788     0.110064    0.0879465    0.0619305     0.036165    0.0148576            0
           0  0.000287152    0.0328964    0.0824311     0.141149      0.20001     0.250018     0.283567     0.295583     0.284293     0.251494     0.202281     0.144283    0.0865188    0.0380399            0
           0    0.0046325    0.0591363     0.140885     0.237391     0.333959     0.415912     0.470819     0.490384       0.4717     0.417702     0.336718     0.241208     0.145875    0.0654409            0
           0    0.0091321    0.0855434     0.199458      0.33366     0.467822     0.581614     0.657803     0.684878     0.658809     0.583662     0.470983     0.338042     0.205212    0.0928583            0
           0    0.0130291     0.108032     0.249208      0.41534     0.581337     0.722084     0.816284     0.849711     0.817381     0.724318     0.584791     0.420143     0.255538     0.116127            0
           0    0.0157056     0.123162     0.282576     0.470054     0.657326     0.816082     0.922314     0.959981     0.923462     0.818422     0.660948       0.4751     0.289246     0.131731            0
           0    0.0167579     0.128647     0.294519     0.489539     0.684317     0.849423     0.959893     0.999049     0.961048     0.851779     0.687967      0.49463     0.301259     0.137325            0
           0    0.0160487     0.123692     0.283275     0.470901     0.658292     0.817134     0.923413     0.961086     0.924532     0.819415     0.661826     0.475831     0.289802     0.132092            0
           0    0.0137261     0.109108      0.25063     0.417062     0.583302     0.724225     0.818523     0.851964     0.819562     0.726342      0.58658     0.421631      0.25667     0.116863            0
           0    0.0102057    0.0872004     0.201647     0.336313     0.470855     0.584923     0.661267     0.688366     0.662185     0.586794      0.47375     0.340342     0.206961    0.0939952            0
           0   0.00611758    0.0614258      0.14391     0.241062     0.338163     0.420509     0.475641     0.495244     0.476405     0.422064     0.340567     0.244403     0.148305    0.0670203            0
           0   0.00223424    0.0358884    0.0863804     0.145951     0.205528     0.256072     0.289934      0.30201     0.290515     0.257254     0.207355     0.148487    0.0897117    0.0401195            0
           0 -0.000600574     0.014755      0.03806    0.0656354    0.0932434     0.116683     0.132406     0.138047     0.132783     0.117451    0.0944298    0.0672823    0.0402253    0.0175143            0
           0            0            0            0            0            0            0            0            0            0            0            0            0            0            0            0
