           0            0            0            0            0            0            0            0            0            0            0            0            0            0            0            0
           0  -0.00489218  -0.00332751  0.000144044   0.00466019   0.00936051    0.0134446    0.0162569    0.0173683    0.0166326    0.0142071    0.0105326   0.00627611   0.00225155 -0.000660901            0
           0  -0.00350135    0.0104023    0.0324173    0.0588568    0.0855139     0.108242     0.123549     0.129115      0.12413     0.109422    0.0873278    0.0613571    0.0356727    0.0144953            0
           0 -0.000327017    0.0320639    0.0814664      0.14012     0.198965     0.248986     0.282558     0.294597     0.283327     0.250549      0.20137     0.143437    0.0857888    0.0374975            0
           0   0.00381303    0.0580342     0.139614     0.236039     0.332585     0.414553     0.469489     0.489081     0.470422     0.416451      0.33551     0.240082     0.144899    0.0647097            0
           0   0.00812063    0.0841912     0.197904     0.332009     0.466148     0.579958      0.65618     0.683288     0.657247      0.58213     0.469501     0.336658     0.204006    0.0919496            0
           0    0.0118613     0.106477     0.247426     0.413451     0.579423      0.72019     0.814428     0.847892     0.815593     0.722562      0.58309      0.41855     0.254147     0.115074            0
           0    0.0144369     0.121477     0.280648     0.468013     0.655259     0.814039     0.920312     0.958017     0.921531     0.816524     0.659107     0.473374     0.287735     0.130584            0
           0    0.0154567     0.126921     0.292546     0.487451     0.682204     0.847334     0.957847     0.997043     0.959074     0.849838     0.686083     0.492861      0.29971     0.136148            0
           0    0.0147885      0.12202     0.281364     0.468879     0.656246     0.815113     0.921433     0.959145     0.922622     0.817537     0.660003     0.474119     0.288303     0.130952            0
           0    0.0125761      0.10758     0.248882     0.415213     0.581431     0.722377     0.816714     0.850191     0.817817     0.724627     0.584915     0.420068     0.255303     0.115825            0
           0   0.00922213      0.08589     0.200146     0.334725     0.469248     0.583337     0.659715     0.686847     0.660691     0.585325     0.472325     0.339006     0.205793    0.0931111            0
           0   0.00533815    0.0603834     0.142714     0.239796     0.336883     0.419247     0.474408     0.494038     0.475219     0.420899     0.339437     0.243344     0.147381     0.066324            0
           0   0.00167529    0.0351377    0.0855176     0.145038     0.204606     0.255166     0.289051     0.301148     0.289668     0.256422     0.206547      0.14773    0.0890525    0.0396246            0
           0 -0.000941961    0.0142952    0.0375317    0.0650779    0.0926834     0.116135     0.131874     0.137529     0.132274      0.11695    0.0939427    0.0668251     0.039827     0.017216            0
           0            0            0            0            0            0            0            0            0            0            0            0            0            0            0            0
