           0            0            0            0            0            0            0            0            0            0            0            0            0            0            0            0
           0   -0.0046818  -0.00303769  0.000481918   0.00501995   0.00972354    0.0138003    0.0166016    0.0177029    0.0169594    0.0145269     0.010841   0.00656216   0.00249658 -0.000481931            0
           0  -0.00313926    0.0108979    0.0329944    0.0594732    0.0861395     0.108859     0.124152     0.129702     0.124705     0.109983    0.0878676    0.0618569    0.0361014    0.0148106            0
           0  0.000206856    0.0327883    0.0823069     0.141017     0.199878     0.249889     0.283442     0.295461     0.284174     0.251376     0.202166     0.144176    0.0864253    0.0379698            0
           0   0.00452549    0.0589936     0.140723      0.23722     0.333787     0.415744     0.470656     0.490225     0.471544     0.417548     0.336568     0.241066     0.145751    0.0653468            0
           0   0.00900011    0.0853687      0.19926     0.333452     0.467614     0.581411     0.657606     0.684686      0.65862     0.583475       0.4708     0.337869     0.205059    0.0927417            0
           0    0.0128768     0.107831     0.248981     0.415103       0.5811     0.721853      0.81606     0.849493     0.817166     0.724106     0.584583     0.419944     0.255362     0.115992            0
           0    0.0155402     0.122945      0.28233     0.469798     0.657071     0.815834     0.922074     0.959746     0.923231     0.818193     0.660723     0.474886     0.289055     0.131584            0
           0    0.0165883     0.128425     0.294268     0.489277     0.684057     0.849169     0.959648      0.99881     0.960813     0.851545     0.687737      0.49441     0.301064     0.137175            0
           0    0.0158844     0.123476     0.283032     0.470648      0.65804     0.816889     0.923176     0.960855     0.924304     0.819189     0.661603     0.475618     0.289613     0.131946            0
           0    0.0135762     0.108911     0.250407      0.41683     0.583071        0.724     0.818306     0.851752     0.819353     0.726135     0.586377     0.421436     0.256498      0.11673            0
           0    0.0100774    0.0870312     0.201456     0.336113     0.470656     0.584729      0.66108     0.688184     0.662005     0.586616     0.473575     0.340176     0.206813    0.0938819            0
           0   0.00601586     0.061291     0.143757     0.240902     0.338004     0.420353     0.475491     0.495098     0.476261     0.421921     0.340428      0.24427     0.148187    0.0669309            0
           0   0.00216123    0.0357911    0.0862696     0.145835     0.205412     0.255959     0.289825     0.301904     0.290411     0.257152     0.207254     0.148391    0.0896277    0.0400557            0
           0 -0.000645214    0.0146952    0.0379918    0.0655641    0.0931724     0.116614     0.132339     0.137983     0.132719     0.117388    0.0943683    0.0672241    0.0401742    0.0174757            0
           0            0            0            0            0            0            0            0            0            0            0            0            0            0            0            0
