           0            0            0            0            0            0            0            0            0            0            0            0            0            0            0            0
           0  -0.00480825  -0.00321176  0.000279137    0.0048042     0.009506    0.0135873    0.0163953    0.0175027    0.0167638    0.0143355    0.0106563   0.00639071    0.0023496 -0.000589369            0
           0   -0.0033567    0.0106009    0.0326493    0.0591054    0.0857672     0.108493     0.123795     0.129355     0.124365      0.10965    0.0875469    0.0615592    0.0358455    0.0146219            0
           0 -0.000113553    0.0323548    0.0818056     0.140484     0.199338     0.249356     0.282922     0.294954     0.283676     0.250889     0.201696     0.143738    0.0860466    0.0376878            0
           0   0.00409806      0.05842     0.140062      0.23652     0.333078     0.415045     0.469973     0.489557     0.470889     0.416905     0.335945     0.240484     0.145245    0.0649669            0
           0   0.00847262    0.0846652     0.198454     0.332599     0.466752     0.580561     0.656775     0.683873     0.657821      0.58269     0.470038     0.337155     0.204435    0.0922698            0
           0    0.0122678     0.107022     0.248057     0.414127     0.580115     0.720882     0.815112     0.848564     0.816253     0.723207     0.583709     0.419123     0.254642     0.115445            0
           0    0.0148786     0.122068     0.281331     0.468745     0.656008     0.814788     0.921051     0.958745     0.922246     0.817223     0.659778     0.473996     0.288274     0.130989            0
           0    0.0159098     0.127527     0.293245       0.4882     0.682971       0.8481     0.958603     0.997787     0.959806     0.850553      0.68677     0.493499     0.300263     0.136563            0
           0    0.0152273     0.122607     0.282042     0.469604     0.656988     0.815854     0.922165     0.959865      0.92333     0.818228     0.660668     0.474736     0.288837     0.131355            0
           0    0.0129765     0.108116     0.249501     0.415875     0.582109     0.723053     0.817381     0.850848     0.818462     0.725257     0.585522     0.420631      0.25579     0.116191            0
           0   0.00956449    0.0863496     0.200677     0.335293     0.469829     0.583916     0.660286     0.687407     0.661242     0.585863     0.472842     0.339487     0.206209    0.0934229            0
           0   0.00560935    0.0607486     0.143136     0.240247     0.337344     0.419705     0.474859      0.49448     0.475654     0.421324     0.339846     0.243724     0.147709    0.0665692            0
           0   0.00186967    0.0354003    0.0858215     0.145362     0.204936     0.255493     0.289372     0.301462     0.289976     0.256723     0.206837        0.148    0.0892859    0.0397985            0
           0 -0.000823336    0.0144557    0.0377171    0.0652747    0.0928824     0.116331     0.132065     0.137716     0.132457      0.11713    0.0941164    0.0669872    0.0399673    0.0173205            0
           0            0            0            0            0            0            0            0            0            0            0            0            0            0            0            0
