           0            0            0            0            0            0            0            0            0            0            0            0            0            0            0            0
           0  -0.00468708  -0.00304496  0.000473455   0.00501095   0.00971448    0.0137914     0.016593    0.0176945    0.0169513    0.0145189    0.0108333   0.00655501   0.00249045 -0.000486416            0
           0  -0.00314834    0.0108855    0.0329801     0.059458    0.0861242     0.108844     0.124137     0.129688     0.124691     0.109969    0.0878544    0.0618446    0.0360908    0.0148027            0
           0  0.000193491    0.0327703    0.0822861     0.140996     0.199856     0.249867     0.283421     0.295441     0.284153     0.251356     0.202147     0.144158    0.0864097    0.0379582            0
           0   0.00450767    0.0589698     0.140695     0.237191     0.333758     0.415716     0.470629     0.490198     0.471518     0.417522     0.336543     0.241042      0.14573    0.0653311            0
           0   0.00897813    0.0853395     0.199227     0.333417     0.467579     0.581377     0.657573     0.684654     0.658588     0.583444     0.470769      0.33784     0.205033    0.0927222            0
           0    0.0128514     0.107797     0.248943     0.415063      0.58106     0.721814     0.816023     0.849456      0.81713      0.72407     0.584547     0.419911     0.255333      0.11597            0
           0    0.0155127     0.122908     0.282289     0.469756     0.657028     0.815792     0.922033     0.959707     0.923192     0.818155     0.660685      0.47485     0.289023     0.131559            0
           0      0.01656     0.128388     0.294226     0.489233     0.684013     0.849127     0.959606      0.99877     0.960773     0.851506     0.687698     0.494373     0.301031     0.137149            0
           0     0.015857      0.12344     0.282991     0.470605     0.657997     0.816847     0.923136     0.960816     0.924265     0.819151     0.661566     0.475582     0.289581     0.131922            0
           0    0.0135512     0.108878      0.25037     0.416791     0.583032     0.723962     0.818269     0.851716     0.819317       0.7261     0.586342     0.421404     0.256469     0.116708            0
           0     0.010056     0.087003     0.201424      0.33608     0.470622     0.584697     0.661048     0.688153     0.661975     0.586586     0.473545     0.340148     0.206789    0.0938629            0
           0   0.00599892    0.0612685     0.143731     0.240876     0.337977     0.420327     0.475466     0.495073     0.476237     0.421897     0.340404     0.244248     0.148168     0.066916            0
           0   0.00214908    0.0357749    0.0862511     0.145815     0.205392      0.25594     0.289807     0.301887     0.290393     0.257134     0.207237     0.148375    0.0896136    0.0400451            0
           0 -0.000652645    0.0146853    0.0379804    0.0655521    0.0931605     0.116602     0.132328     0.137972     0.132709     0.117377     0.094358    0.0672144    0.0401656    0.0174693            0
           0            0            0            0            0            0            0            0            0            0            0            0            0            0            0            0
