           0            0            0            0            0            0            0            0            0            0            0            0            0            0            0            0
           0  -0.00445185  -0.00271616  0.000863513   0.00543452    0.0101507     0.014227     0.017021    0.0181124     0.017358    0.0149118    0.0112054   0.00689305   0.00277421 -0.000282852            0
           0  -0.00275082    0.0114347    0.0336263    0.0601556      0.08684     0.109557     0.124837     0.130372     0.125358     0.110615    0.0884696    0.0624074    0.0365679    0.0151496            0
           0  0.000769908    0.0335565    0.0832024     0.141978     0.200858     0.250862     0.284395     0.296392     0.285083     0.252261     0.203014     0.144958    0.0870953     0.038464            0
           0    0.0052666    0.0599936     0.141878     0.238451     0.335036     0.416978     0.471863     0.491402     0.472697     0.418675     0.337654     0.242076     0.146625    0.0659996            0
           0   0.00990544      0.08658      0.20065     0.334924       0.4691     0.582875     0.659033     0.686078     0.659986     0.584815     0.472098     0.339084     0.206119    0.0935408            0
           0    0.0139142     0.109211     0.250557     0.416764     0.582771     0.723493     0.817656      0.85105     0.818695     0.725609     0.586045     0.421321      0.25657     0.116909            0
           0    0.0166619     0.124431     0.284023     0.471576     0.658855     0.817581     0.923772     0.961402     0.924859     0.819797     0.662287     0.476363     0.290356     0.132576            0
           0    0.0177356     0.129943     0.295993     0.491087      0.68587     0.850943      0.96137      1.00049     0.962464     0.853175     0.689329     0.495915     0.302392     0.138189            0
           0    0.0169949     0.124945     0.284702     0.472399     0.659794     0.818605     0.924842     0.962479     0.925901     0.820765     0.663143     0.477074     0.290898     0.132928            0
           0     0.014591     0.110256     0.251939     0.418438     0.584683     0.725578     0.819838     0.853246     0.820821     0.727582      0.58779     0.422771     0.257673     0.117626            0
           0    0.0109481    0.0881899     0.202779     0.337506     0.472054     0.586099     0.662411     0.689482      0.66328     0.587871     0.474798     0.341327     0.207824    0.0946492            0
           0   0.00670935     0.062219     0.144821     0.242026     0.339134     0.421463     0.476571      0.49615     0.477293     0.422936     0.341413     0.245195     0.148995    0.0675404            0
           0   0.00266191    0.0364656    0.0870465     0.146658     0.206243     0.256776      0.29062     0.302679      0.29117     0.257896     0.207975     0.149065    0.0902132     0.040494            0
           0 -0.000337099    0.0151128    0.0384747     0.066077    0.0936908     0.117124     0.132835     0.138466     0.133193     0.117851     0.094816    0.0676411    0.0405348    0.0177439            0
           0            0            0            0            0            0            0            0            0            0            0            0            0            0            0            0
