           0            0            0            0            0            0            0            0            0            0            0            0            0            0            0            0
           0  -0.00488694  -0.00332028  0.000152487    0.0046692   0.00936962    0.0134535    0.0162656    0.0173767    0.0166408    0.0142152    0.0105403   0.00628328   0.00225768 -0.000656432            0
           0  -0.00349231    0.0104148    0.0324318    0.0588724    0.0855298     0.108257     0.123565      0.12913     0.124145     0.109436    0.0873416    0.0613698    0.0356836    0.0145032            0
           0 -0.000313678    0.0320822    0.0814878     0.140143     0.198989     0.249009     0.282581      0.29462     0.283349      0.25057      0.20139     0.143456    0.0858051    0.0375094            0
           0   0.00383085    0.0580583     0.139642     0.236069     0.332617     0.414584      0.46952     0.489112     0.470452      0.41648     0.335537     0.240107     0.144921    0.0647258            0
           0   0.00814264    0.0842209     0.197939     0.332047     0.466186     0.579996     0.656218     0.683326     0.657284     0.582166     0.469535      0.33669     0.204033    0.0919698            0
           0    0.0118867     0.106511     0.247466     0.413494     0.579467     0.720234     0.814472     0.847935     0.815635     0.722604     0.583129     0.418586     0.254178     0.115097            0
           0    0.0144645     0.121514     0.280691      0.46806     0.655307     0.814087     0.920359     0.958064     0.921577     0.816569      0.65915     0.473413     0.287769     0.130609            0
           0    0.0154851     0.126959      0.29259     0.487499     0.682253     0.847383     0.957895     0.997091     0.959121     0.849884     0.686127     0.492902     0.299745     0.136174            0
           0    0.0148159     0.122056     0.281407     0.468925     0.656294      0.81516      0.92148     0.959192     0.922668     0.817581     0.660045     0.474158     0.288336     0.130978            0
           0    0.0126011     0.107613     0.248921     0.415255     0.581474      0.72242     0.816757     0.850233     0.817859     0.724667     0.584954     0.420104     0.255333     0.115848            0
           0   0.00924354    0.0859189      0.20018     0.334761     0.469285     0.583374     0.659752     0.686883     0.660726     0.585359     0.472358     0.339036     0.205819    0.0931308            0
           0    0.0053551    0.0604063      0.14274     0.239824     0.336913     0.419276     0.474437     0.494066     0.475247     0.420926     0.339463     0.243368     0.147402    0.0663394            0
           0   0.00168744    0.0351541    0.0855367     0.145058     0.204627     0.255187     0.289072     0.301168     0.289688     0.256441     0.206565     0.147747    0.0890673    0.0396355            0
           0 -0.000934549    0.0143053    0.0375433    0.0650903     0.092696     0.116147     0.131886     0.137541     0.132286     0.116961    0.0939537    0.0668353    0.0398358    0.0172225            0
           0            0            0            0            0            0            0            0            0            0            0            0            0            0            0            0
