           0            0            0            0            0            0            0            0            0            0            0            0            0            0            0            0
           0  -0.00478196  -0.00317555   0.00032136   0.00484916   0.00955138    0.0136317    0.0164384    0.0175445    0.0168047    0.0143755    0.0106948   0.00642646   0.00238022 -0.000567005            0
           0  -0.00331145    0.0106628    0.0327215    0.0591826    0.0858456      0.10857      0.12387     0.129428     0.124437      0.10972    0.0876145    0.0616218    0.0358991    0.0146613            0
           0 -4.68307e-05    0.0324454    0.0819107     0.140597     0.199452      0.24947     0.283033     0.295062     0.283782     0.250993     0.201796     0.143831    0.0861263    0.0377469            0
           0   0.00418711      0.05854     0.140201     0.236668     0.333229     0.415194      0.47012     0.489701     0.471029     0.417043     0.336078     0.240608     0.145352    0.0650466            0
           0   0.00858256    0.0848125     0.198623      0.33278     0.466936     0.580743     0.656954     0.684049     0.657994     0.582859     0.470201     0.337307     0.204567    0.0923689            0
           0    0.0123948     0.107192     0.248252     0.414334     0.580326     0.721091     0.815317     0.848766     0.816451     0.723401     0.583896     0.419298     0.254795      0.11556            0
           0    0.0150166     0.122252     0.281542     0.468969     0.656236     0.815013     0.921273     0.958962      0.92246     0.817432     0.659981     0.474186     0.288439     0.131114            0
           0    0.0160513     0.127715     0.293461     0.488429     0.683203     0.848331      0.95883      0.99801     0.960024     0.850768     0.686978     0.493694     0.300433     0.136692            0
           0    0.0153643     0.122789      0.28225     0.469826     0.657213     0.816077     0.922384      0.96008     0.923541     0.818436     0.660869     0.474924     0.289002     0.131479            0
           0    0.0131015     0.108282     0.249692     0.416078     0.582315     0.723257     0.817582     0.851044     0.818655     0.725447     0.585705     0.420803      0.25594     0.116305            0
           0   0.00967139    0.0864924     0.200841     0.335467     0.470005      0.58409     0.660457     0.687575     0.661407     0.586025     0.472999     0.339633     0.206337    0.0935193            0
           0   0.00569406    0.0608621     0.143267     0.240386     0.337485     0.419844     0.474995     0.494613     0.475785     0.421452      0.33997      0.24384      0.14781    0.0666452            0
           0   0.00193041     0.035482    0.0859156     0.145462     0.205037     0.255592     0.289469     0.301557     0.290069     0.256815     0.206926     0.148083    0.0893579    0.0398524            0
           0 -0.000786249    0.0145057    0.0377746    0.0653356    0.0929437     0.116391     0.132123     0.137773     0.132513     0.117184    0.0941697    0.0670371    0.0400108     0.017353            0
           0            0            0            0            0            0            0            0            0            0            0            0            0            0            0            0
