           0            0            0            0            0            0            0            0            0            0            0            0            0            0            0            0
           0    -0.004824  -0.00323348  0.000253805   0.00477721   0.00947875    0.0135606    0.0163694    0.0174775    0.0167393    0.0143115    0.0106331   0.00636924   0.00233122 -0.000602786            0
           0  -0.00338384    0.0105637    0.0326059     0.059059    0.0857201     0.108446     0.123749      0.12931     0.124321     0.109608    0.0875062    0.0615216    0.0358132    0.0145982            0
           0 -0.000153583    0.0323004    0.0817423     0.140417     0.199269     0.249288     0.282855     0.294888     0.283612     0.250826     0.201635     0.143682    0.0859986    0.0376522            0
           0   0.00404463    0.0583479     0.139979     0.236431     0.332987     0.414954     0.469884      0.48947     0.470803     0.416822     0.335865      0.24041     0.145181    0.0649189            0
           0   0.00840665    0.0845766     0.198351      0.33249      0.46664      0.58045     0.656666     0.683766     0.657716     0.582587     0.469939     0.337063     0.204355    0.0922101            0
           0    0.0121916      0.10692      0.24794     0.414002     0.579988     0.720755     0.814987     0.848441     0.816132     0.723089     0.583595     0.419017      0.25455     0.115376            0
           0    0.0147958     0.121958     0.281204      0.46861     0.655871      0.81465     0.920916     0.958612     0.922115     0.817095     0.659655     0.473881     0.288174     0.130913            0
           0    0.0158249     0.127414     0.293115     0.488061      0.68283      0.84796     0.958465     0.997652     0.959672     0.850422     0.686644     0.493382      0.30016     0.136486            0
           0    0.0151451     0.122497     0.281916      0.46947     0.656852     0.815718     0.922031     0.959734       0.9232     0.818102     0.660545     0.474622     0.288738      0.13128            0
           0    0.0129014     0.108016     0.249386     0.415752     0.581984     0.722929     0.817259     0.850728     0.818344     0.725142      0.58541     0.420527       0.2557     0.116123            0
           0   0.00950032    0.0862638     0.200579     0.335187     0.469722     0.583809     0.660181     0.687305     0.661141     0.585765     0.472747     0.339398     0.206132    0.0933648            0
           0   0.00555852    0.0606804     0.143058     0.240164     0.337259     0.419621     0.474777     0.494399     0.475574     0.421246     0.339771     0.243653     0.147648    0.0665235            0
           0   0.00183323    0.0353512    0.0857648     0.145302     0.204875     0.255433     0.289313     0.301404     0.289919     0.256668     0.206783      0.14795    0.0892425     0.039766            0
           0 -0.000845584    0.0144257    0.0376824    0.0652381    0.0928455     0.116294      0.13203     0.137682     0.132423     0.117096    0.0940842     0.066957    0.0399411    0.0173009            0
           0            0            0            0            0            0            0            0            0            0            0            0            0            0            0            0
