           0            0            0            0            0            0            0            0            0            0            0            0            0            0            0            0
           0  -0.00442673  -0.00267922  0.000909799   0.00548768    0.0102085    0.0142873    0.0170821    0.0181727    0.0174161    0.0149662    0.0112547   0.00693541   0.00280776 -0.000260117            0
           0  -0.00271026    0.0114939    0.0336999    0.0602397    0.0869309     0.109652     0.124933     0.130466     0.125449     0.110701    0.0885473    0.0624746    0.0366215    0.0151863            0
           0  0.000826005    0.0336375    0.0833024     0.142091      0.20098     0.250988     0.284522     0.296518     0.285205     0.252376     0.203119     0.145049    0.0871685    0.0385147            0
           0   0.00533741    0.0600949     0.142002     0.238591     0.335186     0.417133     0.472018     0.491556     0.472845     0.418815     0.337782     0.242188     0.146716    0.0660634            0
           0   0.00998902    0.0866986     0.200795     0.335085     0.469273     0.583052     0.659211     0.686254     0.660155     0.584975     0.472246     0.339215     0.206225     0.093616            0
           0    0.0140075     0.109342     0.250716     0.416942     0.582959     0.723686      0.81785     0.851241      0.81888     0.725785     0.586208     0.421464     0.256688     0.116993            0
           0     0.016761      0.12457      0.28419     0.471763     0.659052     0.817784     0.923974     0.961601     0.925051     0.819981     0.662457     0.476513     0.290481     0.132665            0
           0    0.0178358     0.130083     0.296162     0.491274     0.686068     0.851146     0.961573      1.00069     0.962657     0.853358     0.689499     0.496067     0.302517     0.138279            0
           0    0.0170915      0.12508     0.284865      0.47258     0.659985       0.8188     0.925037     0.962671     0.926086     0.820941     0.663307      0.47722     0.291018     0.133014            0
           0    0.0146795      0.11038     0.252088     0.418604     0.584859     0.725757     0.820018     0.853423     0.820992     0.727745      0.58794     0.422905     0.257784     0.117705            0
           0    0.0110247    0.0882978     0.202909     0.337651     0.472207     0.586256     0.662569     0.689636      0.66343     0.588013     0.474929     0.341444     0.207921    0.0947179            0
           0   0.00677131    0.0623067     0.144927     0.242144      0.33926     0.421592       0.4767     0.496277     0.477416     0.423053     0.341521     0.245291     0.149074    0.0675959            0
           0   0.00270751    0.0365305    0.0871255     0.146746     0.206337     0.256873     0.290718     0.302775     0.291263     0.257984     0.208056     0.149136    0.0902712    0.0405349            0
           0 -0.000308471    0.0151537    0.0385247    0.0661333    0.0937509     0.117186     0.132898     0.138528     0.133252     0.117907    0.0948674    0.0676862    0.0405714    0.0177695            0
           0            0            0            0            0            0            0            0            0            0            0            0            0            0            0            0
