           0            0            0            0            0            0            0            0            0            0            0            0            0            0            0            0
           0  -0.00437579   -0.0026034   0.00100588   0.00559915    0.0103306    0.0144155    0.0172123    0.0183012    0.0175394    0.0150809    0.0113573   0.00702258   0.00287587 -0.000214577            0
           0  -0.00262901    0.0116141    0.0338514    0.0604148     0.087122     0.109852     0.125136     0.130667     0.125641      0.11088    0.0887081    0.0626118    0.0367293    0.0152589            0
           0  0.000936796       0.0338     0.083506     0.142325     0.201234     0.251254     0.284791     0.296783     0.285459     0.252613     0.203333     0.145233    0.0873139    0.0386135            0
           0   0.00547535    0.0602956     0.142252     0.238876     0.335495     0.417455     0.472343     0.491876     0.473153     0.419104     0.338043     0.242413     0.146895    0.0661863            0
           0    0.0101499    0.0869311     0.201082     0.335413     0.469626     0.583418      0.65958     0.686617     0.660505     0.585304     0.472543     0.339473     0.206432     0.093759            0
           0    0.0141853     0.109598     0.251031     0.417298     0.583343     0.724083      0.81825     0.851634     0.819258      0.72614     0.586531     0.421746     0.256914     0.117151            0
           0    0.0169482     0.124838     0.284519     0.472134     0.659451     0.818195     0.924388     0.962009     0.925443     0.820349     0.662794     0.476807     0.290718     0.132831            0
           0    0.0180242     0.130352     0.296491     0.491646     0.686466     0.851556     0.961986      1.00109     0.963048     0.853726     0.689835      0.49636     0.302755     0.138446            0
           0    0.0172725     0.125339     0.285181     0.472936     0.660366     0.819193     0.925432     0.963059     0.926461     0.821294     0.663629     0.477502     0.291247     0.133174            0
           0    0.0148452     0.110617     0.252378     0.418931     0.585209     0.726119     0.820381     0.853779     0.821335     0.728068     0.588236     0.423163     0.257993     0.117852            0
           0    0.0111684    0.0885037     0.203162     0.337936     0.472513     0.586572     0.662886     0.689949      0.66373     0.588296     0.475187     0.341669     0.208103    0.0948447            0
           0   0.00688787    0.0624744     0.145134     0.242378     0.339511     0.421852     0.476961     0.496534     0.477664     0.423285     0.341733     0.245474     0.149222    0.0676988            0
           0    0.0027937    0.0366551    0.0872796     0.146921     0.206525     0.257068     0.290914     0.302968     0.291448     0.258158     0.208214     0.149273    0.0903812    0.0406109            0
           0 -0.000254096    0.0152326    0.0386226    0.0662448    0.0938711      0.11731     0.133023     0.138651     0.133371     0.118019    0.0949684    0.0677735    0.0406411    0.0178174            0
           0            0            0            0            0            0            0            0            0            0            0            0            0            0            0            0
