           0            0            0            0            0            0            0            0            0            0            0            0            0            0            0            0
           0  -0.00476618  -0.00315381  0.000346696   0.00487613   0.00957858    0.0136584    0.0164642    0.0175696    0.0168292    0.0143994    0.0107179    0.0064479   0.00239859 -0.000553583            0
           0  -0.00328429       0.0107    0.0327647    0.0592287    0.0858923     0.108616     0.123915     0.129472      0.12448     0.109762    0.0876548    0.0616592    0.0359312     0.014685            0
           0 -6.79338e-06    0.0324996    0.0819736     0.140664      0.19952     0.249537     0.283099     0.295126     0.283845     0.251054     0.201855     0.143886    0.0861739    0.0377822            0
           0   0.00424054    0.0586118     0.140284     0.236756     0.333319     0.415283     0.470207     0.489786     0.471113     0.417125     0.336157     0.240681     0.145416    0.0650943            0
           0    0.0086485    0.0849007     0.198725     0.332887     0.467045     0.580852      0.65706     0.684152     0.658096     0.582959     0.470298     0.337397     0.204645    0.0924282            0
           0    0.0124709     0.107293     0.248368     0.414458     0.580451     0.721215     0.815438     0.848884     0.816567     0.723515     0.584007     0.419402     0.254885     0.115629            0
           0    0.0150993     0.122362     0.281668     0.469102     0.656371     0.815147     0.921403     0.959091     0.922586     0.817556     0.660101     0.474298     0.288538     0.131189            0
           0    0.0161361     0.127828      0.29359     0.488565     0.683341     0.848467     0.958963     0.998141     0.960153     0.850894     0.687101     0.493809     0.300534     0.136769            0
           0    0.0154464     0.122898     0.282375     0.469958     0.657347     0.816209     0.922514     0.960207     0.923666     0.818559     0.660988     0.475036     0.289099     0.131554            0
           0    0.0131765     0.108382     0.249806     0.416198     0.582437     0.723378       0.8177      0.85116     0.818769     0.725559     0.585814     0.420905     0.256029     0.116372            0
           0   0.00973552    0.0865778     0.200939      0.33557      0.47011     0.584194     0.660559     0.687675     0.661504     0.586121     0.473092      0.33972     0.206413     0.093577            0
           0   0.00574488    0.0609301     0.143345     0.240469     0.337568     0.419926     0.475076     0.494692     0.475862     0.421528     0.340044     0.243909      0.14787    0.0666906            0
           0   0.00196685     0.035531    0.0859719     0.145521     0.205097     0.255652     0.289527     0.301613     0.290125     0.256869     0.206979     0.148132    0.0894009    0.0398847            0
           0 -0.000763993    0.0145357    0.0378091     0.065372    0.0929802     0.116426     0.132158     0.137807     0.132546     0.117217    0.0942015    0.0670669    0.0400367    0.0173724            0
           0            0            0            0            0            0            0            0            0            0            0            0            0            0            0            0
