           0            0            0            0            0            0            0            0            0            0            0            0            0            0            0            0
           0  -0.00463937  -0.00297935  0.000549819   0.00509212   0.00979624    0.0138714    0.0166704    0.0177696    0.0170246    0.0145907    0.0109027   0.00661946   0.00254575 -0.000445949            0
           0  -0.00306645     0.010997    0.0331091    0.0595948    0.0862621     0.108979     0.124268     0.129816     0.124816     0.110091    0.0879728     0.061955    0.0361862    0.0148733            0
           0  0.000313982    0.0329325    0.0824726     0.141192     0.200054     0.250061     0.283609     0.295624     0.284333     0.251533     0.202319     0.144319    0.0865499    0.0380632            0
           0   0.00466824    0.0591839      0.14094     0.237448     0.334016     0.415967     0.470873     0.490436     0.471752     0.417753     0.336768     0.241254     0.145917    0.0654722            0
           0   0.00917617    0.0856017     0.199524     0.333729     0.467891     0.581681     0.657868     0.684941     0.658871     0.583724     0.471043       0.3381     0.205262    0.0928971            0
           0    0.0130799     0.108098     0.249284     0.415419     0.581415      0.72216     0.816357     0.849782     0.817452     0.724388      0.58486     0.420208     0.255596     0.116172            0
           0    0.0157609     0.123234     0.282657     0.470139      0.65741     0.816164     0.922393     0.960058     0.923538     0.818498     0.661022     0.475171     0.289309      0.13178            0
           0    0.0168146     0.128722     0.294602     0.489625     0.684403     0.849506     0.959973     0.999127     0.961126     0.851856     0.688043     0.494702     0.301324     0.137375            0
           0    0.0161035     0.123763     0.283356     0.470985     0.658375     0.817214     0.923491     0.961162     0.924607      0.81949       0.6619     0.475901     0.289865      0.13214            0
           0    0.0137762     0.109173     0.250704     0.417139     0.583378     0.724299     0.818595     0.852034      0.81963      0.72641     0.586648     0.421695     0.256728     0.116907            0
           0    0.0102485    0.0872568     0.201711      0.33638     0.470921     0.584987     0.661329     0.688426     0.662244     0.586853     0.473808     0.340398      0.20701    0.0940329            0
           0   0.00615154    0.0614707     0.143961     0.241115     0.338216      0.42056     0.475691     0.495292     0.476452     0.422111     0.340614     0.244447     0.148343    0.0670501            0
           0   0.00225862    0.0359209    0.0864173     0.145989     0.205566     0.256109      0.28997     0.302045     0.290549     0.257288     0.207388     0.148518    0.0897397    0.0401407            0
           0 -0.000585661     0.014775    0.0380827    0.0656592    0.0932671     0.116706     0.132428     0.138069     0.132804     0.117472    0.0944502    0.0673017    0.0402424    0.0175272            0
           0            0            0            0            0            0            0            0            0            0            0            0            0            0            0            0
