           0            0            0            0            0            0            0            0            0            0            0            0            0            0            0            0
           0  -0.00475038  -0.00313206  0.000372034   0.00490309   0.00960578     0.013685      0.01649    0.0175946    0.0168537    0.0144233     0.010741   0.00646933   0.00241696 -0.000540159            0
           0  -0.00325712    0.0107371    0.0328079    0.0592747     0.085939     0.108662      0.12396     0.129516     0.124522     0.109804     0.087695    0.0616965    0.0359633    0.0147085            0
           0  3.32476e-05    0.0325539    0.0820364     0.140731     0.199588     0.249604     0.283164      0.29519     0.283908     0.251116     0.201914     0.143941    0.0862213    0.0378175            0
           0   0.00429396    0.0586836     0.140367     0.236844     0.333408     0.415371     0.470293      0.48987     0.471195     0.417206     0.336235     0.240754     0.145479    0.0651419            0
           0   0.00871444    0.0849887     0.198826     0.332994     0.467153     0.580959     0.657165     0.684255     0.658196     0.583058     0.470394     0.337487     0.204724    0.0924873            0
           0     0.012547     0.107394     0.248484      0.41458     0.580575     0.721337     0.815558     0.849002     0.816683     0.723629     0.584117     0.419505     0.254976     0.115698            0
           0     0.015182     0.122472     0.281793     0.469234     0.656505     0.815279     0.921533     0.959217      0.92271     0.817679      0.66022      0.47441     0.288636     0.131263            0
           0    0.0162209      0.12794     0.293718       0.4887     0.683478     0.848602     0.959095      0.99827     0.960281      0.85102     0.687223     0.493924     0.300634     0.136845            0
           0    0.0155286     0.123007     0.282499     0.470089     0.657479     0.816339     0.922641     0.960332     0.923789      0.81868     0.661106     0.475147     0.289197     0.131628            0
           0    0.0132515     0.108482      0.24992     0.416318     0.582558     0.723497     0.817816     0.851274     0.818882     0.725669     0.585922     0.421006     0.256118      0.11644            0
           0   0.00979964    0.0866631     0.201037     0.335673     0.470214     0.584297     0.660659     0.687773     0.661601     0.586216     0.473185     0.339807     0.206489    0.0936345            0
           0   0.00579569     0.060998     0.143423     0.240551     0.337651     0.420008     0.475155      0.49477     0.475939     0.421603     0.340117     0.243977      0.14793    0.0667359            0
           0   0.00200329    0.0355798     0.086028     0.145581     0.205157      0.25571     0.289584     0.301669     0.290179     0.256923     0.207031     0.148181    0.0894437    0.0399169            0
           0 -0.000741734    0.0145657    0.0378435    0.0654082    0.0930166     0.116462     0.132192      0.13784     0.132579      0.11725    0.0942331    0.0670967    0.0400627    0.0173918            0
           0            0            0            0            0            0            0            0            0            0            0            0            0            0            0            0
