           0            0            0            0            0            0            0            0            0            0            0            0            0            0            0            0
           0  -0.00439506   -0.0026322   0.00096925   0.00555653    0.0102838    0.0143663    0.0171623    0.0182519    0.0174922    0.0150371    0.0113183   0.00698956   0.00285019 -0.000231671            0
           0  -0.00265962    0.0115686    0.0337938     0.060348     0.087049     0.109775     0.125058      0.13059     0.125568     0.110812    0.0886471      0.06256    0.0366888    0.0152318            0
           0  0.000895266    0.0337388    0.0834289     0.142236     0.201137     0.251153     0.284689     0.296682     0.285362     0.252523     0.203252     0.145164    0.0872595    0.0385768            0
           0   0.00542391    0.0602203     0.142158     0.238768     0.335377     0.417332     0.472219     0.491754     0.473036     0.418994     0.337945     0.242329     0.146829    0.0661408            0
           0    0.0100902    0.0868442     0.200974     0.335289     0.469492     0.583279      0.65944     0.686479     0.660372      0.58518     0.472432     0.339376     0.206355    0.0937064            0
           0    0.0141196     0.109503     0.250913     0.417164     0.583198     0.723933     0.818098     0.851485     0.819115     0.726006      0.58641     0.421641     0.256831     0.117093            0
           0    0.0168792     0.124739     0.284396     0.471995     0.659301      0.81804     0.924232     0.961855     0.925296     0.820211     0.662668     0.476698     0.290631      0.13277            0
           0    0.0179549     0.130252     0.296368     0.491507     0.686316     0.851402      0.96183      1.00094     0.962901     0.853588      0.68971     0.496252     0.302668     0.138385            0
           0     0.017206     0.125243     0.285063     0.472803     0.660223     0.819045     0.925283     0.962913      0.92632     0.821162     0.663509     0.477398     0.291163     0.133116            0
           0    0.0147844      0.11053      0.25227     0.418809     0.585078     0.725983     0.820244     0.853645     0.821207     0.727948     0.588126     0.423068     0.257916     0.117798            0
           0    0.0111157    0.0884277     0.203068      0.33783     0.472399     0.586454     0.662767     0.689831     0.663618     0.588191     0.475092     0.341586     0.208036    0.0947986            0
           0   0.00684506    0.0624124     0.145057     0.242291     0.339417     0.421755     0.476863     0.496438     0.477571     0.423199     0.341654     0.245407     0.149168    0.0676614            0
           0   0.00276199     0.036609    0.0872223     0.146856     0.206455     0.256995      0.29084     0.302896     0.291379     0.258093     0.208155     0.149223    0.0903409    0.0405832            0
           0 -0.000274134    0.0152034    0.0385862    0.0662031    0.0938261     0.117264     0.132976     0.138605     0.133326     0.117977    0.0949309    0.0677413    0.0406156    0.0177999            0
           0            0            0            0            0            0            0            0            0            0            0            0            0            0            0            0
