           0            0            0            0            0            0            0            0            0            0            0            0            0            0            0            0
           0  -0.00477144  -0.00316106   0.00033825   0.00486714   0.00956951    0.0136495    0.0164556    0.0175612     0.016821    0.0143914    0.0107102   0.00644076   0.00239247 -0.000558057            0
           0  -0.00329334    0.0106876    0.0327503    0.0592133    0.0858768     0.108601       0.1239     0.129458     0.124465     0.109748    0.0876414    0.0616467    0.0359205    0.0146771            0
           0 -2.01395e-05    0.0324816    0.0819527     0.140641     0.199498     0.249515     0.283077     0.295105     0.283824     0.251034     0.201835     0.143868     0.086158    0.0377705            0
           0   0.00422273    0.0585879     0.140257     0.236727     0.333289     0.415253     0.470178     0.489757     0.471085     0.417098     0.336131     0.240657     0.145394    0.0650784            0
           0   0.00862652    0.0848713     0.198691     0.332851     0.467009     0.580816     0.657025     0.684118     0.658062     0.582926     0.470266     0.337367     0.204619    0.0924085            0
           0    0.0124455     0.107259      0.24833     0.414417     0.580409     0.721174     0.815398     0.848845     0.816529     0.723477      0.58397     0.419368     0.254855     0.115606            0
           0    0.0150717     0.122325     0.281626     0.469058     0.656326     0.815102      0.92136     0.959048     0.922544     0.817515     0.660061     0.474261     0.288505     0.131164            0
           0    0.0161078     0.127791     0.293547      0.48852     0.683295     0.848422     0.958919     0.998097     0.960111     0.850852      0.68706     0.493771       0.3005     0.136743            0
           0     0.015419     0.122861     0.282334     0.469914     0.657302     0.816165     0.922471     0.960165     0.923624     0.818518     0.660948     0.474999     0.289067     0.131529            0
           0    0.0131515     0.108349     0.249768     0.416158     0.582396     0.723338     0.817661     0.851121     0.818731     0.725521     0.585778     0.420871     0.255999      0.11635            0
           0   0.00971415    0.0865493     0.200907     0.335536     0.470075      0.58416     0.660525     0.687642     0.661472     0.586089     0.473061     0.339691     0.206388    0.0935578            0
           0   0.00572794    0.0609075     0.143319     0.240441      0.33754     0.419899     0.475049     0.494666     0.475836     0.421503      0.34002     0.243886      0.14785    0.0666754            0
           0    0.0019547    0.0355146    0.0859532     0.145501     0.205077     0.255632     0.289507     0.301594     0.290106     0.256851     0.206961     0.148116    0.0893866     0.039874            0
           0 -0.000771412    0.0145257    0.0377976    0.0653599     0.092968     0.116415     0.132146     0.137795     0.132535     0.117206    0.0941909     0.067057    0.0400281    0.0173659            0
           0            0            0            0            0            0            0            0            0            0            0            0            0            0            0            0
