           0            0            0            0            0            0            0            0            0            0            0            0            0            0            0            0
           0  -0.00472403   -0.0030958  0.000414274   0.00494803   0.00965108    0.0137294     0.016533    0.0176363    0.0168944    0.0144632    0.0107795   0.00650503   0.00244757 -0.000517778            0
           0  -0.00321182     0.010799    0.0328797    0.0593512    0.0860164     0.108738     0.124034     0.129588     0.124593     0.109873    0.0877617    0.0617584    0.0360165    0.0147478            0
           0  9.99944e-05    0.0326441    0.0821407     0.140841       0.1997     0.249715     0.283272     0.295295     0.284011     0.251217     0.202012     0.144032    0.0863001    0.0378762            0
           0   0.00438299     0.058803     0.140504     0.236989     0.333555     0.415516     0.470434     0.490008     0.471331     0.417339     0.336364     0.240875     0.145584    0.0652209            0
           0   0.00882431    0.0851351     0.198993     0.333172     0.467332     0.581135     0.657337     0.684423     0.658362     0.583221     0.470552     0.337635     0.204853    0.0925855            0
           0    0.0126738     0.107563     0.248676     0.414783     0.580779     0.721538     0.815754     0.849194     0.816872     0.723815     0.584298     0.419676     0.255125     0.115811            0
           0    0.0153198     0.122654     0.282001     0.469453     0.656725     0.815495     0.921744     0.959424     0.922914      0.81788     0.660416     0.474595     0.288798     0.131387            0
           0    0.0163622     0.128127      0.29393     0.488924     0.683703     0.848823     0.959311     0.998482     0.960489     0.851225     0.687423     0.494113     0.300801     0.136972            0
           0    0.0156654     0.123188     0.282705     0.470306     0.657697     0.816554      0.92285     0.960537     0.923991     0.818879       0.6613      0.47533     0.289358     0.131751            0
           0    0.0133764     0.108647     0.250108     0.416517     0.582757     0.723693     0.818008     0.851461     0.819066     0.725851     0.586099     0.421173     0.256265     0.116552            0
           0   0.00990647     0.086805     0.201199     0.335844     0.470386     0.584465     0.660823     0.687933     0.661759     0.586372     0.473337      0.33995     0.206614      0.09373            0
           0   0.00588037    0.0611109     0.143552     0.240687     0.337788     0.420143     0.475286     0.494898     0.476064     0.421727     0.340238     0.244091      0.14803    0.0668111            0
           0   0.00206403    0.0356612    0.0861213     0.145679     0.205256     0.255807     0.289678     0.301761     0.290269     0.257012     0.207117     0.148263    0.0895148    0.0399704            0
           0 -0.000704627    0.0146155    0.0379006    0.0654684    0.0930768     0.116521     0.132249     0.137896     0.132634     0.117303    0.0942854    0.0671459    0.0401057    0.0174242            0
           0            0            0            0            0            0            0            0            0            0            0            0            0            0            0            0
