           0            0            0            0            0            0            0            0            0            0            0            0            0            0            0            0
           0  -0.00486598  -0.00329136  0.000186258   0.00470522   0.00940602    0.0134892    0.0163002    0.0174104    0.0166737    0.0142473    0.0105713   0.00631196    0.0022822 -0.000638553            0
           0  -0.00345617    0.0104644      0.03249    0.0589348    0.0855935     0.108321     0.123627     0.129191     0.124204     0.109494    0.0873967    0.0614206    0.0357269     0.014535            0
           0 -0.000260317     0.032155    0.0815728     0.140235     0.199083     0.249103     0.282673      0.29471     0.283438     0.250656     0.201473     0.143532    0.0858698    0.0375572            0
           0   0.00390211     0.058155     0.139755      0.23619     0.332741     0.414709     0.469643     0.489233     0.470571     0.416595     0.335648     0.240209     0.145008    0.0647904            0
           0   0.00823066    0.0843397     0.198077     0.332195     0.466339     0.580149     0.656369     0.683475      0.65743     0.582308     0.469671     0.336815     0.204141    0.0920502            0
           0    0.0119884     0.106648     0.247625     0.413665     0.579642      0.72041     0.814646     0.848107     0.815804     0.722767     0.583286     0.418731     0.254303      0.11519            0
           0     0.014575     0.121662     0.280863     0.468245     0.655497     0.814277     0.920548      0.95825     0.921759     0.816747      0.65932     0.473571     0.287905     0.130711            0
           0    0.0155984     0.127111     0.292766     0.487688     0.682447     0.847578     0.958088     0.997281     0.959308     0.850066     0.686302     0.493063     0.299885     0.136278            0
           0    0.0149257     0.122204     0.281577     0.469108     0.656482     0.815349     0.921667     0.959375     0.922848     0.817757     0.660214     0.474315     0.288471     0.131079            0
           0    0.0127013     0.107748     0.249077     0.415422     0.581646     0.722592     0.816927     0.850401     0.818023     0.724827     0.585108     0.420247     0.255456      0.11594            0
           0   0.00932916    0.0860341     0.200313     0.334904     0.469432     0.583521     0.659897     0.687026     0.660867     0.585496     0.472489     0.339158     0.205924     0.093209            0
           0   0.00542292    0.0604979     0.142847     0.239938     0.337029     0.419392     0.474552     0.494179     0.475358     0.421034     0.339567     0.243464     0.147484     0.066401            0
           0   0.00173603    0.0352199     0.085613      0.14514     0.204711      0.25527     0.289153     0.301248     0.289766     0.256518     0.206638     0.147815    0.0891259    0.0396792            0
           0 -0.000904899    0.0143455    0.0375898    0.0651398    0.0927461     0.116197     0.131934     0.137588     0.132332     0.117007    0.0939975    0.0668761     0.039871    0.0172487            0
           0            0            0            0            0            0            0            0            0            0            0            0            0            0            0            0
