           0            0            0            0            0            0            0            0            0            0            0            0            0            0            0            0
           0  -0.00447255   -0.0027463   0.00082614   0.00539203     0.010105    0.0141795    0.0169731    0.0180652    0.0173123    0.0148688    0.0111662   0.00685895   0.00274691 -0.000301563            0
           0  -0.00278458     0.011386    0.0335664     0.060088    0.0867675     0.109482     0.124762     0.130298     0.125286     0.110547    0.0884072    0.0623529    0.0365239    0.0151191            0
           0  0.000722724    0.0334892    0.0831205     0.141886      0.20076     0.250761     0.284294     0.296292     0.284986      0.25217      0.20293     0.144884    0.0870346    0.0384215            0
           0   0.00520645    0.0599088     0.141776     0.238337     0.334915     0.416854     0.471739      0.49128     0.472579     0.418563     0.337549     0.241983     0.146549    0.0659454            0
           0   0.00983384    0.0864799      0.20053     0.334791      0.46896     0.582732      0.65889     0.685938     0.659849     0.584685     0.471976     0.338976     0.206029    0.0934763            0
           0    0.0138338     0.109099     0.250424     0.416617     0.582617     0.723336       0.8175     0.850896     0.818546     0.725467     0.585912     0.421201     0.256469     0.116837            0
           0    0.0165761     0.124312     0.283881     0.471422     0.658693     0.817417     0.923609     0.961242     0.924703     0.819648     0.662147     0.476236      0.29025     0.132499            0
           0    0.0176485     0.129822      0.29585     0.490931     0.685707     0.850778     0.961206      1.00033     0.962307     0.853024     0.689187     0.495787     0.302284     0.138111            0
           0    0.0169107     0.124829     0.284564     0.472249     0.659637     0.818446     0.924684     0.962324      0.92575      0.82062     0.663007     0.476951     0.290794     0.132852            0
           0    0.0145139     0.110149     0.251812     0.418299     0.584538     0.725431     0.819692     0.853103     0.820681     0.727448     0.587664     0.422658     0.257578     0.117557            0
           0    0.0108815    0.0880975     0.202668     0.337385     0.471927     0.585971     0.662283     0.689356     0.663158     0.587754     0.474688     0.341229     0.207742    0.0945895            0
           0   0.00665565    0.0621441     0.144731     0.241927     0.339031     0.421358     0.476466     0.496047     0.477193      0.42284     0.341324     0.245115     0.148928    0.0674923            0
           0   0.00262255    0.0364104    0.0869801     0.146584     0.206165     0.256697     0.290542     0.302602     0.291095     0.257824     0.207908     0.149005    0.0901638    0.0404588            0
           0 -0.000361704    0.0150781    0.0384327    0.0660304    0.0936416     0.117073     0.132785     0.138417     0.133145     0.117806    0.0947736    0.0676034    0.0405038    0.0177219            0
           0            0            0            0            0            0            0            0            0            0            0            0            0            0            0            0
