           0            0            0            0            0            0            0            0            0            0            0            0            0            0            0            0
           0  -0.00459092  -0.00291266  0.000627529   0.00517483   0.00987969    0.0139532    0.0167497    0.0178465    0.0170997    0.0146641    0.0109735   0.00668515   0.00260204  -0.00040481            0
           0  -0.00298349    0.0111099    0.0332398    0.0597333    0.0864015     0.109116     0.124401     0.129944     0.124942     0.110215    0.0880924    0.0620666    0.0362826    0.0149447            0
           0  0.000435827    0.0330963    0.0826604      0.14139     0.200252     0.250255     0.283797     0.295807     0.284512     0.251709      0.20249     0.144481    0.0866908     0.038169            0
           0   0.00483038    0.0593996     0.141185     0.237706     0.334273     0.416218     0.471115     0.490671     0.471983     0.417982     0.336991     0.241466     0.146103    0.0656139            0
           0   0.00937592    0.0858654     0.199823      0.33404       0.4682     0.581982     0.658158     0.685223     0.659149     0.583999     0.471314     0.338358     0.205491    0.0930723            0
           0    0.0133102     0.108401     0.249625     0.415773     0.581766       0.7225     0.816685     0.850101     0.817766     0.724701     0.585169     0.420503     0.255859     0.116375            0
           0    0.0160109     0.123562     0.283025      0.47052     0.657787     0.816529     0.922745     0.960399     0.923875     0.818833     0.661354     0.475489     0.289594        0.132            0
           0    0.0170709     0.129057     0.294978     0.490014     0.684787     0.849878     0.960331     0.999476     0.961469     0.852198     0.688382     0.495027     0.301615     0.137601            0
           0    0.0163517     0.124088      0.28372     0.471362     0.658747     0.817575     0.923838     0.961499     0.924939     0.819821     0.662228     0.476216     0.290147     0.132359            0
           0    0.0140028      0.10947     0.251037     0.417484      0.58372     0.724629     0.818913     0.852343     0.819935     0.726714     0.586948     0.421983     0.256985     0.117106            0
           0    0.0104425    0.0875118     0.201998     0.336678     0.471216     0.585273     0.661604     0.688694     0.662508     0.587115     0.474067     0.340645     0.207231     0.094203            0
           0   0.00630543    0.0616741     0.144191     0.241355     0.338453      0.42079     0.475912     0.495507     0.476664     0.422321     0.340821     0.244645     0.148519    0.0671845            0
           0   0.00236916    0.0360679    0.0865842     0.146163     0.205739     0.256277     0.290132     0.302202     0.290703     0.257441     0.207538     0.148661     0.089866    0.0402367            0
           0 -0.000518001    0.0148654    0.0381858    0.0657669    0.0933741     0.116809     0.132527     0.138165     0.132899     0.117566    0.0945426    0.0673893    0.0403195    0.0175855            0
           0            0            0            0            0            0            0            0            0            0            0            0            0            0            0            0
