           0            0            0            0            0            0            0            0            0            0            0            0            0            0            0            0
           0  -0.00453301  -0.00283234  0.000721979   0.00527642   0.00998331    0.0140557    0.0168498     0.017944    0.0171948    0.0147565    0.0110617   0.00676611   0.00267068 -0.000355119            0
           0  -0.00288508    0.0112447    0.0333969    0.0599012     0.086572     0.109284     0.124565     0.130104     0.125098     0.110367    0.0882388    0.0622019    0.0363986    0.0150299            0
           0  0.000579323    0.0332902    0.0828842     0.141628     0.200492     0.250491     0.284026     0.296029     0.284731     0.251923     0.202697     0.144674    0.0868583     0.038294            0
           0   0.00502023    0.0596533     0.141475     0.238011     0.334579     0.416517     0.471406     0.490954     0.472261     0.418255     0.337258     0.241717     0.146323    0.0657798            0
           0   0.00960876    0.0861739     0.200173     0.334407     0.468566     0.582338     0.658503     0.685559     0.659479     0.584325     0.471633      0.33866     0.205758    0.0932763            0
           0    0.0135778     0.108753     0.250023     0.416188     0.582178       0.7229     0.817072     0.850477     0.818136     0.725068      0.58553     0.420847     0.256165     0.116609            0
           0    0.0163008     0.123942     0.283454     0.470965     0.658228     0.816956     0.923157       0.9608      0.92427     0.819226     0.661741     0.475859     0.289924     0.132254            0
           0    0.0173678     0.129446     0.295416     0.490468     0.685236     0.850312      0.96075     0.999883     0.961871     0.852597     0.688776     0.495405     0.301953     0.137862            0
           0    0.0166392     0.124465     0.284144     0.471801     0.659182     0.817995     0.924243     0.961893     0.925328     0.820207     0.662609     0.476581     0.290473     0.132611            0
           0    0.0142654     0.109815     0.251426     0.417888      0.58412     0.725016     0.819286     0.852706     0.820293     0.727069     0.587299     0.422318     0.257284     0.117337            0
           0    0.0106676    0.0878086     0.202334     0.337027     0.471562     0.585608     0.661928     0.689009     0.662818     0.587423      0.47437     0.340934     0.207488       0.0944            0
           0    0.0064844    0.0619115      0.14446     0.241636     0.338733     0.421062     0.476175     0.495762     0.476915      0.42257     0.341065     0.244876     0.148724    0.0673407            0
           0   0.00249808    0.0362401    0.0867806     0.146369     0.205944     0.256477     0.290325      0.30239     0.290888     0.257624     0.207717      0.14883    0.0900141    0.0403488            0
           0 -0.000438839    0.0149718    0.0383077     0.065895    0.0935022     0.116934     0.132648     0.138283     0.133014     0.117679    0.0946532    0.0674935    0.0404105    0.0176539            0
           0            0            0            0            0            0            0            0            0            0            0            0            0            0            0            0
