           0            0            0            0            0            0            0            0            0            0            0            0            0            0            0            0
           0  -0.00448171  -0.00275952  0.000809885   0.00537369    0.0100854    0.0141593    0.0169528    0.0180452     0.017293    0.0148504    0.0111493   0.00684421   0.00273501 -0.000309793            0
           0   -0.0027996    0.0113646    0.0335402    0.0600587    0.0867363      0.10945      0.12473     0.130266     0.125255     0.110518    0.0883804    0.0623292    0.0365046    0.0151056            0
           0  0.000701565    0.0334594    0.0830844     0.141846     0.200718     0.250718      0.28425      0.29625     0.284945      0.25213     0.202893     0.144851    0.0870078    0.0384024            0
           0   0.00517929    0.0598709     0.141731     0.238287     0.334863     0.416801     0.471685     0.491228     0.472528     0.418514     0.337504     0.241942     0.146515     0.065921            0
           0   0.00980132    0.0864349     0.200477     0.334732     0.468899      0.58267     0.658829     0.685878     0.659791     0.584628     0.471923     0.338928     0.205988    0.0934472            0
           0    0.0137971     0.109049     0.250364     0.416552     0.582549     0.723268     0.817433      0.85083     0.818481     0.725404     0.585853     0.421148     0.256424     0.116804            0
           0    0.0165368     0.124259     0.283818     0.471353     0.658622     0.817346     0.923538     0.961172     0.924635     0.819582     0.662085      0.47618     0.290202     0.132464            0
           0    0.0176086     0.129768     0.295786     0.490861     0.685635     0.850706     0.961135      1.00026     0.962239     0.852958     0.689125      0.49573     0.302236     0.138075            0
           0    0.0168721     0.124776     0.284502     0.472182     0.659568     0.818376     0.924615     0.962256     0.925684     0.820556     0.662946     0.476896     0.290747     0.132818            0
           0    0.0144786     0.110101     0.251755     0.418238     0.584475     0.725367     0.819629     0.853041     0.820621      0.72739     0.587608     0.422607     0.257535     0.117525            0
           0    0.0108509    0.0880556     0.202619     0.337331     0.471872     0.585915     0.662228     0.689302     0.663105     0.587703      0.47464     0.341185     0.207705    0.0945622            0
           0   0.00663111    0.0621102     0.144691     0.241883     0.338985     0.421312      0.47642     0.496002     0.477149     0.422798     0.341284     0.245079     0.148898    0.0674704            0
           0   0.00260462    0.0363854    0.0869504     0.146552     0.206131     0.256663     0.290507     0.302568     0.291062     0.257793     0.207879     0.148979    0.0901416    0.0404428            0
           0 -0.000372881    0.0150624     0.038414    0.0660098      0.09362     0.117052     0.132763     0.138396     0.133124     0.117786     0.094755    0.0675867    0.0404898    0.0177119            0
           0            0            0            0            0            0            0            0            0            0            0            0            0            0            0            0
