           0            0            0            0            0            0            0            0            0            0            0            0            0            0            0            0
           0   -0.0042124    -0.002357   0.00132106   0.00596703    0.0107345    0.0148393    0.0176408    0.0187207    0.0179373     0.015446    0.0116791   0.00729108   0.00308186 -7.94183e-05            0
           0  -0.00237357    0.0119982    0.0343412    0.0609849    0.0877465     0.110506     0.125796     0.131313     0.126254     0.111443    0.0892048    0.0630273    0.0370492    0.0154696            0
           0   0.00127649    0.0343083    0.0841515     0.143074     0.202052     0.252108     0.285653     0.297625     0.286258     0.253348     0.203982     0.145778    0.0877352    0.0388927            0
           0   0.00588734    0.0609087     0.143027     0.239772      0.33647     0.418471     0.473366     0.492875       0.4741     0.419975     0.338816     0.243064     0.147401    0.0665234            0
           0    0.0106184    0.0876246     0.201955     0.336418     0.470717     0.584552     0.660719     0.687729     0.661559     0.586274     0.473406     0.340201     0.207001    0.0941406            0
           0    0.0146915     0.110344     0.251967     0.418372     0.584505     0.725288     0.819458     0.852811     0.820375     0.727169     0.587447     0.422521     0.257522     0.117561            0
           0    0.0174715     0.125606      0.28548     0.473234     0.660638     0.819424     0.925618     0.963206     0.926578     0.821396     0.663727     0.477599     0.291341     0.133252            0
           0    0.0185432     0.131112      0.29744      0.49273     0.687634     0.852763     0.963192      1.00227     0.964159     0.854751      0.69075     0.497138     0.303368     0.138862            0
           0    0.0177665     0.126062     0.286082     0.473964     0.661473     0.820335     0.926572     0.964167      0.92751     0.822262     0.664493     0.478236     0.291826     0.133568            0
           0    0.0152953     0.111276     0.253199     0.419868     0.586216     0.727157     0.821417     0.854786     0.822289     0.728947      0.58902      0.42383     0.258518     0.118209            0
           0    0.0115585    0.0890754     0.203875      0.33875     0.473389     0.587475     0.663787     0.690823     0.664558     0.589058     0.475866     0.342246     0.208557     0.095153            0
           0   0.00720525    0.0629407     0.145716     0.243044     0.340228     0.422592     0.477699      0.49725     0.478341     0.423909     0.342287     0.245945     0.149591    0.0679487            0
           0   0.00302973     0.037003    0.0877151      0.14742     0.207062     0.257623     0.291468     0.303506     0.291957     0.258625     0.208629     0.149625    0.0906562    0.0407962            0
           0 -0.000104272    0.0154538    0.0389001    0.0665629    0.0942146     0.117665     0.133378     0.138996     0.133696     0.118318    0.0952335    0.0679974    0.0408159    0.0179349            0
           0            0            0            0            0            0            0            0            0            0            0            0            0            0            0            0
