           0            0            0            0            0            0            0            0            0            0            0            0            0            0            0            0
           0   -0.0046287  -0.00296468  0.000566897   0.00511028   0.00981454    0.0138893    0.0166878    0.0177864    0.0170411    0.0146068    0.0109182   0.00663387   0.00255812 -0.000436901            0
           0  -0.00304816    0.0110219    0.0331379    0.0596253    0.0862928     0.109009     0.124297     0.129844     0.124844     0.110119    0.0879992    0.0619796    0.0362075    0.0148891            0
           0  0.000340868    0.0329686     0.082514     0.141236     0.200098     0.250104      0.28365     0.295664     0.284373     0.251572     0.202357     0.144355     0.086581    0.0380866            0
           0   0.00470405    0.0592315     0.140994     0.237505     0.334073     0.416023     0.470927     0.490488     0.471803     0.417804     0.336817     0.241301     0.145958    0.0655035            0
           0   0.00922031      0.08566      0.19959     0.333798      0.46796     0.581748     0.657932     0.685004     0.658933     0.583785     0.471103     0.338157     0.205313    0.0929359            0
           0    0.0131308     0.108165     0.249359     0.415497     0.581493     0.722235     0.816431     0.849854     0.817522     0.724458     0.584929     0.420274     0.255655     0.116217            0
           0    0.0158161     0.123307     0.282739     0.470224     0.657494     0.816245     0.922472     0.960134     0.923613     0.818573     0.661096     0.475242     0.289373     0.131828            0
           0    0.0168712     0.128796     0.294686     0.489712     0.684488     0.849589     0.960053     0.999205     0.961203     0.851932     0.688119     0.494775     0.301389     0.137425            0
           0    0.0161584     0.123835     0.283437     0.471069     0.658458     0.817295     0.923569     0.961237     0.924681     0.819564     0.661973     0.475971     0.289927     0.132189            0
           0    0.0138263     0.109239     0.250778     0.417215     0.583454     0.724372     0.818666     0.852103     0.819698     0.726478     0.586715     0.421759     0.256785     0.116951            0
           0    0.0102914    0.0873132     0.201775     0.336446     0.470986      0.58505      0.66139     0.688486     0.662303     0.586911     0.473866     0.340453     0.207059    0.0940706            0
           0   0.00618555    0.0615157     0.144012     0.241168     0.338269     0.420611      0.47574      0.49534     0.476499     0.422158      0.34066     0.244491     0.148382    0.0670799            0
           0   0.00228304    0.0359534    0.0864542     0.146028     0.205604     0.256146     0.290006      0.30208     0.290583     0.257322     0.207421      0.14855    0.0897677    0.0401619            0
           0  -0.00057072    0.0147949    0.0381055     0.065683    0.0932907     0.116729      0.13245      0.13809     0.132825     0.117492    0.0944706    0.0673211    0.0402594    0.0175401            0
           0            0            0            0            0            0            0            0            0            0            0            0            0            0            0            0
