           0            0            0            0            0            0            0            0            0            0            0            0            0            0            0            0
           0  -0.00465531  -0.00300128  0.000524299   0.00506499   0.00976892    0.0138447    0.0166446    0.0177445    0.0170001    0.0145667    0.0108795   0.00659792   0.00252727 -0.000459471            0
           0   -0.0030938    0.0109598    0.0330661    0.0595492    0.0862162     0.108934     0.124225     0.129773     0.124774     0.110051    0.0879334    0.0619182    0.0361544    0.0148498            0
           0  0.000273753    0.0328784    0.0824104     0.141127     0.199988     0.249997     0.283546     0.295563     0.284274     0.251474     0.202262     0.144266    0.0865032    0.0380282            0
           0   0.00461465    0.0591125     0.140858     0.237363      0.33393     0.415884     0.470792     0.490357     0.471674     0.417677     0.336693     0.241184     0.145855    0.0654252            0
           0   0.00911008    0.0855143     0.199425     0.333625     0.467788     0.581581      0.65777     0.684846     0.658778     0.583631     0.470952     0.338014     0.205186    0.0928388            0
           0    0.0130037     0.107998     0.249171     0.415301     0.581297     0.722045     0.816247     0.849675     0.817346     0.724283     0.584757      0.42011     0.255509     0.116105            0
           0     0.015678     0.123126     0.282535     0.470012     0.657284     0.816041     0.922275     0.959942     0.923424     0.818385     0.660911     0.475065     0.289214     0.131706            0
           0    0.0167296      0.12861     0.294477     0.489495     0.684274     0.849381     0.959852      0.99901      0.96101     0.851741     0.687929     0.494593     0.301227       0.1373            0
           0    0.0160213     0.123656     0.283235     0.470859      0.65825     0.817093     0.923374     0.961048     0.924494     0.819378     0.661789     0.475795     0.289771     0.132068            0
           0    0.0137011     0.109075     0.250593     0.417023     0.583264     0.724188     0.818487     0.851929     0.819527     0.726308     0.586547     0.421598     0.256642     0.116841            0
           0    0.0101843    0.0871722     0.201615      0.33628     0.470822     0.584891     0.661236     0.688336     0.662156     0.586765     0.473721     0.340315     0.206937    0.0939763            0
           0   0.00610061    0.0614033     0.143885     0.241036     0.338137     0.420483     0.475616      0.49522     0.476381      0.42204     0.340544     0.244381     0.148285    0.0670055            0
           0   0.00222206    0.0358722     0.086362     0.145931     0.205508     0.256053     0.289916     0.301993     0.290498     0.257237     0.207338     0.148471    0.0896978    0.0401088            0
           0 -0.000608023    0.0147451    0.0380486    0.0656236    0.0932316     0.116671     0.132395     0.138037     0.132772      0.11744    0.0944195    0.0672726    0.0402168    0.0175079            0
           0            0            0            0            0            0            0            0            0            0            0            0            0            0            0            0
