           0            0            0            0            0            0            0            0            0            0            0            0            0            0            0            0
           0  -0.00425853  -0.00242674   0.00123182     0.005863    0.0106206    0.0147202     0.017521    0.0186039    0.0178271    0.0153454    0.0115909   0.00721788   0.00302602 -0.000115831            0
           0  -0.00244512    0.0118902    0.0342034    0.0608246    0.0875714     0.110323     0.125613     0.131134     0.126085     0.111289    0.0890697    0.0629149    0.0369632    0.0154134            0
           0   0.00118235    0.0341667    0.0839714     0.142865     0.201825     0.251872     0.285415     0.297394      0.28604     0.253149     0.203807     0.145632    0.0876234    0.0388193            0
           0    0.0057745    0.0607398     0.142813     0.239525     0.336202     0.418192     0.473087     0.492604     0.473845     0.419742     0.338611     0.242892     0.147269    0.0664361            0
           0    0.0104916    0.0874357     0.201717     0.336144      0.47042     0.584245     0.660412     0.687431     0.661279     0.586018      0.47318     0.340012     0.206854    0.0940434            0
           0     0.014556     0.110143     0.251714     0.418082     0.584192     0.724965     0.819136       0.8525     0.820082     0.726902     0.587211     0.422323     0.257368     0.117458            0
           0    0.0173327     0.125401     0.285223      0.47294     0.660321     0.819098     0.925294     0.962893     0.926285     0.821128     0.663489     0.477399     0.291185     0.133148            0
           0    0.0184066     0.130911     0.297188     0.492442     0.687325     0.852446     0.962877      1.00196     0.963875     0.854491      0.69052     0.496944     0.303217      0.13876            0
           0    0.0176371     0.125871     0.285844     0.473693     0.661182     0.820037     0.926277     0.963883     0.927244     0.822018     0.664278     0.478055     0.291685     0.133473            0
           0    0.0151778     0.111103     0.252983     0.419622     0.585953     0.726888     0.821151      0.85453     0.822048     0.728728     0.588826     0.423667     0.258391     0.118123            0
           0    0.0114566    0.0889254     0.203687     0.338537     0.473161     0.587242     0.663556     0.690601      0.66435     0.588869     0.475699     0.342106     0.208447    0.0950793            0
           0    0.0071223    0.0628183     0.145563     0.242869     0.340042     0.422401     0.477511     0.497069     0.478171     0.423754     0.342151      0.24583     0.149502     0.067889            0
           0    0.0029679    0.0369115    0.0876006     0.147289     0.206923      0.25748     0.291326      0.30337     0.291829      0.25851     0.208527     0.149539    0.0905899    0.0407519            0
           0 -0.000143605    0.0153955     0.038827    0.0664794    0.0941251     0.117574     0.133287     0.138908     0.133615     0.118244    0.0951684    0.0679429    0.0407738    0.0179068            0
           0            0            0            0            0            0            0            0            0            0            0            0            0            0            0            0
