           0            0            0            0            0            0            0            0            0            0            0            0            0            0            0            0
           0  -0.00483975  -0.00325519  0.000228474   0.00475022   0.00945149    0.0135338    0.0163435    0.0174524    0.0167147    0.0142874      0.01061   0.00634777   0.00231284   -0.0006162            0
           0  -0.00341097    0.0105265    0.0325625    0.0590125    0.0856727     0.108399     0.123703     0.129266     0.124278     0.109565    0.0874652    0.0614838    0.0357809    0.0145745            0
           0  -0.00019361    0.0322459    0.0816789     0.140349     0.199199     0.249219     0.282787     0.294821     0.283547     0.250763     0.201575     0.143626    0.0859504    0.0376166            0
           0   0.00399119    0.0582756     0.139895     0.236341     0.332896     0.414863     0.469794     0.489381     0.470716     0.416737     0.335784     0.240335     0.145116    0.0648708            0
           0   0.00834066    0.0844879     0.198249      0.33238     0.466528     0.580338     0.656556     0.683658      0.65761     0.582484     0.469839     0.336971     0.204275    0.0921503            0
           0    0.0121154     0.106818     0.247822     0.413876     0.579859     0.720627      0.81486     0.848317      0.81601     0.722969      0.58348     0.418911     0.254458     0.115307            0
           0     0.014713     0.121847     0.281077     0.468473     0.655731     0.814512     0.920779     0.958478     0.921983     0.816965      0.65953     0.473765     0.288073     0.130837            0
           0      0.01574     0.127301     0.292985     0.487922     0.682687     0.847818     0.958325     0.997514     0.959537      0.85029     0.686517     0.493263     0.300057     0.136408            0
           0    0.0150628     0.122387     0.281789     0.469335     0.656714     0.815581     0.921896     0.959601      0.92307     0.817974     0.660422     0.474508     0.288639     0.131205            0
           0    0.0128264     0.107915      0.24927     0.415629     0.581858     0.722804     0.817136     0.850606     0.818225     0.725025     0.585298     0.420423     0.255609     0.116055            0
           0   0.00943615    0.0861778     0.200479     0.335082     0.469614     0.583702     0.660076     0.687201     0.661039     0.585665     0.472651     0.339308     0.206054    0.0933065            0
           0   0.00550767     0.060612     0.142979     0.240079     0.337173     0.419536     0.474693     0.494317     0.475494     0.421167     0.339695     0.243583     0.147587    0.0664776            0
           0   0.00179678     0.035302     0.085708     0.145241     0.204814     0.255372     0.289253     0.301346     0.289862     0.256612     0.206729       0.1479    0.0891989    0.0397335            0
           0 -0.000867829    0.0143956    0.0376478    0.0652013    0.0928084     0.116258     0.131994     0.137647     0.132389     0.117063    0.0940518    0.0669268    0.0399149    0.0172814            0
           0            0            0            0            0            0            0            0            0            0            0            0            0            0            0            0
