         0          0          0          0          0          0          0          0          0          0          0          0          0          0          0          0
         0 0.00296439 0.00785096  0.0140616  0.0208249  0.0272648  0.0325139   0.035838  0.0367452  0.0350605  0.0309559  0.0249319  0.0177612  0.0104154 0.00402682          0
         0 0.00864732  0.0254568  0.0482847  0.0740531  0.0991659   0.120034   0.133612   0.137862    0.13206   0.116912  0.0944564  0.0677774  0.0405877  0.0167708          0
         0  0.0164652  0.0505867  0.0979673   0.152067   0.205172    0.24956   0.278678   0.288133   0.276368   0.244893   0.198064   0.142434  0.0857874  0.0360113          0
         0  0.0253891  0.0796877   0.155868   0.243307   0.329421   0.401592   0.449108   0.464791    0.44609   0.395462   0.319999    0.23034   0.139053  0.0587172          0
         0  0.0341513   0.108487   0.213361   0.334071   0.453158   0.553104   0.619033   0.640979   0.615399   0.545691   0.441675    0.31807   0.192221  0.0813836          0
         0  0.0414626   0.132677   0.261784   0.410626    0.55761   0.681065   0.762588   0.789855    0.75848   0.672659   0.544512   0.392211   0.237142   0.100526          0
         0  0.0462209   0.148591   0.293776   0.461314   0.626853   0.765953   0.857859   0.888679   0.853466   0.756942   0.612762   0.441392   0.266915   0.113194          0
         0  0.0476855    0.15377   0.304406   0.478331   0.650235   0.794714     0.8902   0.922256   0.885741   0.785559   0.635893   0.458009   0.276923   0.117416          0
         0   0.045593   0.147342   0.291927   0.458912   0.623979   0.762722    0.85442   0.885201   0.850124   0.753906   0.610174   0.439368    0.26553   0.112492          0
         0  0.0401998   0.130157    0.25804   0.405743   0.551745   0.674454   0.755538   0.782718   0.751626   0.666438   0.539224   0.388085   0.234328  0.0991034          0
         0  0.0322475   0.104665   0.207637   0.326548   0.444063   0.542803   0.608013    0.62981   0.604678   0.535983   0.433456   0.311692   0.187897    0.07921          0
         0  0.0228587  0.0745466   0.148062   0.232916    0.31673   0.387112   0.433545   0.448988   0.430933   0.381787   0.308497   0.221497   0.133125  0.0557684          0
         0  0.0133887  0.0441807  0.0879979   0.138523   0.188375    0.23019   0.257727   0.266806    0.25594   0.226558   0.182793   0.130869  0.0781912  0.0323177          0
         0 0.00527785  0.0180197  0.0361631  0.0570348  0.0775829  0.0947816    0.10607   0.109735   0.105164  0.0929454  0.0747763  0.0532263  0.0313896  0.0125412          0
         0          0          0          0          0          0          0          0          0          0          0          0          0          0          0          0
