         0          0          0          0          0          0          0          0          0          0          0          0          0          0          0          0
         0 0.00347498 0.00702872  0.0104046  0.0134188  0.0159088  0.0177265  0.0187479  0.0188885  0.0181152  0.0164527  0.0139831  0.0108446 0.00723559 0.00345018          0
         0  0.0083173  0.0181774  0.0288484  0.0394454  0.0489801  0.0564745  0.0610978  0.0622887  0.0598411  0.0539377  0.0451253  0.0342434  0.0223251  0.0105072          0
         0  0.0142939  0.0325734  0.0534917  0.0750985  0.0950937   0.111163   0.121331   0.124263   0.119474   0.107401  0.0893392  0.0672425  0.0434397  0.0203117          0
         0  0.0208042   0.048563  0.0812491   0.115659   0.147922   0.174114   0.190873   0.195931   0.188462   0.169214   0.140377   0.105244  0.0676824  0.0315322          0
         0  0.0270521  0.0640629   0.108346   0.155449   0.199925   0.236224   0.259589   0.266805   0.256704   0.230342   0.190814   0.142755   0.091577  0.0425721          0
         0  0.0322068  0.0769335   0.130945   0.188735   0.243517   0.288364   0.317326   0.326385   0.314082    0.28173   0.233196   0.174253   0.111622  0.0518218          0
         0  0.0355492  0.0853364   0.145765   0.210629   0.272249   0.322775   0.355464   0.365759   0.352003   0.315688   0.261189    0.19504   0.124835    0.05791          0
         0   0.036592   0.088031   0.150598   0.217847    0.28179   0.334255   0.368224   0.378952   0.364714    0.32706   0.270545   0.201966   0.129217  0.0599161          0
         0  0.0351588  0.0845707   0.144654   0.209218   0.270597   0.320952   0.353551   0.363841   0.350166   0.314014   0.259754   0.193908   0.124053   0.057511          0
         0   0.031411   0.075372   0.128678   0.185854   0.240142   0.284639   0.313415   0.322463   0.310325   0.278309   0.230264    0.17194   0.110025  0.0510077          0
         0   0.025821  0.0616449   0.104832   0.150979   0.194682   0.230433   0.253504     0.2607   0.250857   0.225019   0.186255   0.139162  0.0891011  0.0413111          0
         0  0.0190933  0.0451975  0.0763497   0.109415   0.140588   0.166002   0.182342   0.187366   0.180258   0.161748   0.133991   0.100219  0.0642292  0.0297783          0
         0   0.012047  0.0281395  0.0470174  0.0668254  0.0853549   0.100373   0.109968   0.112846   0.108534  0.0974518   0.080842  0.0605777  0.0388809  0.0180106          0
         0 0.00547458  0.0125284  0.0205577  0.0288105  0.0364226  0.0425272  0.0463826  0.0474864  0.0456532  0.0410431  0.0341369  0.0256649  0.0165089  0.0076153          0
         0          0          0          0          0          0          0          0          0          0          0          0          0          0          0          0
