           0            0            0            0            0            0            0            0            0            0            0            0            0            0            0            0
           0  -0.00263713  -0.00347961  -0.00271048 -0.000804201   0.00162483   0.00394757   0.00562824   0.00631013   0.00587141   0.00444484   0.00239926   0.00028576  -0.00124361  -0.00153124            0
           0  -0.00476818  -0.00387044   0.00173359    0.0103968    0.0201201    0.0288927    0.0350104    0.0373387    0.0354858    0.0298642    0.0216307    0.0125153   0.00456273 -0.000180992            0
           0  -0.00659979  -0.00199144    0.0116073    0.0308107    0.0516237    0.0700628    0.0827629    0.0874841    0.0834499    0.0714656    0.0538012    0.0338553     0.015649   0.00322065            0
           0  -0.00818961   0.00127918      0.02466    0.0565137    0.0905142     0.120387     0.140841     0.148357     0.141711     0.122162    0.0932665    0.0603542    0.0297411   0.00779655            0
           0   -0.0095185   0.00503724    0.0383717    0.0829876     0.130236     0.171566     0.199774     0.210072     0.200792     0.173641     0.133453    0.0874715    0.0442963     0.012624            0
           0   -0.0105328   0.00843363    0.0502813     0.105766     0.164272     0.215324     0.250105     0.262753     0.251228     0.217617     0.167826      0.11072    0.0568281      0.01682            0
           0   -0.0111732    0.0107717    0.0583287     0.121085     0.187114     0.244656     0.283821     0.298034     0.285006     0.247074     0.190864     0.126318    0.0652506    0.0196506            0
           0   -0.0113935    0.0115961    0.0611482      0.12644     0.195086     0.254883     0.295568     0.310321     0.296766     0.257329     0.198883     0.131745    0.0681774    0.0206304            0
           0   -0.0111723     0.010756    0.0582691     0.120955     0.186899     0.244357     0.283458      0.29764     0.284619     0.246729     0.190585     0.126116    0.0651245    0.0195912            0
           0   -0.0105136   0.00842971    0.0501885     0.105522      0.16384     0.214708     0.249347     0.261927     0.250419     0.216901     0.167257     0.110319    0.0565845    0.0167085            0
           0  -0.00943864   0.00511083    0.0383081    0.0826649     0.129584     0.170588     0.198549     0.208728     0.199483     0.172503     0.132574    0.0868801    0.0439605    0.0124813            0
           0  -0.00796298   0.00156113    0.0247479    0.0561828     0.089638     0.118971     0.139017     0.146345     0.139766     0.120511    0.0920511    0.0596041    0.0293758   0.00767295            0
           0  -0.00605507  -0.00125172    0.0120713     0.030598    0.0505183    0.0680768    0.0801183    0.0845488    0.0806438     0.069158    0.0522197    0.0330273    0.0153974    0.0032342            0
           0  -0.00355566  -0.00220222   0.00297463    0.0105182    0.0187734    0.0261145     0.031178      0.03306     0.031449    0.0266731    0.0196554    0.0117864   0.00473586  0.000248492            0
           0            0            0            0            0            0            0            0            0            0            0            0            0            0            0            0
