           0            0            0            0            0            0            0            0            0            0            0            0            0            0            0            0
           0   -0.0026217  -0.00261135 -0.000345843   0.00341515   0.00772826     0.011645    0.0143683    0.0153726    0.0144786    0.0118793   0.00811807   0.00402177  0.000595346  -0.00109646            0
           0  -0.00389909   0.00108758    0.0132462    0.0298128    0.0474888    0.0629875    0.0735485    0.0773479    0.0737556    0.0634244    0.0482072    0.0309083    0.0148894   0.00358422            0
           0   -0.0042318   0.00952547    0.0374547    0.0737985     0.111797     0.144752     0.167056     0.175011     0.167337      0.14534     0.112748    0.0752123    0.0394943    0.0124548            0
           0  -0.00396203    0.0207092    0.0676612     0.127589     0.189657     0.243182     0.279266     0.292075     0.279595     0.243864     0.190742     0.129157    0.0698336    0.0236583            0
           0  -0.00339941    0.0324357    0.0985841     0.182166     0.268255     0.342202     0.391897     0.409481     0.392252     0.342931     0.269396      0.18377     0.100716    0.0351683            0
           0  -0.00281074    0.0425785     0.125047     0.228656     0.334986     0.426035     0.487058     0.508594     0.487421     0.426778     0.336133     0.230232     0.127066    0.0450286            0
           0  -0.00240031     0.049379     0.142735     0.259669      0.37941     0.481723     0.550157     0.574267     0.550521     0.482464     0.380545     0.261206     0.144655    0.0516167            0
           0  -0.00229377    0.0516851     0.148809     0.270354     0.394726     0.500913     0.571885     0.596873     0.572246     0.501648      0.39585     0.271873     0.150698     0.053865            0
           0  -0.00252847    0.0491034     0.142284     0.259025     0.378574     0.480724      0.54905     0.573119     0.549406     0.481451     0.379694     0.260555     0.144223    0.0514025            0
           0  -0.00304784    0.0420548     0.124165     0.227362     0.333276     0.423967     0.484746      0.50619     0.485091     0.424677     0.334385     0.228912       0.1262    0.0446045            0
           0  -0.00369601     0.031735    0.0973255     0.180226     0.265604     0.338925     0.388189     0.405608      0.38851     0.339591     0.266664     0.181754    0.0994276    0.0345522            0
           0  -0.00421072    0.0199855    0.0661481     0.125033     0.185969      0.23848     0.273858     0.286399     0.274134     0.239059     0.186909     0.126434    0.0681771    0.0229062            0
           0  -0.00420633   0.00909332    0.0359405    0.0707139     0.106952     0.138308     0.159493     0.167025     0.159698     0.138743     0.107671    0.0718237    0.0376319    0.0117194            0
           0  -0.00311635   0.00157133    0.0122192    0.0263896    0.0413226    0.0543194    0.0631308    0.0662753    0.0632409    0.0545545     0.041718    0.0270162    0.0132202   0.00325719            0
           0            0            0            0            0            0            0            0            0            0            0            0            0            0            0            0
