         0          0          0          0          0          0          0          0          0          0          0          0          0          0          0          0
         0  0.0014533 0.00482963 0.00954546  0.0148713  0.0200103  0.0242117  0.0268742  0.0276143   0.026299  0.0230581  0.0182855  0.0126245  0.0069353 0.00227373          0
         0  0.0056242  0.0193986  0.0391952  0.0620092  0.0844038   0.103043    0.11519   0.119064   0.114043   0.100729  0.0809048  0.0573571  0.0335572  0.0132384          0
         0  0.0119419   0.041488  0.0842276   0.133697   0.182414    0.22309   0.249748   0.258518   0.248048   0.219632   0.177109   0.126472  0.0750981  0.0306653          0
         0  0.0194179  0.0676139   0.137469   0.218381   0.298034   0.364483   0.408048    0.42255   0.405848   0.359965   0.290991   0.208566   0.124636  0.0515549          0
         0  0.0268635  0.0936612   0.190519    0.30261   0.412708   0.504264   0.564139    0.58416   0.561535   0.498859   0.404148   0.290436   0.174184  0.0724983          0
         0  0.0331084    0.11558   0.235152   0.373322   0.508616   0.620646   0.693629   0.718058   0.690746   0.614601   0.498905   0.359284    0.21597  0.0901841          0
         0  0.0371883   0.130023   0.264611   0.419932   0.571625   0.696784   0.778044   0.805237   0.775013   0.690379   0.561231    0.40474   0.243616   0.101887          0
         0  0.0384768   0.134805   0.274515   0.435699   0.592977   0.722574   0.806612   0.834735   0.803553   0.716091   0.582413   0.420192   0.252992   0.105832          0
         0  0.0367554   0.129163   0.263343   0.418302   0.569706   0.694671   0.775832   0.803014   0.772862    0.68839     0.5595   0.403362   0.242662   0.101401          0
         0   0.032237    0.11384   0.232568   0.369968   0.504629   0.616214   0.688956   0.713348     0.6862   0.610423   0.495303   0.356441   0.214019  0.0891954          0
         0  0.0255517  0.0910146   0.186537   0.297368   0.406387   0.497142   0.556559   0.576492   0.554155   0.492136   0.398421   0.285976    0.17116  0.0709805          0
         0  0.0176885  0.0640616   0.132011   0.211049   0.289031    0.35419   0.396984   0.411314   0.395065    0.35023   0.282812   0.202303   0.120466  0.0494962          0
         0 0.00988857  0.0371126    0.07726   0.124058   0.170313   0.209033   0.234488   0.242963   0.233158    0.20631   0.166087   0.118219  0.0697643  0.0281181          0
         0 0.00351548  0.0144703  0.0307958  0.0498532  0.0686885  0.0844481    0.09479  0.0981898  0.0941124  0.0830668  0.0665637  0.0469611  0.0271918  0.0104418          0
         0          0          0          0          0          0          0          0          0          0          0          0          0          0          0          0
