         0          0          0          0          0          0          0          0          0          0          0          0          0          0          0          0
         0 0.00200406 0.00373681 0.00511474 0.00613669 0.00683499 0.00725082 0.00742036 0.00736674 0.00709599 0.00659639 0.00584175  0.0047996  0.0034473 0.00180402          0
         0 0.00453319 0.00878851  0.0126026   0.015861  0.0184634  0.0203159  0.0213382  0.0214729  0.0206951  0.0190158  0.0164819  0.0131733 0.00920272 0.00472886          0
         0 0.00751843  0.0149047  0.0219354  0.0283166  0.0337023  0.0377381  0.0401153  0.0406199  0.0391676  0.0358166  0.0307576  0.0242842  0.0167507 0.00853202          0
         0   0.010701  0.0214959  0.0321178  0.0420633  0.0506822   0.057291  0.0612911   0.062269   0.060065  0.0547973  0.0468388  0.0367507  0.0251841  0.0127678          0
         0  0.0137218  0.0277848  0.0418921  0.0553335  0.0671503  0.0763219  0.0819511  0.0834189   0.080488  0.0733379  0.0625279  0.0488923  0.0333828  0.0168799          0
         0     0.0162  0.0329598   0.049963  0.0663266  0.0808291  0.0921616   0.099171   0.101062  0.0975288  0.0888047   0.075608   0.059006  0.0402055  0.0202993          0
         0  0.0178039  0.0363179  0.0552154  0.0734998  0.0897746   0.102538   0.110465    0.11264   0.108716  0.0989569  0.0841897   0.065637  0.0446754  0.0225383          0
         0  0.0183079   0.037382  0.0568952   0.075813  0.0926791   0.105924   0.114164   0.116441    0.11239   0.102291  0.0870039  0.0678071  0.0461349   0.023268          0
         0  0.0176292  0.0359783  0.0547291  0.0728913  0.0890729   0.101774   0.109672    0.11185   0.107961   0.098268  0.0835962  0.0651652  0.0443474  0.0223701          0
         0   0.015841  0.0322625  0.0489656  0.0650806  0.0793942   0.090602  0.0975522  0.0994493  0.0959877  0.0873976  0.0743945  0.0580404  0.0395335  0.0199544          0
         0  0.0131578  0.0266913  0.0403322  0.0533903  0.0649181  0.0739003  0.0794407  0.0809196  0.0780978  0.0711528  0.0606401  0.0473871  0.0323333  0.0163406          0
         0 0.00989745  0.0199431  0.0299125  0.0393283  0.0475531  0.0539067  0.0577891  0.0587841  0.0567295  0.0517419  0.0441914  0.0346326  0.0237027  0.0120049          0
         0 0.00642086  0.0127961  0.0189617  0.0246543  0.0295372  0.0332534  0.0354869   0.036017  0.0347562  0.0317628   0.027229   0.021446  0.0147556 0.00750094          0
         0 0.00305514 0.00597797 0.00868397  0.0110856  0.0130793   0.014555   0.015414  0.0155861  0.0150416  0.0137961  0.0119067 0.00946264 0.00657287 0.00336262          0
         0          0          0          0          0          0          0          0          0          0          0          0          0          0          0          0
