           0            0            0            0            0            0            0            0            0            0            0            0            0            0            0            0
           0  -0.00740367  -0.00684297  -0.00399886  0.000213346    0.0048444   0.00899667    0.0119303      0.01316    0.0125212    0.0101937   0.00667686   0.00272201 -0.000766039   -0.0028358            0
           0  -0.00808765   0.00365497     0.023935    0.0490547    0.0747753    0.0969134     0.111947     0.117535     0.112865    0.0987753    0.0776304     0.052973        0.029   0.00994975            0
           0  -0.00737098    0.0214064    0.0675964     0.123501     0.180136     0.228565     0.261237     0.273119     0.262459     0.231046      0.18395     0.128754    0.0744216    0.0299484            0
           0  -0.00585016    0.0431694      0.11988     0.211918      0.30477     0.383964     0.437251     0.456461     0.438743     0.386998     0.309446     0.218385     0.128336    0.0538533            0
           0  -0.00402879    0.0653135     0.172544     0.300653     0.429626     0.539483     0.613304     0.639797     0.615019     0.542976     0.435024     0.308151     0.182411    0.0778983            0
           0  -0.00233266    0.0842902     0.217413      0.37609     0.535658     0.671476     0.762673     0.795321     0.764553     0.675309     0.541596     0.384369     0.228365    0.0983673            0
           0  -0.00109218    0.0971255     0.247583     0.426706     0.606725     0.759891     0.862696     0.899451     0.864671     0.763923     0.612981     0.435451     0.259195     0.112129            0
           0 -0.000516282     0.101847     0.258455     0.444812     0.632053     0.791338     0.898233     0.936429     0.900227      0.79541     0.638378     0.453664     0.270233       0.1171            0
           0 -0.000671622    0.0977708     0.248428      0.42772     0.607871     0.761128     0.863981     0.900737     0.865914     0.765076     0.614004     0.436304     0.259847     0.112554            0
           0  -0.00147433    0.0856062     0.219135     0.378155     0.537991     0.673995     0.765289     0.797942     0.767084     0.677659     0.543679     0.386108     0.229694     0.099234            0
           0  -0.00269673    0.0673527     0.175209     0.303844     0.433231     0.543375     0.617346     0.643847     0.618932     0.546611     0.438248     0.310844     0.184471    0.0792428            0
           0  -0.00398598    0.0460151     0.123589     0.216353     0.309776     0.389368     0.442865     0.462089     0.444182     0.392053     0.313932     0.222136     0.131209    0.0557329            0
           0  -0.00488591    0.0251794    0.0724922     0.129339     0.186719     0.235672     0.268625     0.280529     0.269625     0.237709     0.189867     0.133709    0.0782272    0.0324478            0
           0  -0.00484391    0.0085245    0.0302023    0.0564997    0.0831616     0.105972     0.121374     0.126998     0.122022     0.107292    0.0851992    0.0593227    0.0338978    0.0131923            0
           0            0            0            0            0            0            0            0            0            0            0            0            0            0            0            0
