           0            0            0            0            0            0            0            0            0            0            0            0            0            0            0            0
           0  -0.00513714  -0.00362672  -0.00015243   0.00440748   0.00917233    0.0133214    0.0161826    0.0173157    0.0165713    0.0141117    0.0103897   0.00609018   0.00204752 -0.000839448            0
           0  -0.00397245   0.00980911    0.0317902     0.058259    0.0849801     0.107779     0.123143     0.128736     0.123745     0.109003    0.0868663    0.0608673    0.0351979    0.0141069            0
           0  -0.00108622    0.0310938    0.0804071     0.139058     0.197951     0.248035     0.281662      0.29373      0.28246     0.249658     0.200455     0.142527    0.0849471    0.0368281            0
           0   0.00273227    0.0566424     0.138068     0.234448     0.331016     0.413033     0.468018      0.48764     0.468987     0.415008     0.334068     0.238686     0.143638    0.0637201            0
           0   0.00672522    0.0823865     0.195879     0.329896     0.464028      0.57787     0.654132     0.681269     0.655242     0.580134     0.467534     0.334781     0.202329    0.0906436            0
           0    0.0102013     0.104325     0.244998     0.410897     0.576836     0.717619     0.811889     0.845381     0.813102     0.720094     0.580676     0.416264     0.252118       0.1135            0
           0    0.0126002     0.119092     0.277949     0.465162     0.652358     0.811143     0.917441     0.955174     0.918712     0.813738     0.656393     0.470813      0.28547     0.128831            0
           0    0.0135571     0.124454      0.28975     0.484493     0.679189     0.844319     0.954854     0.994077     0.956135     0.846936     0.683259     0.490201      0.29736     0.134331            0
           0    0.0129489      0.11963     0.278658     0.466019     0.653333     0.812202     0.918548     0.956286     0.919788     0.814737     0.657277     0.471549     0.286031     0.129195            0
           0    0.0109113     0.105419      0.24644      0.41264     0.578822      0.71978     0.814146      0.84765     0.815297     0.722132     0.582479     0.417765     0.253261     0.114244            0
           0   0.00782242    0.0840764     0.198106     0.332589     0.467098     0.581213     0.657627     0.684786     0.658645     0.583292     0.470327     0.337105       0.2041    0.0917957            0
           0   0.00425755    0.0589879     0.141156     0.238184     0.335283     0.417687      0.47289     0.492546     0.473736     0.419413     0.337962     0.241924     0.146104    0.0653263            0
           0  0.000927134    0.0341774    0.0844605     0.143965     0.203567     0.254177     0.288107     0.300228      0.28875     0.255489     0.205601       0.1468    0.0882021    0.0389532            0
           0  -0.00138067    0.0137392     0.036934    0.0644924    0.0921403     0.115642     0.131422     0.137098      0.13184     0.116494    0.0934601     0.066331    0.0393601    0.0168395            0
           0            0            0            0            0            0            0            0            0            0            0            0            0            0            0            0
