           0            0            0            0            0            0            0            0            0            0            0            0            0            0            0            0
           0   -0.0051887  -0.00369852 -0.000236894   0.00431681   0.00908018    0.0132306    0.0160942    0.0172299    0.0164877    0.0140304    0.0103119   0.00601867   0.00198685 -0.000883282            0
           0   -0.0040622   0.00968267    0.0316383    0.0580915    0.0848046     0.107601     0.122966     0.128561     0.123575      0.10884    0.0867133    0.0607301     0.035084    0.0140259            0
           0  -0.00121937    0.0309053    0.0801782     0.138802     0.197677     0.247753     0.281378     0.293449     0.282185     0.249397     0.200212     0.142312    0.0847704    0.0367031            0
           0   0.00255399    0.0563897     0.137759     0.234098      0.33064     0.412641      0.46762     0.487244     0.468601     0.414641      0.33373     0.238388     0.143394    0.0635483            0
           0   0.00650478    0.0820739     0.195496      0.32946     0.463556     0.577375     0.653627     0.680765     0.654751     0.579667     0.467105     0.334405     0.202023    0.0904275            0
           0   0.00994663     0.103963     0.244554      0.41039     0.576285     0.717041     0.811297     0.844789     0.812525     0.719547     0.580174     0.415824      0.25176     0.113248            0
           0    0.0123234       0.1187     0.277466     0.464611     0.651757      0.81051     0.916793     0.954526     0.918079     0.813139     0.655843     0.470332     0.285079     0.128555            0
           0    0.0132733     0.124051     0.289255     0.483927     0.678572     0.843669     0.954188     0.993411     0.955485      0.84632     0.682694     0.489707     0.296958     0.134047            0
           0    0.0126743     0.119241     0.278179     0.465472     0.652738     0.811575     0.917905     0.955644     0.919161     0.814143     0.656731     0.471072     0.285643     0.128922            0
           0     0.010661     0.105064     0.246005     0.412144     0.578282     0.719212     0.813565      0.84707     0.814731     0.721595     0.581986     0.417333     0.252909     0.113995            0
           0   0.00760879    0.0837741     0.197736     0.332168     0.466643     0.580736      0.65714       0.6843     0.658171     0.582841     0.469912     0.336741     0.203802    0.0915856            0
           0   0.00408874    0.0587494     0.140866     0.237856     0.334929     0.417318     0.472516     0.492173     0.473372     0.419067     0.337642     0.241642     0.145873    0.0651626            0
           0  0.000806616    0.0340077    0.0842551     0.143735     0.203322     0.253924     0.287851     0.299975     0.288503     0.255253     0.205381     0.146605    0.0880413    0.0388388            0
           0  -0.00145377    0.0136371     0.036812    0.0643581    0.0919995     0.115499     0.131279     0.136957     0.131702     0.116361    0.0933356     0.066219    0.0392666    0.0167723            0
           0            0            0            0            0            0            0            0            0            0            0            0            0            0            0            0
