           0            0            0            0            0            0            0            0            0            0            0            0            0            0            0            0
           0  -0.00449836  -0.00272469   0.00092572   0.00558449    0.0103881    0.0145356    0.0173722    0.0184704    0.0176861    0.0151785      0.01139   0.00699015   0.00279587 -0.000307851            0
           0  -0.00289036    0.0113394    0.0336323    0.0602927    0.0871094     0.109935     0.125279     0.130824     0.125764     0.110928    0.0886583    0.0624654    0.0365176    0.0150422            0
           0  0.000480268    0.0333028    0.0830725     0.142017     0.201072     0.251221     0.284841     0.296852     0.285483     0.252537     0.203126     0.144901    0.0869047    0.0382193            0
           0   0.00478803    0.0595308     0.141553     0.238328     0.335127     0.417247     0.472241       0.4918     0.473021     0.418848     0.337628     0.241848     0.146246    0.0655806            0
           0   0.00922769    0.0858905     0.200105     0.334607      0.46903     0.583012     0.659297     0.686367     0.660191     0.584846     0.471902     0.338661     0.205534    0.0929374            0
           0    0.0130589     0.108315     0.249806     0.416258     0.582535     0.723487     0.817793     0.851215     0.818769     0.725494     0.585682     0.420713     0.255797     0.116141            0
           0    0.0156795     0.123384     0.283116     0.470923     0.658484     0.817453     0.923795     0.961456     0.924819     0.819559     0.661791     0.475614     0.289445     0.131689            0
           0    0.0166968     0.128824     0.295008     0.490352     0.685418     0.850735     0.961316      1.00047     0.962348      0.85286     0.688756     0.495093     0.301414      0.13725            0
           0    0.0159789     0.123846     0.283726     0.471662     0.659328     0.818373     0.924758     0.962427     0.925759     0.820432     0.662564     0.476258     0.289936     0.132009            0
           0    0.0136723     0.109261     0.251056     0.417773     0.584266     0.725376     0.819771     0.853208     0.820701     0.727288      0.58727     0.422034     0.256804     0.116797            0
           0    0.0101842    0.0873651     0.202053      0.33697     0.471734     0.585966     0.662396     0.689491     0.663218     0.587657     0.474388     0.340729     0.207109    0.0939626            0
           0   0.00613232    0.0616004     0.144287     0.241648     0.338934     0.421415     0.476619     0.496218     0.477303     0.422821     0.341138     0.244764     0.148465    0.0670261            0
           0   0.00227485    0.0360557    0.0867041     0.146435     0.206153     0.256802     0.290719     0.302793     0.291239     0.257872     0.207829       0.1488    0.0898701    0.0401544            0
           0 -0.000556256    0.0148846    0.0382934    0.0659751    0.0936771     0.117186     0.132946     0.138587     0.133284     0.117882    0.0947664    0.0675126    0.0403522     0.017557            0
           0            0            0            0            0            0            0            0            0            0            0            0            0            0            0            0
