           0            0            0            0            0            0            0            0            0            0            0            0            0            0            0            0
           0  -0.00598812  -0.00481375  -0.00154931   0.00290872   0.00765021    0.0118224     0.014725    0.0158994    0.0151898    0.0127657   0.00909877   0.00490171   0.00103856   -0.0015679            0
           0  -0.00547981   0.00765101    0.0291532    0.0552974    0.0818213     0.104522     0.119861     0.125487     0.120582     0.105985    0.0840714    0.0583972    0.0331821    0.0126971            0
           0  -0.00335191     0.027804    0.0763001     0.134328     0.192775     0.242576     0.276069     0.288146     0.277026     0.244521      0.19577     0.138465    0.0816949    0.0345872            0
           0 -0.000330039      0.05216       0.1324     0.227823      0.32366     0.405176     0.459896     0.479494     0.461061     0.407548      0.32732     0.232895     0.139048    0.0605814            0
           0   0.00291356    0.0767809     0.188737     0.321472     0.454594     0.567719     0.643584     0.670661     0.644921     0.570444     0.458807     0.327333      0.19646    0.0866474            0
           0   0.00577748    0.0978009     0.236648     0.400996     0.565691     0.705577     0.799338     0.832738       0.8008     0.708561     0.570316      0.40745     0.245194     0.108797            0
           0    0.0077794     0.111973     0.268815     0.454302     0.640099     0.797866      0.90358     0.941201     0.905115     0.800999     0.644963     0.461106     0.277857     0.123665            0
           0   0.00860747     0.117141      0.28036     0.473319     0.666564     0.830636     0.940561     0.979664     0.942109     0.833797     0.671476     0.480198     0.289519     0.129012            0
           0   0.00815787     0.112556     0.269581     0.455224     0.641147     0.799002     0.904764     0.942388     0.906263     0.802065     0.645907     0.461892     0.278457     0.124056            0
           0   0.00654865    0.0989871     0.238207     0.402875     0.567824     0.707891     0.801749     0.835159     0.803141     0.710734      0.57224     0.409053     0.246417     0.109593            0
           0   0.00410682    0.0786144     0.191145     0.324374     0.457889     0.571296     0.647314     0.674408     0.648544     0.573807     0.461785     0.329815     0.198353    0.0878808            0
           0   0.00133234    0.0547091     0.135744     0.231849     0.328236     0.410148     0.465085      0.48471     0.466107     0.412232     0.331467      0.23635     0.141685    0.0623019            0
           0  -0.00115023    0.0311646    0.0806951     0.139617     0.198792     0.249124     0.282915     0.295035     0.283692     0.250707     0.201242     0.143024    0.0851785    0.0368666            0
           0  -0.00263154     0.011953    0.0347464    0.0620222    0.0894869     0.112886     0.128628     0.134321     0.129132     0.113913    0.0910748    0.0642279    0.0376452    0.0156366            0
           0            0            0            0            0            0            0            0            0            0            0            0            0            0            0            0
