           0            0            0            0            0            0            0            0            0            0            0            0            0            0            0            0
           0  -0.00557725  -0.00423915 -0.000871753   0.00363699   0.00839107    0.0125531    0.0154365    0.0165913    0.0158649    0.0134231   0.00972872   0.00548089   0.00152938  -0.00121436            0
           0  -0.00474585   0.00871267    0.0304643    0.0567859    0.0834251      0.10619     0.121552     0.127166     0.122216     0.107539    0.0855005    0.0596493    0.0341939    0.0133974            0
           0  -0.00224214    0.0294399     0.078374     0.136752     0.195463     0.245441     0.279026     0.291109     0.279907     0.247232     0.198222     0.140567    0.0833563    0.0357157            0
           0   0.00117608    0.0544051     0.135291     0.231259     0.327531     0.409359     0.464252     0.483878     0.465323      0.41154     0.330899     0.235929     0.141417    0.0621755            0
           0   0.00479345     0.079602     0.192403     0.325875       0.4596     0.573169      0.64929      0.67642     0.650518     0.575672     0.463473     0.331265      0.19951    0.0886877            0
           0   0.00796331     0.101094     0.240951     0.406195     0.571635     0.712076     0.806164     0.839637     0.807506     0.714815     0.575882     0.412124     0.248807     0.111206            0
           0    0.0101641     0.115574     0.273534     0.460021     0.646657     0.805053     0.911141     0.948848     0.912549     0.807927     0.651121     0.466267     0.281839     0.126316            0
           0    0.0110572     0.120843     0.285216      0.47921     0.673326     0.838052     0.948368     0.987562     0.949787     0.840952     0.677832     0.485523     0.293625     0.131744            0
           0    0.0105292     0.116136     0.274274     0.460914     0.647672     0.806155     0.912291     0.950003     0.913665     0.808964     0.652039     0.467032     0.282422     0.126695            0
           0   0.00870692     0.102239     0.242458     0.408013     0.573703     0.714322     0.808507     0.841991     0.809783     0.716929     0.577753     0.413682     0.249995     0.111979            0
           0   0.00594309    0.0813706      0.19473     0.328683     0.462795     0.576642     0.652917     0.680065     0.654045     0.578945     0.466369     0.333677     0.201349    0.0898848            0
           0   0.00277558    0.0568611     0.138518     0.235154     0.331969     0.414188     0.469301     0.488957     0.470238       0.4161     0.334933     0.239287     0.143978    0.0638444            0
           0  -0.00012784    0.0326725     0.082612     0.141867     0.201298     0.251806     0.285693     0.297823     0.286405     0.253259     0.203547     0.144997     0.086736    0.0379246            0
           0  -0.00201807    0.0128406    0.0358485    0.0632838    0.0908593     0.114326     0.130099     0.135788     0.130562     0.115269    0.0923178    0.0653121    0.0385184    0.0162411            0
           0            0            0            0            0            0            0            0            0            0            0            0            0            0            0            0
