           0            0            0            0            0            0            0            0            0            0            0            0            0            0            0            0
           0  -0.00607713  -0.00493891  -0.00169766   0.00274843   0.00748631    0.0116599    0.0145663    0.0157448     0.015039    0.0126191    0.0089589   0.00477372  0.000930663  -0.00164519            0
           0  -0.00564011   0.00741581    0.0288585    0.0549582     0.081451     0.104132     0.119463      0.12509     0.120196     0.105621    0.0837389    0.0581092    0.0329523    0.0125402            0
           0  -0.00359558    0.0274377    0.0758269     0.133765     0.192141     0.241892     0.275357     0.287431     0.276331     0.243871     0.195188     0.137972    0.0813111     0.034331            0
           0 -0.000661863    0.0516539     0.131734     0.227016     0.322736     0.404166     0.458835     0.478423     0.460021     0.406579      0.32646     0.232175     0.138495    0.0602168            0
           0   0.00249847    0.0761421     0.187887     0.320432      0.45339     0.566394     0.642185     0.669245     0.643545     0.569166     0.457678     0.326395     0.195745    0.0861785            0
           0   0.00529416    0.0970532     0.235647     0.399762     0.564256     0.703989     0.797657     0.831034     0.799145     0.707026     0.568963     0.406329     0.244343     0.108241            0
           0   0.00725169     0.111155     0.267715     0.452941     0.638512     0.796106     0.901714     0.939307     0.903276     0.799295     0.643463     0.459866     0.276918     0.123053            0
           0   0.00806518     0.116299     0.279227     0.471915     0.664926     0.828818     0.938633     0.977706     0.940208     0.832036     0.669926     0.478918      0.28855     0.128381            0
           0   0.00763296     0.111741     0.268486      0.45387     0.639566     0.797248     0.902905     0.940502     0.904431     0.800367     0.644412     0.460657     0.277521     0.123446            0
           0   0.00607112     0.098248     0.237217     0.401653     0.566403     0.706317     0.800082     0.833469     0.801499     0.709211     0.570898     0.407942     0.245573     0.109042            0
           0   0.00370091    0.0779894     0.190313     0.323352     0.456707     0.569992     0.645936     0.673012     0.647189     0.572548     0.460673     0.328891     0.197649    0.0874194            0
           0    0.0010138    0.0542226     0.135102     0.231069     0.327342     0.409167     0.464054     0.483667     0.465094     0.411289      0.33063      0.23565     0.141148    0.0619481            0
           0  -0.00137536    0.0308254    0.0802549     0.139091     0.198197     0.248478     0.282241     0.294356     0.283032     0.250089      0.20069     0.142558    0.0848165    0.0366252            0
           0  -0.00276615    0.0117548     0.034496    0.0617308    0.0891652     0.112544     0.128276     0.133968     0.128789     0.113589    0.0907811    0.0639751    0.0374447    0.0154999            0
           0            0            0            0            0            0            0            0            0            0            0            0            0            0            0            0
