           0            0            0            0            0            0            0            0            0            0            0            0            0            0            0            0
           0  -0.00788509  -0.00755653  -0.00488668 -0.000792231   0.00376892   0.00788802     0.010815    0.0120577    0.0114493   0.00917226   0.00573315   0.00189312  -0.00143352  -0.00329049            0
           0  -0.00900884   0.00214386    0.0218429    0.0464253    0.0716874    0.0934787     0.108305     0.113845     0.109292    0.0954776    0.0747503    0.0506244    0.0272627   0.00886494            0
           0  -0.00882209    0.0188909    0.0639357     0.118703     0.174312      0.22193     0.254093      0.26583     0.255407     0.224596     0.178408      0.12434    0.0712517    0.0280354            0
           0  -0.00786957    0.0395535     0.114474     0.204681     0.295846     0.373685     0.426108     0.445054     0.427712     0.376946     0.300871     0.211628     0.123551    0.0510142            0
           0  -0.00658899    0.0606382     0.165445     0.291036     0.417666     0.525625     0.598226     0.624337     0.600072     0.529383     0.423472     0.299098     0.176049    0.0741578            0
           0  -0.00533813    0.0787366     0.208902     0.364484     0.521154     0.654615     0.744293     0.776458     0.746317     0.658741     0.527544     0.373392     0.220683    0.0938744            0
           0   -0.0043888    0.0909945     0.238141     0.413785     0.590537      0.74104     0.842125     0.878329     0.844252     0.745382     0.597273     0.423199      0.25064     0.107139            0
           0  -0.00391035    0.0955201     0.248696     0.431439     0.615284     0.771799     0.876903     0.914525     0.879051     0.776186     0.622096     0.440972     0.261376     0.111939            0
           0  -0.00395517    0.0916592     0.239011     0.414827     0.591712     0.742307     0.843439     0.879645     0.845522     0.746561     0.598318     0.424072     0.251307     0.107574            0
           0  -0.00445263    0.0800928     0.210675     0.366606     0.523547     0.657195     0.746969     0.779137     0.748903     0.661143     0.529675     0.375171     0.222044     0.094762            0
           0  -0.00521345    0.0627415     0.168189     0.294316     0.421363      0.52961      0.60236     0.628476     0.604069     0.533096     0.426767     0.301853     0.178158    0.0755354            0
           0  -0.00594172    0.0424922     0.118297     0.209241     0.300981     0.379216     0.431846       0.4508     0.433265     0.382108     0.305456     0.215466     0.126495    0.0529415            0
           0  -0.00624679    0.0227943    0.0689879      0.12471     0.181065     0.229201     0.261638     0.273388     0.262715     0.231395     0.184454     0.129411    0.0751537    0.0306013            0
           0  -0.00563781   0.00719476    0.0283227    0.0540926    0.0802904      0.10274      0.11792     0.123484     0.118618     0.104162     0.082483    0.0571282    0.0322921    0.0122003            0
           0            0            0            0            0            0            0            0            0            0            0            0            0            0            0            0
