           0            0            0            0            0            0            0            0            0            0            0            0            0            0            0            0
           0  -0.00301242 -0.000558886   0.00357116    0.0085265      0.01348    0.0176697    0.0204732    0.0214835    0.0205646    0.0178722    0.0138351    0.0091032   0.00447362  0.000820018            0
           0 -0.000600224    0.0146423    0.0376164    0.0646648    0.0916443     0.114478     0.129733     0.135129     0.129873     0.114787    0.0921868    0.0655466    0.0389939    0.0167285            0
           0   0.00346207    0.0375385    0.0880959     0.147429      0.20658     0.256641     0.290078      0.30187     0.290263      0.25705     0.207301     0.148604    0.0899339    0.0403229            0
           0   0.00833401    0.0644875     0.147324     0.244415     0.341184     0.423079     0.477773     0.497038     0.477999     0.423581      0.34207     0.245865     0.149604     0.067966            0
           0    0.0132022    0.0913639     0.206363      0.34107      0.47531     0.588914      0.66478     0.691487     0.665041     0.589495      0.47634     0.342763     0.209044    0.0954891            0
           0    0.0173186     0.114108     0.256327     0.422864     0.588812     0.729246     0.823026     0.856029     0.823315     0.729889     0.589955     0.424751     0.259331     0.118765            0
           0    0.0200726     0.129303     0.289699      0.47749     0.664608     0.822956     0.928696     0.965902     0.929001     0.823637     0.665822     0.479499      0.29291     0.134306            0
           0    0.0210651     0.134677     0.301466     0.496729     0.691289     0.855932     0.965875      1.00456     0.966185     0.856624     0.692523     0.498775     0.304742     0.139791            0
           0    0.0201628     0.129441      0.28988     0.477712     0.664865     0.823239     0.928995     0.966206     0.929297     0.823913     0.666066     0.479703     0.293067      0.13441            0
           0    0.0175183     0.114413      0.25673     0.423358     0.589384     0.729878     0.823695     0.856709     0.823976     0.730505     0.590501     0.425206      0.25968     0.118996            0
           0    0.0135527    0.0918987     0.207073     0.341941     0.476322     0.590036      0.66597     0.692697     0.666219     0.590591     0.477309     0.343569     0.209661    0.0958972            0
           0   0.00890359    0.0653572      0.14848      0.24584     0.342846     0.424929     0.479743     0.499043      0.47995     0.425392     0.343667      0.24719     0.150615    0.0686339            0
           0   0.00435432    0.0388976    0.0899053     0.149669     0.209209     0.259584     0.293223     0.305076     0.293382     0.259938     0.209837     0.150698    0.0915271    0.0413753            0
           0  0.000765367    0.0167022    0.0403571    0.0680794    0.0956857     0.119033     0.134624     0.140127      0.13473     0.119268    0.0961006    0.0687586     0.041427    0.0183396            0
           0            0            0            0            0            0            0            0            0            0            0            0            0            0            0            0
