           0            0            0            0            0            0            0            0            0            0            0            0            0            0            0            0
           0  -0.00538712  -0.00397451 -0.000561016   0.00396964   0.00872814    0.0128844     0.015758    0.0169035    0.0161695    0.0137203    0.0100142   0.00574434   0.00175356  -0.00105212            0
           0  -0.00440985   0.00919125    0.0310459    0.0574355    0.0841143     0.106897     0.122263     0.127869       0.1229     0.108193    0.0861086    0.0601893    0.0346369    0.0137089            0
           0  -0.00173782     0.030167     0.079275     0.137782     0.196583     0.246617     0.280226     0.292305     0.281071     0.248336     0.199233     0.141449    0.0840666    0.0362087            0
           0   0.00185711    0.0553936      0.13653     0.232696     0.329116     0.411041     0.465985     0.485613     0.467013     0.413134     0.332348      0.23718     0.142416     0.062864            0
           0   0.00564065    0.0808364     0.193961     0.327697     0.461626     0.575336     0.651534     0.678672     0.652711     0.577736     0.465341     0.332869     0.200785    0.0895628            0
           0   0.00894625      0.10253     0.242771     0.408333     0.574024     0.714642     0.808828     0.842316     0.810115     0.717268     0.578096      0.41402     0.250308     0.112235            0
           0     0.011235     0.117139     0.275523     0.462364     0.649281     0.807879      0.91408     0.951806     0.915429     0.810634     0.653561     0.468353     0.283488     0.127446            0
           0    0.0121567      0.12245      0.28726     0.481619     0.676028     0.840963     0.951397     0.990612     0.952757     0.843742     0.680346     0.487672     0.295323     0.132906            0
           0    0.0115935     0.117692      0.27625     0.463242     0.650281     0.808964     0.915213     0.952944     0.916529     0.811655     0.654465     0.469106     0.284062     0.127819            0
           0   0.00967623     0.103654     0.244252     0.410121     0.576059     0.716854     0.811137     0.844637     0.812359     0.719351      0.57994     0.415555     0.251478     0.112996            0
           0   0.00676887    0.0825729     0.196247     0.330459     0.464771     0.578757     0.655108     0.682266     0.656188     0.580964     0.468196     0.335246     0.202596    0.0907418            0
           0     0.003426    0.0578041     0.139701     0.236526     0.333484     0.415799     0.470963     0.490623     0.471861     0.417632     0.336325      0.24049     0.144938    0.0645073            0
           0  0.000334392    0.0333377    0.0834366     0.142812     0.202328      0.25289     0.286802     0.298932     0.287485     0.254283     0.204485     0.145815    0.0873951     0.038383            0
           0  -0.00173943     0.013236    0.0363295    0.0638233    0.0914352     0.114921       0.1307     0.136385     0.131143     0.115825     0.092834    0.0657697    0.0388939    0.0165062            0
           0            0            0            0            0            0            0            0            0            0            0            0            0            0            0            0
