          0           0           0           0           0           0           0           0           0           0           0           0           0           0           0           0
          0 -0.00826297 -0.00812805 -0.00561031 -0.00162497  0.00286551  0.00694564  0.00985902    0.011109   0.0105276  0.00829877  0.00493377  0.00119971 -0.00198369 -0.00365884           0
          0 -0.00974855 0.000883738   0.0200463   0.0441148   0.0689265   0.0903701    0.104984    0.110468    0.106024   0.0924772   0.0721536   0.0485356   0.0257457   0.0079402           0
          0   -0.010002   0.0167513   0.0607214    0.114394    0.168998    0.215812    0.247465    0.259047     0.24885    0.218624    0.173316    0.120333   0.0684247   0.0263706           0
          0 -0.00952357   0.0364439    0.109672    0.198111    0.287625    0.364124    0.415685    0.434361    0.417379    0.367566    0.292926    0.205437    0.119241   0.0485178           0
          0 -0.00869515   0.0565915    0.159097    0.282253    0.406589    0.512675    0.584065    0.609787    0.586013    0.516642    0.412717    0.290761    0.170285   0.0708497           0
          0 -0.00781712   0.0739111    0.201264    0.353849    0.507681    0.638818    0.726988    0.758665    0.729126    0.643177     0.51443    0.363253    0.213701   0.0898876           0
          0 -0.00711192   0.0856562    0.229651    0.401922    0.575475    0.723354    0.822732     0.85838     0.82498    0.727941    0.582591    0.411866     0.24285    0.102703           0
          0 -0.00671561   0.0900071    0.239913    0.419153    0.599673    0.753458    0.856786    0.893828    0.859056    0.758093     0.60687    0.429224    0.253307    0.107348           0
          0  -0.0066686   0.0863352    0.230538    0.402984    0.576672    0.724643    0.824068    0.859716     0.82627    0.729138    0.583653    0.412752    0.243528    0.103145           0
          0 -0.00691146    0.075297    0.203073    0.356011    0.510118    0.641442    0.729707    0.761385    0.731752    0.645615    0.516593    0.365061    0.215083   0.0907902           0
          0 -0.00728724   0.0587421    0.161899    0.285598    0.410353    0.516727    0.588263    0.613988     0.59007    0.520411    0.416063     0.29356    0.172429   0.0722509           0
          0  -0.0075481   0.0394518    0.113579    0.202763    0.292853    0.369746    0.421511     0.44019     0.42301    0.372802    0.297581    0.209337    0.122234   0.0504794           0
          0  -0.0073588   0.0207522   0.0658896    0.120524    0.175874      0.2232    0.255118    0.266709    0.256257    0.225517    0.179453    0.125488   0.0723961   0.0289848           0
          0 -0.00628105  0.00607141   0.0266847   0.0519458    0.077686    0.099775    0.114728    0.120227    0.115466    0.101276   0.0800013   0.0551496   0.0308706   0.0113436           0
          0           0           0           0           0           0           0           0           0           0           0           0           0           0           0           0
