           0            0            0            0            0            0            0            0            0            0            0            0            0            0            0            0
           0  -0.00553029  -0.00417374 -0.000794903    0.0037193    0.0084745    0.0126352    0.0155161    0.0166686    0.0159403    0.0134968   0.00979945   0.00554613   0.00158487  -0.00117423            0
           0  -0.00466263   0.00883161    0.0306094    0.0569485    0.0835982     0.106368     0.121732     0.127344     0.122389     0.107704    0.0856536    0.0597849    0.0343047    0.0134751            0
           0  -0.00211697    0.0296213    0.0785999     0.137012     0.195746      0.24574     0.279332     0.291414     0.280204     0.247513     0.198479      0.14079    0.0835351    0.0358392            0
           0   0.00134534    0.0546523     0.135602     0.231622     0.327934     0.409788     0.464696     0.484323     0.465756     0.411948     0.331269     0.236247      0.14167    0.0623484            0
           0   0.00500422    0.0799112     0.192796     0.326337     0.460117     0.573724     0.649867     0.676999     0.651083     0.576202     0.463951     0.331674     0.199833     0.088908            0
           0     0.008208     0.101454     0.241411     0.406739     0.572246     0.712735      0.80685     0.840328     0.808178     0.715446      0.57645     0.412608     0.249188     0.111465            0
           0    0.0104308     0.115967     0.274037     0.460617     0.647329     0.805779     0.911899     0.949612     0.913292     0.808624     0.651747       0.4668     0.282258     0.126601            0
           0     0.011331     0.121246     0.285733     0.479823     0.674018     0.838801      0.94915      0.98835     0.950554     0.841671     0.678478     0.486072     0.294056     0.132037            0
           0    0.0107943     0.116527     0.274774     0.461507      0.64834     0.806878     0.913044     0.950763     0.914405     0.809658     0.652662     0.467562     0.282838     0.126979            0
           0   0.00894832     0.102594     0.242911      0.40855     0.574306     0.714973     0.809185     0.842674     0.810448     0.717553     0.578314     0.414161     0.250371     0.112235            0
           0   0.00614868     0.081672     0.195113     0.329134       0.4633     0.577185     0.653481     0.680632     0.654597     0.579464     0.466837     0.334077     0.201665    0.0901007            0
           0   0.00293741    0.0570973     0.138816     0.235502     0.332355     0.414601     0.469728     0.489386     0.470655     0.416493     0.335289     0.239593     0.144221    0.0640112            0
           0 -1.29291e-05    0.0328388    0.0828193     0.142106      0.20156     0.252083     0.285977     0.298107     0.286682     0.253521     0.203786     0.145205    0.0869024    0.0380397            0
           0  -0.00194888    0.0129392     0.035969    0.0634196    0.0910048     0.114477     0.130252      0.13594      0.13071      0.11541    0.0924487    0.0654276    0.0386128    0.0163075            0
           0            0            0            0            0            0            0            0            0            0            0            0            0            0            0            0
