           0            0            0            0            0            0            0            0            0            0            0            0            0            0            0            0
           0  -0.00567025  -0.00436882  -0.00102423   0.00347356   0.00822527      0.01239     0.015278    0.0164373    0.0157146    0.0132766   0.00958805   0.00535122   0.00141919  -0.00129398            0
           0  -0.00491109   0.00847572    0.0301743    0.0564596    0.0830765      0.10583     0.121189     0.126807     0.121866     0.107205    0.0851915    0.0593765    0.0339716    0.0132422            0
           0  -0.00249109    0.0290774      0.07792     0.136228     0.194887     0.244833     0.278402     0.290485       0.2793     0.246659       0.1977     0.140116    0.0829957    0.0354679            0
           0  0.000839026      0.05391     0.134662     0.230521      0.32671     0.408479     0.463341     0.482964     0.464434     0.410703     0.330144     0.235283     0.140907    0.0618274            0
           0   0.00437341    0.0789817     0.191609     0.324935     0.458543     0.572029     0.648104     0.675225     0.649356     0.574582     0.462494     0.330431     0.198856    0.0882437            0
           0   0.00747541     0.100371     0.240022     0.405089     0.570385     0.710722     0.804749     0.838211     0.806119     0.713516     0.574717     0.411136     0.248034     0.110683            0
           0   0.00963209     0.114785     0.272516     0.458806      0.64528     0.803558     0.909577      0.94727     0.911013     0.806491     0.649835     0.465178     0.280988     0.125741            0
           0    0.0105108     0.120032      0.28417     0.477959     0.671908     0.836511     0.946755     0.985934     0.948203     0.839469     0.676506       0.4844     0.292748     0.131152            0
           0    0.0100003     0.115352     0.273263     0.459706     0.646303     0.804668     0.910735     0.948433     0.912138     0.807534     0.650759     0.465948     0.281575     0.126123            0
           0   0.00822542     0.101526     0.241541     0.406921     0.572468     0.712983     0.807108     0.840581     0.808411     0.715644     0.576601     0.412705      0.24923     0.111461            0
           0   0.00553317    0.0807654     0.193955     0.327765     0.461762     0.575526     0.651755     0.678894     0.652906     0.577877     0.465409      0.33286     0.200707    0.0894492            0
           0   0.00245306    0.0563875     0.137917     0.234447      0.33118     0.413341     0.468423     0.488075     0.469379     0.415293     0.334204     0.238663     0.143485    0.0635083            0
           0 -0.000356677    0.0323395    0.0821943     0.141383     0.200765     0.251241      0.28511      0.29724     0.285837     0.252723      0.20306     0.144576    0.0863995    0.0376932            0
           0   -0.0021557    0.0126436    0.0356066    0.0630099    0.0905643     0.114019     0.129787     0.135478     0.130259     0.114981    0.0920521    0.0650783    0.0383282     0.016108            0
           0            0            0            0            0            0            0            0            0            0            0            0            0            0            0            0
