           0            0            0            0            0            0            0            0            0            0            0            0            0            0            0            0
           0  -0.00676384  -0.00591472  -0.00286587   0.00147351   0.00616968    0.0103434    0.0132711    0.0144785    0.0138048    0.0114253   0.00782807   0.00374849  7.49662e-05  -0.00225164            0
           0   -0.0068926   0.00553322    0.0264438     0.052116    0.0782873     0.100753     0.115973     0.121596     0.116802     0.102434     0.080868    0.0556631    0.0310394    0.0112628            0
           0  -0.00551426    0.0244591    0.0718623     0.128923     0.186571     0.235783     0.268934     0.280943     0.270036     0.238021     0.190013      0.13367    0.0780389    0.0322041            0
           0  -0.00328743    0.0474979     0.126083     0.219972     0.314492     0.395004     0.449116     0.468564      0.45046     0.397737     0.318707     0.225806     0.133718    0.0571556            0
           0 -0.000795997    0.0708645     0.180618     0.311265     0.442555     0.554262     0.629254     0.656098     0.630797     0.557406     0.447415      0.31802     0.189512    0.0822157            0
           0   0.00145092    0.0908519      0.22704     0.388833     0.551265     0.689383     0.782045     0.815141     0.783735      0.69283     0.556607     0.396283       0.2369      0.10353            0
           0   0.00305093      0.10435     0.258232     0.440855     0.624102     0.779868     0.884334     0.921601     0.886109     0.783491     0.629726     0.448718     0.268677      0.11785            0
           0   0.00374638     0.109294     0.269451      0.45944     0.650036     0.812025      0.92065     0.959382     0.922441     0.815684     0.655719     0.467396     0.280039     0.123011            0
           0   0.00345307     0.104968     0.259043     0.441829     0.625206     0.781061     0.885575     0.922845     0.887311     0.784607     0.630715     0.449543     0.269307     0.118259            0
           0   0.00227107    0.0921111     0.228691     0.390817     0.553512     0.691813     0.784574     0.817676     0.786185     0.695104     0.558622     0.397964     0.238183     0.104366            0
           0  0.000475158    0.0728137     0.183171      0.31433     0.446026     0.558018     0.633162     0.660018     0.634587     0.560925     0.450534     0.320622       0.1915    0.0835122            0
           0  -0.00151203    0.0502134     0.129632      0.22423     0.319312     0.400221     0.454549     0.474016     0.455732     0.402634     0.323047      0.22943      0.13649    0.0589664            0
           0  -0.00315429    0.0280505    0.0765386     0.134522     0.192909      0.24265     0.276091     0.288131      0.27699     0.244481      0.19574     0.138454    0.0817053    0.0346081            0
           0  -0.00382412    0.0101519    0.0324146    0.0592464    0.0863616     0.109514      0.12512     0.130793     0.125703     0.110701     0.088195    0.0617891    0.0357486    0.0143733            0
           0            0            0            0            0            0            0            0            0            0            0            0            0            0            0            0
