          0           0           0           0           0           0           0           0           0           0           0           0           0           0           0           0
          0 -0.00620929 -0.00512528 -0.00191914  0.00250849   0.0072403   0.0114156   0.0143271   0.0155115   0.0148115   0.0123983  0.00874859  0.00458176 0.000769268 -0.00176046           0
          0 -0.00587898  0.00706301   0.0284136   0.0544427   0.0808852    0.103535    0.118851    0.124479    0.119602     0.10506   0.0832294   0.0576698   0.0326039   0.0123038           0
          0 -0.00395947   0.0268858   0.0751077    0.132903    0.191164    0.240833    0.274252    0.286318    0.275251    0.242862    0.194287    0.137213    0.080725   0.0339427           0
          0 -0.00115809   0.0508892    0.130719    0.225775    0.321306    0.402595     0.45718    0.476749    0.458396    0.405069    0.325124    0.231063    0.137647   0.0596623           0
          0  0.00187717   0.0751753    0.186588    0.318826    0.451522    0.564325    0.639995    0.667025    0.641391    0.567169     0.45592    0.324941    0.194645   0.0854639           0
          0  0.00457035   0.0959202    0.234114    0.397855    0.562025    0.701508    0.795023     0.82836     0.79655    0.704623    0.566853    0.404592    0.243034    0.107394           0
          0  0.00646114    0.109913    0.266029    0.450837    0.636042    0.793353    0.898787    0.936333     0.90039    0.796625    0.641122    0.457942    0.275471    0.122119           0
          0  0.00725267    0.115022    0.277491    0.469745    0.662376    0.825973    0.935606    0.974631    0.937223    0.829275    0.667507    0.476931    0.287056    0.127417           0
          0  0.00684652    0.110506    0.266808    0.451774    0.637106    0.794505    0.899987    0.937538    0.901554    0.797706    0.642079    0.458739    0.276079    0.122515           0
          0  0.00535579   0.0971277      0.2357    0.399765    0.564191    0.703856    0.797468    0.830814    0.798923    0.706826    0.568804    0.406218    0.244274    0.108202           0
          0  0.00309311   0.0770425    0.189039    0.321776     0.45487    0.567955    0.643778    0.670823    0.645063    0.570578     0.45894    0.327459    0.196566   0.0867159           0
          0  0.00053712   0.0534867    0.134122    0.229868    0.325954    0.407638    0.462441    0.482035    0.463509    0.409816    0.329328    0.234568    0.140324   0.0614093           0
          0 -0.00171192   0.0303134   0.0795846    0.138282    0.197276    0.247475    0.281191    0.293296    0.282002    0.249128    0.199834    0.141839   0.0842623   0.0362586           0
          0 -0.00296709   0.0114566   0.0341164   0.0612858   0.0886707    0.112016     0.12773    0.133421    0.128256    0.113088   0.0903283   0.0635873    0.037139   0.0152932           0
          0           0           0           0           0           0           0           0           0           0           0           0           0           0           0           0
