           0            0            0            0            0            0            0            0            0            0            0            0            0            0            0            0
           0  -0.00479589   -0.0031487  0.000414047   0.00502056   0.00980062    0.0139451    0.0167918    0.0179077     0.017146    0.0146666    0.0109158    0.0065691   0.00245015 -0.000550698            0
           0  -0.00338648    0.0106342    0.0327801    0.0593492    0.0861201     0.108933     0.124289      0.12986     0.124837      0.11005    0.0878461    0.0617459    0.0359271    0.0146261            0
           0 -0.000226968    0.0323037    0.0818671     0.140682     0.199668     0.249794     0.283425     0.295469      0.28415     0.251274     0.201958     0.143865    0.0860516    0.0376139            0
           0   0.00387222     0.058245     0.140007     0.236616     0.333325     0.415414     0.470418     0.490015     0.471299     0.417213     0.336113     0.240501     0.145133    0.0647851            0
           0   0.00812497    0.0843508     0.198259     0.332565     0.466882     0.580825     0.657121     0.684234     0.658129     0.582886     0.470082     0.337039     0.204188      0.09197            0
           0    0.0118104     0.106579      0.24773     0.413966     0.580126     0.721034      0.81535     0.848819     0.816452     0.723287      0.58363      0.41888     0.254271     0.115039            0
           0    0.0143426     0.121531     0.280905     0.468485     0.655923     0.814848       0.9212     0.958911     0.922354      0.81721     0.659604     0.473656     0.287811     0.130505            0
           0    0.0153395     0.126947      0.29277     0.487888     0.682833     0.848107     0.958699       0.9979     0.959862     0.850488     0.686546     0.493112     0.299758     0.136047            0
           0    0.0146722     0.122039     0.281576     0.469296     0.656848     0.815855     0.922253      0.95997     0.923379     0.818162     0.660446     0.474357     0.288345     0.130853            0
           0    0.0124824     0.107616     0.249098     0.415621     0.582014     0.723091     0.817501     0.850984     0.818547     0.725232     0.585351     0.420312     0.255362     0.115748            0
           0   0.00916533    0.0859544     0.200375     0.335128     0.469809     0.584017     0.660462     0.687599     0.661387     0.585909     0.472756     0.339263     0.205882    0.0930716            0
           0   0.00532139    0.0604755     0.142949     0.240182     0.337405     0.419872     0.475091     0.494726      0.47586     0.421444     0.339851     0.243607     0.147497    0.0663246            0
           0   0.00168952    0.0352422    0.0857374     0.145378     0.205056     0.255699     0.289632     0.301734     0.290217     0.256895     0.206915     0.147977    0.0891807    0.0396556            0
           0 -0.000916072    0.0143848    0.0377013    0.0653317    0.0930137     0.116524     0.132297     0.137957     0.132677     0.117301    0.0942203    0.0670188    0.0399372    0.0172564            0
           0            0            0            0            0            0            0            0            0            0            0            0            0            0            0            0
