           0            0            0            0            0            0            0            0            0            0            0            0            0            0            0            0
           0   -0.0079206  -0.00760975  -0.00495358 -0.000868691   0.00368647   0.00780243    0.0107285     0.011972     0.011366   0.00909313   0.00566045   0.00182972  -0.00148414  -0.00332462            0
           0  -0.00907766    0.0020285    0.0216805    0.0462183    0.0714417    0.0932035     0.108012     0.113547     0.109004    0.0952125    0.0745201    0.0504382    0.0271265   0.00878105            0
           0  -0.00893127    0.0186967    0.0636477      0.11832     0.173843     0.221392     0.253512     0.265236     0.254833     0.224072      0.17796     0.123985        0.071    0.0278857            0
           0  -0.00802215    0.0392725     0.114046       0.2041     0.295124     0.372847     0.425197     0.444121      0.42681     0.376126     0.300175     0.211082     0.123169    0.0507906            0
           0  -0.00678292    0.0602735      0.16488     0.290261     0.416694     0.524493     0.596991     0.623069     0.598846      0.52827      0.42253     0.298365     0.175539    0.0738622            0
           0  -0.00556613    0.0783023     0.208224     0.363548     0.519973     0.653235     0.742785     0.774909     0.744819     0.657384     0.526397     0.372501     0.220066    0.0935186            0
           0   -0.0046391    0.0905144     0.237388     0.412741     0.589218     0.739496     0.840435     0.876593     0.842574     0.743861      0.59599     0.422204     0.249952     0.106743            0
           0  -0.00416814    0.0950245     0.247917     0.430358     0.613918     0.770199     0.875151     0.912724     0.877311     0.774609     0.620766     0.439941     0.260664      0.11153            0
           0  -0.00420453    0.0911805     0.238259     0.413784     0.590395     0.740766     0.841752      0.87791     0.843846     0.745042     0.597037     0.423078      0.25062     0.107179            0
           0  -0.00467869    0.0796613         0.21     0.365673     0.522371      0.65582     0.745465     0.777592      0.74741     0.659789     0.528531     0.374284     0.221429    0.0944077            0
           0  -0.00540426    0.0623813      0.16763     0.293548     0.420398     0.528485     0.601131     0.627214     0.602849     0.531989     0.425831     0.301124     0.177651    0.0752421            0
           0  -0.00608973    0.0422178     0.117877     0.208669     0.300268     0.378388     0.430944     0.449875      0.43237     0.381295     0.304766     0.214926     0.126118    0.0527213            0
           0  -0.00634947    0.0226094     0.068711     0.124339     0.180608     0.228675     0.261068     0.272805     0.262151     0.230881     0.184015     0.129065    0.0749088    0.0304563            0
           0  -0.00569742   0.00709248    0.0281754    0.0539014      0.08006     0.102479      0.11764     0.123198     0.118342     0.103908    0.0822641    0.0569528    0.0321652     0.012123            0
           0            0            0            0            0            0            0            0            0            0            0            0            0            0            0            0
