          0           0           0           0           0           0           0           0           0           0           0           0           0           0           0           0
          0 -0.00819636 -0.00802647 -0.00548079   -0.001475   0.0030291  0.00711705   0.0100335   0.0112824   0.0106959  0.00845801  0.00507898  0.00132508 -0.00188479 -0.00359307           0
          0 -0.00961695  0.00111129   0.0203743   0.0445402   0.0694379   0.0909484    0.105604    0.111099    0.106634   0.0930363    0.072636   0.0489218   0.0260243  0.00810858           0
          0 -0.00979102   0.0171406    0.061313    0.115193    0.169989    0.216957    0.248708    0.260321    0.250081    0.219743    0.174268    0.121079    0.068948   0.0266761           0
          0 -0.00922697   0.0370119     0.11056    0.199334    0.289164    0.365919    0.417646    0.436374    0.419323    0.369329    0.294416    0.206593    0.120041   0.0489775           0
          0 -0.00831682   0.0573325    0.160273    0.283892    0.408665     0.51511    0.586732    0.612529    0.588662     0.51904    0.414737    0.292321    0.171358   0.0714601           0
          0 -0.00737136   0.0747959    0.202681    0.355835    0.510209    0.641791     0.73025    0.762021    0.732367    0.646108    0.516895    0.365152    0.215001   0.0906242           0
          0 -0.00662198   0.0866358    0.231227     0.40414    0.578303    0.726684    0.826389    0.862144    0.828615    0.731227    0.585352    0.413989    0.244302    0.103523           0
          0 -0.00621077   0.0910191    0.241544     0.42145    0.602605    0.756912     0.86058    0.897734    0.862829    0.761503    0.609734    0.431426    0.254811    0.108197           0
          0 -0.00618032   0.0873124    0.232111    0.405198    0.579496    0.727969    0.827721    0.863477    0.829902    0.732422    0.586411    0.414874    0.244978    0.103964           0
          0 -0.00646916   0.0761768    0.204484    0.357991    0.512638    0.644408    0.732962    0.764734    0.734987    0.648541    0.519052    0.366955    0.216381   0.0915242           0
          0 -0.00691448    0.059475    0.163065    0.287226    0.412419     0.51915     0.59092     0.61672    0.592709      0.5228    0.418074    0.295113    0.173496   0.0728574           0
          0 -0.00725972   0.0400079    0.114452     0.20397    0.294376    0.371526    0.423456    0.442189    0.424942    0.374553    0.299059    0.210483    0.123027   0.0509333           0
          0 -0.00715957   0.0211247   0.0664613    0.121303    0.176844    0.224326    0.256344    0.267965    0.257471    0.226621     0.18039     0.12622   0.0729076    0.029282           0
          0  -0.0061662  0.00627527   0.0269853   0.0523431   0.0781708    0.100329    0.115326    0.120838    0.116057    0.101816   0.0804645   0.0555172    0.031133   0.0115003           0
          0           0           0           0           0           0           0           0           0           0           0           0           0           0           0           0
