           0            0            0            0            0            0            0            0            0            0            0            0            0            0            0            0
           0  -0.00585318   -0.0046245  -0.00132555   0.00314986   0.00789616    0.0120656    0.0149622    0.0161303    0.0154151    0.0129848    0.0093083   0.00509388   0.00120099  -0.00145124            0
           0  -0.00523765   0.00800397    0.0295925       0.0558    0.0823666     0.105092     0.120442     0.126065     0.121144     0.106518    0.0845594    0.0588221    0.0335231    0.0129313            0
           0  -0.00298466    0.0283511     0.077001     0.135155       0.1937     0.243568     0.277098     0.289179      0.27803     0.245463     0.196618     0.139186    0.0822602    0.0349675            0
           0  0.000169351    0.0529138     0.133382     0.229003     0.325002     0.406636     0.461422     0.481033     0.462557     0.408945     0.328566     0.233943     0.139858     0.061121            0
           0   0.00353768    0.0777304     0.189986      0.32299     0.456336     0.569629     0.645592     0.672692     0.646893      0.57228     0.460437     0.328696     0.197508      0.08734            0
           0   0.00650376    0.0989111     0.238118     0.402793     0.567764      0.70786     0.801746     0.835177     0.803169     0.710763     0.572265     0.409074     0.246437     0.109616            0
           0   0.00857212     0.113188     0.270429     0.456281      0.64239     0.800394     0.906252     0.943908     0.907744     0.803442     0.647123     0.462902     0.279229     0.124567            0
           0   0.00942199     0.118391     0.282022     0.475358     0.668928     0.833246     0.943321     0.982461     0.944826     0.836322     0.673706     0.482052     0.290934     0.129942            0
           0    0.0089463     0.113764     0.271187     0.457194     0.643427     0.801519     0.907424     0.945085     0.908883     0.804499     0.648058     0.463681     0.279823     0.124954            0
           0   0.00726606     0.100084      0.23966     0.404652     0.569877     0.710152     0.804135     0.837576     0.805489     0.712917     0.574172     0.410663     0.247649     0.110405            0
           0   0.00471688     0.079543     0.192369     0.325862     0.459599     0.573172     0.649289     0.676406     0.650486     0.575615     0.463389     0.331156     0.199383    0.0885617            0
           0   0.00181141    0.0554328     0.136688     0.232987     0.329533     0.411561     0.466567     0.486206     0.467561     0.413589     0.332676     0.237367     0.142471     0.062825            0
           0 -0.000811305    0.0316703    0.0813452     0.140388     0.199659     0.250058     0.283887     0.296012     0.284642     0.251598     0.202043     0.143704    0.0857104    0.0372242            0
           0  -0.00242857    0.0122494    0.0351179    0.0624514    0.0899577     0.113383     0.129138     0.134831     0.129629     0.114383     0.091503    0.0645988    0.0379415    0.0158398            0
           0            0            0            0            0            0            0            0            0            0            0            0            0            0            0            0
