           0            0            0            0            0            0            0            0            0            0            0            0            0            0            0            0
           0  -0.00759312  -0.00712204  -0.00434418 -0.000175779   0.00443016   0.00857134    0.0115036    0.0127389    0.0121116   0.00980263   0.00631439   0.00240232  -0.00102472  -0.00301299            0
           0  -0.00844763   0.00307155    0.0231352    0.0480574    0.0736113    0.0956244     0.110584     0.116156     0.111529    0.0975401     0.076548     0.052086    0.0283396   0.00953396            0
           0  -0.00793582    0.0204416    0.0662076     0.121695     0.177957     0.226092     0.258581     0.270412     0.259839     0.228646     0.181881     0.127099    0.0732256    0.0292203            0
           0  -0.00663438    0.0417876     0.117837     0.209205     0.301443     0.380145      0.43312     0.452236     0.434656     0.383269     0.306256      0.21586     0.126537    0.0527767            0
           0  -0.00502162    0.0635309     0.169868     0.297055     0.425176     0.534344     0.607723      0.63408      0.60949     0.537941     0.430734     0.304775     0.180025    0.0764828            0
           0  -0.00349718    0.0821755     0.214209     0.371755     0.530267     0.665229     0.755877     0.788352     0.757813     0.669178     0.536383      0.38028     0.225487    0.0966691            0
           0   -0.0023689    0.0947926     0.244031     0.421883     0.600712     0.752911     0.855093      0.89165     0.857128     0.757064     0.607156      0.43089     0.255992     0.110244            0
           0   -0.0018305    0.0994401     0.254785     0.439821     0.625826     0.784105     0.890351     0.928341     0.892406     0.788301     0.632341      0.44894     0.266917     0.115151            0
           0  -0.00194311    0.0954457     0.244886     0.422907      0.60187      0.75416      0.85639     0.892949     0.858382     0.758229     0.608188     0.431751     0.256649     0.110673            0
           0  -0.00262798    0.0835075     0.215951     0.373842     0.532624     0.667773     0.758517     0.790996     0.760367     0.671549     0.538485     0.382035     0.226828    0.0975442            0
           0  -0.00367219    0.0655957     0.172565     0.300283     0.428818     0.538274     0.611803     0.638166     0.613437     0.541608     0.433987     0.307493     0.182104    0.0778406            0
           0  -0.00474479    0.0446705     0.121592      0.21369     0.306501     0.385601     0.438785     0.457912     0.440142     0.388367     0.310782     0.219646     0.129439    0.0546756            0
           0   -0.0054148    0.0242666    0.0711659     0.127601     0.184608     0.233266     0.266033     0.277882     0.267063     0.235364     0.187851     0.132101    0.0770701    0.0317466            0
           0  -0.00515327    0.0080133    0.0294873    0.0555915    0.0820849     0.104765     0.120088     0.125691     0.120756     0.106125    0.0841834     0.058498    0.0332904    0.0128138            0
           0            0            0            0            0            0            0            0            0            0            0            0            0            0            0            0
