           0            0            0            0            0            0            0            0            0            0            0            0            0            0            0            0
           0  -0.00603271  -0.00487643  -0.00162356   0.00282854   0.00756826    0.0117412    0.0146457    0.0158222    0.0151145    0.0126924   0.00902886   0.00483771  0.000984578  -0.00160659            0
           0  -0.00556007    0.0075334     0.029006    0.0551282    0.0816368     0.104328     0.119663      0.12529      0.12039     0.105804    0.0839059    0.0582537    0.0330675    0.0126187            0
           0  -0.00347386     0.027621    0.0760641     0.134047     0.192459     0.242236     0.275715     0.287791     0.276681     0.244198     0.195481      0.13822    0.0815037    0.0344593            0
           0 -0.000496055    0.0519074     0.132068     0.227421     0.323201     0.404675      0.45937     0.478963     0.460545     0.407068     0.326893     0.232537     0.138772    0.0603996            0
           0   0.00270592    0.0764621     0.188313     0.320955     0.453996     0.567062     0.642891     0.669959     0.644239      0.56981     0.458247     0.326867     0.196104    0.0864137            0
           0   0.00553574    0.0974278     0.236149     0.400383     0.564979      0.70479     0.798505     0.831894      0.79998       0.7078     0.569644     0.406893     0.244771      0.10852            0
           0   0.00751547     0.111565     0.268267     0.453625     0.639312     0.796993     0.902656     0.940263     0.904204     0.800155     0.644219      0.46049      0.27739      0.12336            0
           0   0.00833626     0.116721     0.279796     0.472621     0.665751     0.829735     0.939606     0.978695     0.941167     0.832924     0.670708     0.479563     0.289037     0.128698            0
           0   0.00789535     0.112149     0.269036     0.454551     0.640362     0.798133     0.903843     0.941454     0.905355     0.801224     0.645166     0.461279     0.277992     0.123752            0
           0   0.00630981    0.0986183     0.237714     0.402268     0.567119      0.70711     0.800923     0.834322     0.802327     0.709979     0.571574     0.408501     0.245997     0.109319            0
           0   0.00390379    0.0783025     0.190731     0.323866     0.457302     0.570649     0.646631     0.673716     0.647872     0.573183     0.461234     0.329356     0.198003    0.0876508            0
           0   0.00117299    0.0544662     0.135424     0.231461     0.327792     0.409661     0.464574     0.484193     0.465605     0.411765     0.331051     0.236002     0.141418    0.0621255            0
           0  -0.00126287    0.0309952    0.0804757     0.139355     0.198496     0.248803     0.282581     0.294698     0.283364       0.2504     0.200968     0.142792    0.0849983    0.0367462            0
           0  -0.00269891     0.011854    0.0346215    0.0618771    0.0893269     0.112716     0.128453     0.134146     0.128961     0.113752    0.0909288    0.0641021    0.0375453    0.0155684            0
           0            0            0            0            0            0            0            0            0            0            0            0            0            0            0            0
