           0            0            0            0            0            0            0            0            0            0            0            0            0            0            0            0
           0  -0.00692839  -0.00615152  -0.00315275   0.00115673   0.00583882    0.0100092    0.0129398    0.0141534    0.0134882    0.0111206   0.00754187    0.0034917 -0.000136904  -0.00239995            0
           0  -0.00719713   0.00506265    0.0258247    0.0513702    0.0774409    0.0998351     0.115016     0.120632     0.115868     0.101563     0.080092    0.0550127    0.0305408    0.0109375            0
           0  -0.00598487    0.0237019    0.0708227      0.12762     0.185041      0.23408     0.267127     0.279109      0.26826     0.236381     0.188579     0.132497    0.0771658    0.0316515            0
           0  -0.00393488    0.0464305     0.124582     0.218051     0.312197     0.392416     0.446347     0.465745     0.447729     0.395226      0.31653     0.224047     0.132428    0.0563515            0
           0   -0.0016111    0.0695005     0.178672     0.308744     0.439515     0.550811     0.625544     0.652313     0.627132     0.554044     0.444513     0.315689     0.187816    0.0811681            0
           0  0.000498102     0.089243     0.224726     0.385814     0.547603     0.685209     0.777548     0.810547     0.779287     0.688756     0.553098     0.393476     0.234866      0.10228            0
           0   0.00200829     0.102581     0.255675     0.437506      0.62003     0.775217     0.879316     0.916472     0.881143     0.778945     0.625816     0.445595      0.26642     0.116466            0
           0   0.00267395     0.107471     0.266813     0.455979     0.645824     0.807212     0.915454      0.95407     0.917297     0.810976     0.651671     0.464165     0.277706     0.121582            0
           0   0.00241526     0.103206     0.256495     0.438491     0.621145     0.776422     0.880569     0.917728     0.882356     0.780072     0.626814     0.446428     0.267055      0.11688            0
           0   0.00132827    0.0905171     0.226396     0.387819     0.549873     0.687663       0.7801     0.813105     0.781759      0.69105     0.555131     0.395172     0.236161     0.103124            0
           0  -0.00032398    0.0714733     0.181255     0.311843     0.443021     0.554603     0.629488     0.656268     0.630954     0.557594     0.447659     0.318315     0.189823    0.0824774            0
           0  -0.00213625    0.0491801     0.128173     0.222355     0.317066     0.397683     0.451828     0.471244     0.453046     0.400165     0.320909     0.227705     0.135226    0.0581806            0
           0  -0.00359223    0.0273408    0.0755565     0.133282     0.191444     0.241011     0.274346     0.286357      0.27527     0.242894     0.194356     0.137327     0.080869    0.0340807            0
           0  -0.00408299   0.00974677    0.0318731    0.0585834    0.0855978     0.108675     0.124237     0.129901     0.124837     0.109896    0.0874835     0.061198    0.0352998    0.0140827            0
           0            0            0            0            0            0            0            0            0            0            0            0            0            0            0            0
