          0           0           0           0           0           0           0           0           0           0           0           0           0           0           0           0
          0 -0.00829591 -0.00817843  -0.0056747  -0.0016997  0.00278385  0.00685995  0.00977173   0.0110222   0.0104433  0.00821911   0.0048612  0.00113716 -0.00203295 -0.00369152           0
          0 -0.00981385 0.000770249    0.019882   0.0439013   0.0686693   0.0900788    0.104672     0.11015    0.105716   0.0921954   0.0719108   0.0483414   0.0256059  0.00785599           0
          0  -0.0101069   0.0165566   0.0604244    0.113991    0.168498    0.215233    0.246837    0.258404    0.248229    0.218058    0.172836    0.119957   0.0681617   0.0262175           0
          0 -0.00967114   0.0361594    0.109226    0.197494    0.286849    0.363217    0.414695    0.433344    0.416396    0.366675    0.292174    0.204854    0.118838    0.048287           0
          0 -0.00888351   0.0562202    0.158506    0.281427     0.40554    0.511444    0.582716      0.6084    0.584674     0.51543    0.411697    0.289974    0.169744    0.070543           0
          0 -0.00803912   0.0734676    0.200551    0.352846    0.506404    0.637315    0.725338    0.756967    0.727486    0.641694    0.513184    0.362295    0.213045   0.0895175           0
          0 -0.00735597    0.085165    0.228857    0.400804    0.574046     0.72167    0.820882    0.856476    0.823141    0.726279    0.581196    0.410793    0.242118    0.102291           0
          0 -0.00696709   0.0894997    0.239092    0.417994    0.598191    0.751711    0.854866    0.891851    0.857147    0.756369    0.605423    0.428113    0.252549    0.106922           0
          0 -0.00691183   0.0858453    0.229746    0.401867    0.575245    0.722961     0.82222    0.857814    0.824432    0.727478    0.582259    0.411681    0.242797    0.102734           0
          0 -0.00713176    0.074856    0.202364    0.355013    0.508844    0.639943    0.728061     0.75969    0.730115    0.644136     0.51535    0.364105     0.21443   0.0904213           0
          0 -0.00747286   0.0583748    0.161313    0.284777     0.40931    0.515502     0.58692    0.612606    0.588735    0.519204    0.415047    0.292776    0.171891   0.0719462           0
          0 -0.00769164   0.0391732     0.11314    0.202154    0.292084    0.368847    0.420527    0.439179    0.422033    0.371917    0.296834    0.208759    0.121836   0.0502515           0
          0 -0.00745789   0.0205659   0.0656025    0.120132    0.175384    0.222631    0.254499    0.266073    0.255643     0.22496     0.17898    0.125119   0.0721388   0.0288357           0
          0 -0.00633812  0.00596957   0.0265339    0.051746   0.0774418   0.0994954    0.114426    0.119919    0.115168    0.101004   0.0797678   0.0549645   0.0307388    0.011265           0
          0           0           0           0           0           0           0           0           0           0           0           0           0           0           0           0
