           0            0            0            0            0            0            0            0            0            0            0            0            0            0            0            0
           0  -0.00429222   -0.0024265   0.00129011   0.00599017    0.0108138    0.0149649    0.0177937    0.0188769    0.0180722    0.0155392    0.0117183   0.00727607   0.00302603 -0.000149349            0
           0  -0.00255614    0.0118203    0.0342181     0.060944    0.0877927     0.110624     0.125957     0.131479     0.126387     0.111511    0.0891897    0.0629297    0.0368931    0.0153028            0
           0   0.00094232    0.0339619     0.083871     0.142902     0.201998     0.252153     0.285757     0.297737     0.286326     0.253328     0.203851     0.145537    0.0874233    0.0385833            0
           0   0.00536938    0.0603528     0.142543     0.239419     0.336264     0.418391     0.473363     0.492883     0.474055      0.41982     0.338522     0.242638     0.146895    0.0660415            0
           0   0.00991047    0.0868483     0.201251     0.335864     0.470335      0.58432     0.660579     0.687604     0.661372      0.58596     0.472931     0.339575     0.206292    0.0934806            0
           0    0.0138165     0.109371     0.251063      0.41763     0.583954     0.724905     0.819179     0.852551     0.820047     0.726701     0.586802     0.421713     0.256632     0.116744            0
           0    0.0164784     0.124492     0.284429     0.472351     0.659956     0.818919     0.925225     0.962834     0.926136     0.820806     0.662951     0.476656     0.290318     0.132325            0
           0    0.0174994     0.129934     0.296318     0.491773     0.686879     0.852187     0.962729      1.00183     0.963648     0.854093     0.689906     0.496128     0.302285     0.137886            0
           0    0.0167471     0.124906     0.284976     0.473015     0.660715     0.819749     0.926095     0.963711     0.926986     0.821597     0.663652     0.477239     0.290763     0.132615            0
           0    0.0143707     0.110225     0.252192     0.419001     0.585523      0.72662     0.820978     0.854366     0.821807     0.728338      0.58825      0.42292     0.257551     0.117344            0
           0    0.0107836    0.0881938      0.20303     0.338026     0.472813     0.587032     0.663428      0.69048     0.664162     0.588552     0.475223     0.341483     0.207745    0.0944276            0
           0   0.00661206    0.0622656     0.145072     0.242496       0.3398     0.422269     0.477444     0.497007     0.478055     0.423533     0.341802     0.245363      0.14897    0.0673937            0
           0   0.00262391    0.0365413    0.0872778     0.147054     0.206785     0.257423     0.291317     0.303364     0.291782     0.258386     0.208308     0.149232    0.0902328    0.0404177            0
           0 -0.000339877    0.0151861    0.0386495    0.0663586    0.0940669     0.117568     0.133312     0.138936     0.133616     0.118195    0.0950587    0.0677761    0.0405735    0.0177173            0
           0            0            0            0            0            0            0            0            0            0            0            0            0            0            0            0
