           0            0            0            0            0            0            0            0            0            0            0            0            0            0            0            0
           0  -0.00688753  -0.00609261  -0.00308124   0.00123584   0.00592158    0.0100929    0.0130229     0.014235    0.0135676     0.011197   0.00761354    0.0035559 -8.40255e-05    -0.002363            0
           0  -0.00712134   0.00518026      0.02598    0.0515579    0.0776546     0.100067     0.115259     0.120876     0.116104     0.101783    0.0802881    0.0551767    0.0306662     0.011019            0
           0   -0.0058676    0.0238916    0.0710843     0.127949     0.185428     0.234512     0.267586     0.279576     0.268711     0.236797     0.188943     0.132794    0.0773861    0.0317904            0
           0   -0.0037734    0.0466983      0.12496     0.218537      0.31278     0.393074     0.447052     0.466462     0.448424     0.395865     0.317083     0.224493     0.132754    0.0565539            0
           0   -0.0014077    0.0698431     0.179163     0.309382     0.440287     0.551689     0.626489     0.653277     0.628066       0.5549     0.445251      0.31628     0.188245     0.081432            0
           0  0.000735931    0.0896473      0.22531     0.386579     0.548534     0.686272     0.778695     0.811719     0.780421     0.689794      0.55399     0.394188     0.235381     0.102595            0
           0   0.00226858     0.103025     0.256321     0.438356     0.621066     0.776402     0.880596      0.91778     0.882409     0.780104     0.626811     0.446388     0.266992     0.116815            0
           0    0.0029417     0.107929     0.267479     0.456857     0.646895     0.808438     0.916779     0.955425     0.918609     0.812176     0.652702     0.464986     0.278296     0.121942            0
           0   0.00267436     0.103649     0.257139     0.439338     0.622177     0.777604     0.881846     0.919033     0.883619     0.781228     0.627807     0.447219     0.267625     0.117228            0
           0   0.00156363    0.0909177     0.226976     0.388579     0.550798      0.68872      0.78124     0.814271     0.782887     0.692083     0.556019     0.395881     0.236673     0.103437            0
           0 -0.000124531      0.07181     0.181739     0.312473     0.443785     0.555472     0.630425     0.657224      0.63188     0.558442     0.448391     0.318901     0.190247    0.0827382            0
           0  -0.00198051    0.0494395     0.128541      0.22283     0.317636     0.398329     0.452521      0.47195      0.45373     0.400794     0.321453     0.228142     0.135546    0.0583785            0
           0  -0.00348303    0.0275188     0.075804     0.133596     0.191816     0.241427      0.27479     0.286809     0.275708     0.243298     0.194708     0.137612    0.0810802    0.0342134            0
           0   -0.0040185   0.00984818    0.0320092    0.0587506    0.0857911     0.108888     0.124461     0.130128     0.125057     0.110101    0.0876637    0.0613474    0.0354129    0.0141557            0
           0            0            0            0            0            0            0            0            0            0            0            0            0            0            0            0
