           0            0            0            0            0            0            0            0            0            0            0            0            0            0            0            0
           0  -0.00528925   -0.0038384 -0.000401236   0.00414068   0.00890146    0.0130548    0.0159234     0.017064    0.0163261     0.013873    0.0101609   0.00587959   0.00186864 -0.000968802            0
           0  -0.00423794   0.00943464    0.0313398    0.0577616     0.084458     0.107248     0.122614     0.128215     0.123237     0.108516    0.0864104    0.0604587    0.0348593    0.0138663            0
           0  -0.00148096    0.0305338    0.0797251     0.138292     0.197132     0.247188     0.280806     0.292881     0.281633      0.24887     0.199725     0.141881    0.0844185    0.0364552            0
           0   0.00220285    0.0558896     0.137144       0.2334     0.329883      0.41185     0.466812     0.486439     0.467817     0.413896     0.333046     0.237788     0.142907     0.063206            0
           0    0.0060698    0.0814535      0.19473     0.328584       0.4626     0.576369     0.652597     0.679736     0.653748     0.578716     0.466234     0.333644     0.201407    0.0899958            0
           0   0.00944341     0.103245     0.243665      0.40937     0.575168      0.71586     0.810084     0.843576     0.811342     0.718427      0.57915     0.414932     0.251039     0.112743            0
           0    0.0117762     0.117919     0.276498     0.463497     0.650536     0.809216     0.915462     0.953193      0.91678     0.811909     0.654719     0.469354      0.28429     0.128002            0
           0     0.012712      0.12325     0.288262     0.482784     0.677317     0.842339      0.95282     0.992041     0.954149     0.845055     0.681539     0.488702     0.296147     0.133479            0
           0     0.012131     0.118466     0.277219     0.464367     0.651526     0.810292     0.916585     0.954322     0.917872     0.812922     0.655616     0.470101     0.284859     0.128372            0
           0    0.0101659     0.104359     0.245132     0.411141     0.577185     0.718052     0.812374     0.845878     0.813569     0.720494     0.580979     0.416455     0.252199     0.113497            0
           0    0.0071864    0.0831726     0.196994      0.33132     0.465718     0.579761     0.656142     0.683302     0.657198     0.581918     0.469067     0.336002     0.203203    0.0911647            0
           0   0.00375528    0.0582756     0.140284     0.237195     0.334214     0.416569     0.471751     0.491411     0.472629      0.41836     0.336992     0.241071     0.145408    0.0648354            0
           0  0.000568841    0.0336714    0.0838458     0.143275     0.202829     0.253412     0.287333      0.29946        0.288     0.254773     0.204937     0.146212    0.0877192    0.0386108            0
           0  -0.00159775    0.0134354      0.03657    0.0640907     0.091718     0.115212     0.130992     0.136673     0.131425     0.116095     0.093086    0.0659949    0.0390802    0.0166389            0
           0            0            0            0            0            0            0            0            0            0            0            0            0            0            0            0
