           0            0            0            0            0            0            0            0            0            0            0            0            0            0            0            0
           0  -0.00472991  -0.00305536  0.000525868   0.00514297   0.00992743     0.014072    0.0169164    0.0180288    0.0172628    0.0147782    0.0110202   0.00666272   0.00252778 -0.000495679            0
           0  -0.00327513    0.0107917    0.0329696    0.0595584    0.0863391     0.109155     0.124509     0.130075     0.125044     0.110247    0.0880299    0.0619098    0.0360624     0.014722            0
           0 -6.62664e-05    0.0325299    0.0821396     0.140984     0.199986     0.250118     0.283747     0.295785     0.284456     0.251565     0.202228     0.144106    0.0862507    0.0377557            0
           0   0.00408259    0.0585398     0.140361     0.237009     0.333741     0.415839     0.470842     0.490432     0.471703     0.417598     0.336471      0.24082     0.145397    0.0649739            0
           0   0.00838057    0.0847074     0.198687      0.33304     0.467384      0.58134     0.657636     0.684741     0.658622     0.583355     0.470519     0.337428     0.204511     0.092202            0
           0    0.0121019     0.106985     0.248216     0.414505     0.580696     0.721619     0.815936     0.849397     0.817013     0.723822     0.584128     0.419324     0.254641     0.115305            0
           0    0.0146564     0.121966     0.281426     0.469063     0.656534     0.815474     0.921828     0.959531     0.922957     0.817785     0.660139     0.474135      0.28821     0.130793            0
           0    0.0156593      0.12739       0.2933     0.488475     0.683453     0.848743     0.959337      0.99853     0.960474     0.851073      0.68709     0.493599     0.300164     0.136341            0
           0    0.0149807     0.122467     0.282086     0.469862     0.657446     0.816466     0.922866     0.960575     0.923967     0.818723      0.66097     0.474826     0.288736     0.131136            0
           0    0.0127636     0.108005     0.249563     0.416136     0.582557     0.723646     0.818057     0.851532      0.81908     0.725742     0.585826     0.420737     0.255717     0.116005            0
           0   0.00940597     0.086288     0.200773     0.335568     0.470272     0.584489     0.660934     0.688064     0.661839     0.586342     0.473159     0.339624     0.206183    0.0932901            0
           0   0.00551257    0.0607409     0.143266     0.240531     0.337771     0.420244     0.475463     0.495091     0.476215     0.421784     0.340168     0.243892     0.147735    0.0664964            0
           0   0.00182714    0.0354335    0.0859651     0.145628     0.205317     0.255963     0.289894     0.301991     0.290466     0.257134     0.207138     0.148179    0.0893492    0.0397773            0
           0 -0.000831747    0.0145018      0.03784    0.0654827    0.0931699      0.11668     0.132451     0.138108     0.132823     0.117441    0.0943527    0.0671386     0.040038    0.0173294            0
           0            0            0            0            0            0            0            0            0            0            0            0            0            0            0            0
