           0            0            0            0            0            0            0            0            0            0            0            0            0            0            0            0
           0  -0.00497517  -0.00340062    0.0001144   0.00469496   0.00946564    0.0136115    0.0164653    0.0175903    0.0168385    0.0143707    0.0106366   0.00631615   0.00223846 -0.000701923            0
           0  -0.00369243    0.0102031    0.0322627    0.0587793    0.0855243      0.10833     0.123691     0.129274     0.124268     0.109506    0.0873376    0.0612904    0.0355494    0.0143574            0
           0 -0.000673134    0.0316762    0.0811113     0.139843     0.198784     0.248891     0.282522      0.29458     0.283287     0.250449      0.20119      0.14318    0.0854859    0.0372108            0
           0   0.00328295    0.0574187      0.13901     0.235506     0.332149     0.414206     0.469204     0.488817     0.470133     0.416101      0.33508     0.239582     0.144373    0.0642424            0
           0   0.00740393    0.0833425     0.197043     0.331209     0.465439     0.579339     0.655623     0.682752     0.656687      0.58151     0.468805     0.335903     0.203249    0.0912972            0
           0    0.0109837     0.105426      0.24634     0.412413     0.578471     0.719327     0.813627     0.847112     0.814789       0.7217     0.582158      0.41757     0.253188     0.114261            0
           0     0.013449     0.120286     0.279405     0.466809     0.654137     0.813002     0.919336     0.957063     0.920554     0.815491     0.658009     0.472237     0.286637     0.129661            0
           0    0.0144264     0.125676      0.29124     0.486179     0.681011     0.846225     0.956797     0.996014     0.958024     0.848734     0.684917     0.491662     0.298557     0.135182            0
           0    0.0137899     0.120812     0.280098     0.467648     0.655092     0.814041     0.920421     0.958154     0.921609     0.816471     0.658876     0.472959     0.287187     0.130018            0
           0    0.0116781     0.106496     0.247752     0.414121     0.580418     0.721445     0.815841     0.849339     0.816944     0.723701     0.583928     0.419043      0.25431     0.114991            0
           0    0.0084774    0.0849966     0.199224     0.333848     0.468451      0.58262     0.659056     0.686207     0.660031     0.584613     0.471549     0.338186     0.204988    0.0924284            0
           0   0.00477579    0.0597154     0.142037     0.239171     0.336337     0.418778     0.473994     0.493642     0.474805     0.420434     0.338909     0.242765     0.146797    0.0658203            0
           0   0.00129786    0.0346967    0.0850855      0.14466     0.204302     0.254932     0.288866      0.30098     0.289482     0.256191     0.206255     0.147385    0.0886865    0.0392996            0
           0  -0.00115526    0.0140529    0.0373076     0.064902    0.0925677     0.116075     0.131852     0.137522     0.132253     0.116892    0.0938352    0.0666699     0.039644    0.0170442            0
           0            0            0            0            0            0            0            0            0            0            0            0            0            0            0            0
