           0            0            0            0            0            0            0            0            0            0            0            0            0            0            0            0
           0  -0.00777725  -0.00739538  -0.00468475 -0.000562024   0.00401659   0.00814458     0.011074    0.0123141    0.0116986   0.00940924   0.00595123   0.00208367  -0.00128101  -0.00318733            0
           0  -0.00880059    0.0024908    0.0223292    0.0470424    0.0724174    0.0942951     0.109174     0.114726     0.110145    0.0962632    0.0754337    0.0511785    0.0276693   0.00911629            0
           0  -0.00849237    0.0194732    0.0647946      0.11984     0.175701      0.22352      0.25581     0.267583     0.257103     0.226144     0.179733      0.12539    0.0720004    0.0284825            0
           0  -0.00740935    0.0403944     0.115748     0.206403     0.297984     0.376157     0.428795     0.447808     0.430374     0.379368      0.30293     0.213242     0.124686    0.0516807            0
           0  -0.00600448    0.0617285     0.167123     0.293331     0.420537     0.528965     0.601868     0.628075     0.603685     0.532663     0.426251     0.301266     0.177562    0.0750381            0
           0  -0.00465122    0.0800337     0.210918     0.367258      0.52464     0.658683     0.748738     0.781024     0.750729     0.662744     0.530929     0.376024     0.222513    0.0949332            0
           0  -0.00363489    0.0924278     0.240379     0.416876     0.594431     0.745592     0.847102     0.883444     0.849195     0.749864     0.601059     0.426139     0.252679     0.108316            0
           0  -0.00313396    0.0969996      0.25101     0.434639     0.619319     0.776518     0.882065     0.919831     0.884179     0.780834     0.626022     0.444018     0.263487     0.113157            0
           0  -0.00320412    0.0930882     0.241243     0.417911       0.5956     0.746852     0.848411     0.884754      0.85046     0.751037       0.6021     0.427007     0.253342     0.108749            0
           0  -0.00377167    0.0813811     0.212679     0.369367     0.527021      0.66125     0.751401      0.78369     0.753304     0.665135      0.53305     0.377795     0.223866    0.0958163            0
           0  -0.00463847    0.0638177      0.16985     0.296592     0.424215      0.53293     0.605983     0.632195     0.607664      0.53636     0.429531     0.304008      0.17966    0.0764085            0
           0   -0.0054955    0.0433127     0.119547     0.210936     0.303091     0.381661     0.434506     0.453528     0.435902     0.384507     0.307494     0.217061     0.127615    0.0535977            0
           0  -0.00593695    0.0233479    0.0698125      0.12581     0.182417     0.230756     0.263321      0.27511     0.264381     0.232914     0.185752     0.130437    0.0758815     0.031034            0
           0  -0.00545768    0.0075017    0.0287622    0.0546611    0.0809735     0.103513     0.118748     0.124328     0.119435     0.104912    0.0831312     0.057649    0.0326701    0.0124314            0
           0            0            0            0            0            0            0            0            0            0            0            0            0            0            0            0
