          0           0           0           0           0           0           0           0           0           0           0           0           0           0           0           0
          0 -0.00625299 -0.00518705 -0.00199271  0.00242861  0.00715823   0.0113339    0.014247   0.0154333   0.0147353   0.0123244  0.00867832  0.00451776 0.000715574 -0.00179873           0
          0 -0.00595819   0.0069454   0.0282645   0.0542691   0.0806938    0.103332    0.118642    0.124271      0.1194     0.10487   0.0830566   0.0575214   0.0324867   0.0122247           0
          0 -0.00408035   0.0267011   0.0748655    0.132611    0.190832    0.240471    0.273874    0.285937     0.27488    0.242516     0.19398    0.136956   0.0805268   0.0338122           0
          0 -0.00132311   0.0506328    0.130375    0.225353    0.320818    0.402056    0.456611    0.476173    0.457837    0.404551    0.324667    0.230684     0.13736   0.0594754           0
          0  0.00167042   0.0748506    0.186148     0.31828    0.450883    0.563615    0.639241     0.66626    0.640649    0.566482    0.455317    0.324445    0.194271   0.0852228           0
          0  0.00432937   0.0955394    0.233595    0.397205     0.56126    0.700654    0.794114    0.827437    0.795654    0.703796    0.566129    0.403998    0.242588    0.107108           0
          0  0.00619789    0.109496    0.265458    0.450118    0.635195    0.792405    0.897777    0.935306    0.899393    0.795705    0.640318    0.457283    0.274978    0.121803           0
          0  0.00698207    0.114592    0.276902    0.469004    0.661501    0.824993    0.934562    0.973568    0.936192    0.828324    0.666675     0.47625    0.286548    0.127091           0
          0  0.00658461    0.110091    0.266239    0.451059    0.636262    0.793561    0.898981    0.936514    0.900561    0.796788    0.641277    0.458083    0.275588      0.1222           0
          0  0.00511761    0.096751    0.235186     0.39912    0.563433    0.703009    0.796567    0.829898    0.798033    0.706004    0.568085    0.405628    0.243832    0.107918           0
          0  0.00289079   0.0767245    0.188607    0.321238     0.45424    0.567254    0.643034    0.670068    0.644331      0.5699    0.458344    0.326969    0.196197   0.0864784           0
          0 0.000378525   0.0532397    0.133791     0.22946    0.325479    0.407114    0.461886    0.481473    0.462963     0.40931    0.328881    0.234199    0.140044   0.0612276           0
          0 -0.00182381   0.0301418   0.0793584    0.138008    0.196962    0.247131     0.28083    0.292932    0.281648    0.248799    0.199541    0.141594   0.0840745   0.0361352           0
          0 -0.00303381    0.011357   0.0339888   0.0611353   0.0885026    0.111836    0.127543    0.133234    0.128074    0.112917   0.0901741   0.0634558   0.0370358   0.0152238           0
          0           0           0           0           0           0           0           0           0           0           0           0           0           0           0           0
