           0            0            0            0            0            0            0            0            0            0            0            0            0            0            0            0
           0  -0.00696907  -0.00621025  -0.00322411   0.00107769   0.00575603   0.00992534    0.0128566    0.0140717    0.0134086    0.0110441   0.00747013    0.0034275 -0.000189721   -0.0024368            0
           0  -0.00727269   0.00494507     0.025669    0.0511817     0.077226    0.0996012     0.114771     0.120386     0.115629      0.10134    0.0798944    0.0548477    0.0304149    0.0108558            0
           0   -0.0061019    0.0235119    0.0705599     0.127289      0.18465     0.233644     0.266663     0.278638     0.267803      0.23596     0.188212     0.132198    0.0769441    0.0315121            0
           0  -0.00409609     0.046162     0.124201     0.217561     0.311609     0.391751     0.445634     0.465018     0.447025      0.39458     0.315971     0.223597     0.132099    0.0561482            0
           0  -0.00181422    0.0691569     0.178178     0.308099     0.438734     0.549922     0.624587     0.651336     0.626186     0.553177     0.443767     0.315092     0.187383    0.0809028            0
           0  0.000260537    0.0888374     0.224137     0.385041     0.546663     0.684134     0.776388     0.809361     0.778138     0.687705     0.552195     0.392756     0.234347     0.101963            0
           0   0.00174825     0.102134     0.255025     0.436649     0.618984     0.774019     0.878021     0.915147      0.87986     0.777772      0.62481     0.444794     0.265844     0.116115            0
           0   0.00240645     0.107011     0.266141     0.455094     0.644741      0.80597     0.914112     0.952697     0.915968     0.809761     0.650629     0.463336      0.27711     0.121219            0
           0   0.00215641     0.102761     0.255847     0.437636     0.620101     0.775226     0.879276     0.916406     0.881075     0.778901      0.62581     0.445628      0.26648      0.11653            0
           0   0.00109316    0.0901151     0.225812     0.387051     0.548938     0.686594     0.778945     0.811925     0.780615     0.690004     0.554233     0.394456     0.235645     0.102809            0
           0 -0.000523191    0.0711355     0.180768     0.311206      0.44225     0.553723      0.62854     0.655299     0.630016     0.556735      0.44692     0.317724     0.189395    0.0822152            0
           0  -0.00229176      0.04892     0.127803     0.221876      0.31649      0.39703     0.451127     0.470528     0.452353      0.39953      0.32036     0.227263     0.134904    0.0579817            0
           0  -0.00370122    0.0271624    0.0753079     0.132966     0.191069      0.24059     0.273896     0.285901     0.274827     0.242487     0.194001     0.137039    0.0806564    0.0339475            0
           0  -0.00414732   0.00964528    0.0317364    0.0584151     0.085403     0.108461     0.124011     0.129672     0.124615      0.10969    0.0873016    0.0610475    0.0351861    0.0140096            0
           0            0            0            0            0            0            0            0            0            0            0            0            0            0            0            0
