           0            0            0            0            0            0            0            0            0            0            0            0            0            0            0            0
           0  -0.00594333  -0.00475088   -0.0014749   0.00298899   0.00773216    0.0119035    0.0148042    0.0159765     0.015265    0.0128388   0.00916864   0.00496573   0.00109261  -0.00152912            0
           0  -0.00539932   0.00776862    0.0292999    0.0554657    0.0820044     0.104714     0.120057     0.125682     0.120771     0.106165    0.0842354    0.0585398    0.0332962    0.0127753            0
           0  -0.00322974    0.0279866    0.0765349     0.134606     0.193086     0.242911     0.276417     0.288496     0.277365     0.244839     0.196056     0.138708    0.0818847    0.0347144            0
           0 -0.000163808     0.052412      0.13273      0.22822     0.324113      0.40567     0.460413     0.480016     0.461568     0.408021     0.327741     0.233248      0.13932    0.0607623            0
           0   0.00312139    0.0770985     0.189156     0.321984     0.455183     0.568366     0.644265     0.671351      0.64559     0.571066     0.459359     0.327794     0.196813    0.0868797            0
           0   0.00601939    0.0981725     0.237142     0.401603     0.566393     0.706351     0.800155     0.833567     0.801605     0.709308     0.570976     0.407999     0.245613     0.109072            0
           0   0.00804347      0.11238     0.269358      0.45497     0.640875     0.798724     0.904488     0.942121     0.906008     0.801829     0.645695     0.461713      0.27832     0.123968            0
           0   0.00887882      0.11756     0.280919     0.474007     0.667364     0.831522     0.941499     0.980615     0.943032     0.834654     0.672232     0.480825     0.289996     0.129324            0
           0   0.00842053      0.11296     0.270121     0.455889     0.641919     0.799856     0.905668     0.943305     0.907153     0.802891     0.646636     0.462497     0.278917     0.124357            0
           0   0.00678763    0.0993542     0.238695     0.403475     0.568519     0.708658     0.802559     0.835981     0.803939     0.711475     0.572894     0.409597     0.246832     0.109865            0
           0   0.00431001    0.0789252     0.191556     0.324876     0.458468     0.571932     0.647984     0.675087     0.649204     0.574421     0.462329     0.330268       0.1987    0.0881093            0
           0   0.00149186    0.0549511     0.136061     0.232232     0.328675     0.410626     0.465588     0.485218     0.466601     0.412692     0.331876     0.236693     0.141949    0.0624773            0
           0  -0.00103742    0.0313335    0.0809131     0.139876     0.199085      0.24944     0.283244     0.295366     0.284014     0.251008     0.201513     0.143253    0.0853573    0.0369864            0
           0  -0.00256403    0.0120519    0.0348708    0.0621663    0.0896454     0.113054       0.1288     0.134493       0.1293     0.114071    0.0912191    0.0643527    0.0377446    0.0157045            0
           0            0            0            0            0            0            0            0            0            0            0            0            0            0            0            0
