           0            0            0            0            0            0            0            0            0            0            0            0            0            0            0            0
           0  -0.00491788  -0.00332035  0.000209567   0.00479801    0.0095713    0.0137164    0.0165678      0.01769    0.0169352    0.0144641    0.0107251   0.00639668   0.00230613 -0.000653411            0
           0  -0.00359416    0.0103415    0.0324285    0.0589618    0.0857151     0.108524     0.123883     0.129462     0.124451     0.109681    0.0875015    0.0614375    0.0356715    0.0144443            0
           0 -0.000529152    0.0318787    0.0813554     0.140114      0.19907     0.249184     0.282815      0.29487     0.283568     0.250718      0.20144     0.143404    0.0856703    0.0373422            0
           0   0.00347385    0.0576867     0.139334     0.235868     0.332533     0.414602     0.469602     0.489211     0.470517     0.416467      0.33542     0.239884     0.144622    0.0644202            0
           0   0.00763821    0.0836707      0.19744     0.331653     0.465913     0.579829     0.656118     0.683243     0.657165     0.581966     0.469228     0.336278     0.203559    0.0915185            0
           0    0.0112529     0.105802     0.246795     0.412924     0.579017     0.719892     0.814199      0.84768     0.815343     0.722228     0.582647     0.418004     0.253546     0.114517            0
           0    0.0137405     0.120693     0.279897     0.467362     0.654728     0.813615     0.919957      0.95768     0.921155     0.816065      0.65854     0.472709     0.287026      0.12994            0
           0    0.0147246     0.126092     0.291743     0.486743     0.681615     0.846851     0.957432     0.996646      0.95864     0.849321     0.685461     0.492145     0.298955     0.135468            0
           0    0.0140782     0.121214     0.280584     0.468192     0.655675     0.814645     0.921033     0.958762     0.922203     0.817037     0.659401     0.473425     0.287572     0.130295            0
           0    0.0119409     0.106863     0.248194     0.414616     0.580947     0.721993     0.816396     0.849889     0.817481     0.724213     0.584403     0.419466     0.254659     0.115242            0
           0   0.00870209    0.0853102     0.199602      0.33427       0.4689     0.583084     0.659525     0.686672     0.660484     0.585046     0.471952     0.338544     0.205284    0.0926411            0
           0   0.00495384    0.0599639     0.142336     0.239504      0.33669     0.419141     0.474359     0.494003     0.475157     0.420771     0.339222     0.243044     0.147029    0.0659869            0
           0   0.00142551    0.0348747    0.0852987     0.144895      0.20455     0.255185     0.289119     0.301229     0.289726     0.256424     0.206474     0.147581    0.0888497     0.039417            0
           0  -0.00107743    0.0141609    0.0374359    0.0650422    0.0927134     0.116222     0.131998     0.137665     0.132392     0.117027     0.093962    0.0667847    0.0397404    0.0171139            0
           0            0            0            0            0            0            0            0            0            0            0            0            0            0            0            0
