          0           0           0           0           0           0           0           0           0           0           0           0           0           0           0           0
          0 -0.00763038 -0.00717717 -0.00441268 -0.00025327  0.00434738  0.00848609   0.0114179   0.0126542   0.0120292  0.00972413   0.0062418  0.00233849 -0.00107618 -0.00304809           0
          0  -0.0085188  0.00295517   0.0229745   0.0478558   0.0733749   0.0953617    0.110306    0.115874    0.111256    0.097288   0.0763276   0.0519061   0.0282063  0.00945057           0
          0 -0.00804781   0.0202481   0.0659269    0.121328    0.177512    0.225585    0.258036    0.269856    0.259301    0.228154    0.181458    0.126761   0.0729829   0.0290735           0
          0 -0.00679014   0.0415099    0.117423    0.208651    0.300762    0.379361     0.43227    0.451367    0.433815    0.382502    0.305601    0.215344    0.126171    0.052559           0
          0 -0.00521902   0.0631719    0.169324    0.296321    0.424263    0.533287    0.606574    0.632901     0.60835    0.536905    0.429853    0.304084    0.179538   0.0761961           0
          0 -0.00372886   0.0817492    0.213558    0.370868     0.52916    0.663944    0.754476    0.786914    0.756423    0.667915    0.535311    0.379442    0.224899   0.0963249           0
          0   -0.002623   0.0943221    0.243309    0.420896    0.599477    0.751474    0.853526    0.890041    0.855572    0.755651    0.605959    0.429955    0.255338    0.109862           0
          0 -0.00209209   0.0989546    0.254039      0.4388    0.624547    0.782616    0.888726    0.926672    0.890792    0.786836      0.6311    0.447972     0.26624    0.114756           0
          0 -0.00219619   0.0949767    0.244166    0.421923    0.600637    0.752726    0.854825    0.891342    0.856829    0.756818    0.606992    0.430817    0.255997    0.110292           0
          0 -0.00285755   0.0830844    0.215304     0.37296    0.531522    0.666492    0.757121    0.789563    0.758982     0.67029    0.537417    0.381201    0.226244   0.0972016           0
          0 -0.00386621   0.0652417    0.172027    0.299555    0.427913    0.537224    0.610661    0.636994    0.612304    0.540578    0.433111    0.306807    0.181621   0.0775565           0
          0  -0.0048956      0.0444    0.121187    0.213147     0.30583    0.384827    0.437945    0.457052     0.43931    0.387609    0.310135    0.219137    0.129078   0.0544616           0
          0 -0.00551978   0.0240833   0.0708974    0.127247    0.184176    0.232772      0.2655    0.277338    0.266536    0.234882    0.187437    0.131773   0.0768348   0.0316049           0
          0 -0.00521456  0.00791099   0.0293431   0.0554071   0.0818654    0.104519    0.119824    0.125423    0.120496    0.105886   0.0839758   0.0583301   0.0331673   0.0127376           0
          0           0           0           0           0           0           0           0           0           0           0           0           0           0           0           0
