           0            0            0            0            0            0            0            0            0            0            0            0            0            0            0            0
           0  -0.00523936  -0.00376901  -0.00031974   0.00422799   0.00899001    0.0131419     0.016008    0.0171461    0.0164061     0.013951    0.0102357   0.00594855   0.00192729 -0.000926362            0
           0  -0.00415063   0.00955795    0.0314883    0.0579259    0.0846308     0.107424     0.122789     0.128388     0.123406     0.108677    0.0865615     0.060594    0.0349713    0.0139458            0
           0  -0.00135086    0.0307188    0.0799511     0.138547     0.197405     0.247471     0.281093     0.293166      0.28191     0.249134     0.199969     0.142097    0.0845943    0.0365789            0
           0   0.00237763    0.0561389     0.137451     0.233749     0.330263     0.412247     0.467218     0.486844     0.468211      0.41427     0.333389     0.238089     0.143151     0.063377            0
           0   0.00628643    0.0817631     0.195113     0.329023      0.46308     0.576875     0.653116     0.680255     0.654253     0.579195     0.466672     0.334026     0.201716    0.0902117            0
           0   0.00969412     0.103604      0.24411     0.409882     0.575729     0.716454     0.810696     0.844188     0.811939     0.718991     0.579665      0.41538     0.251401     0.112995            0
           0    0.0120489     0.118309     0.276983     0.464056      0.65115     0.809868     0.916133     0.953866     0.917436     0.812529     0.655285     0.469846     0.284686     0.128279            0
           0    0.0129917      0.12365     0.288759     0.483358     0.677948      0.84301     0.953511     0.992733     0.954823     0.845693     0.682121     0.489207     0.296554     0.133763            0
           0    0.0124018     0.118853       0.2777     0.464922     0.652136     0.810939     0.917251     0.954989     0.918523     0.813538     0.656178     0.470589     0.285252     0.128647            0
           0    0.0104127     0.104711     0.245569     0.411644     0.577737     0.718637     0.812975      0.84648     0.814155     0.721049     0.581486     0.416896     0.252555     0.113747            0
           0   0.00739688     0.083473     0.197365     0.331746     0.466183     0.580252     0.656645     0.683805     0.657688     0.582383     0.469492     0.336373     0.203504    0.0913753            0
           0    0.0039214    0.0585121     0.140575     0.237526     0.334573     0.416946     0.472136     0.491795     0.473003     0.418716     0.337319     0.241358     0.145641    0.0649991            0
           0  0.000687243    0.0338392    0.0840503     0.143506     0.203076     0.253669     0.287594     0.299719     0.288253     0.255014      0.20516     0.146409    0.0878805    0.0387247            0
           0  -0.00152609    0.0135359    0.0366907    0.0642243    0.0918588     0.115355     0.131136     0.136815     0.131564     0.116229     0.093211     0.066107    0.0391733    0.0167055            0
           0            0            0            0            0            0            0            0            0            0            0            0            0            0            0            0
