          0           0           0           0           0           0           0           0           0           0           0           0           0           0           0           0
          0 -0.00806033 -0.00782016 -0.00521898 -0.00117308  0.00335724  0.00745985   0.0103816    0.011628   0.0110317  0.00877598  0.00536964   0.0015768 -0.00168544  -0.0034599           0
          0 -0.00934984  0.00156857   0.0210287   0.0453841   0.0704484   0.0920877    0.106822    0.112338    0.107833   0.0941367   0.0735873   0.0496858    0.026578  0.00844508           0
          0 -0.00936425   0.0179189   0.0624869    0.116771    0.171939    0.219204    0.251145    0.262815    0.252492    0.221938    0.176137    0.122548   0.0699823   0.0272834           0
          0 -0.00862815   0.0381447    0.112316    0.201743    0.292183    0.369434     0.42148    0.440309    0.423126    0.372779    0.297336    0.208865     0.12162   0.0498894           0
          0 -0.00755386   0.0588078    0.162596    0.287114    0.412736    0.519873    0.591944    0.617886    0.593838    0.523728    0.418691    0.295383    0.173471   0.0726693           0
          0 -0.00647304    0.076556    0.205478    0.359739    0.515162    0.647604    0.736621    0.768573    0.738697    0.651837    0.521718    0.368877    0.217562    0.092082           0
          0 -0.00563501   0.0885834    0.234336    0.408495    0.583841    0.733192     0.83353    0.869491    0.835713    0.737648    0.590753    0.418154    0.247159    0.105146           0
          0 -0.00519395   0.0930306    0.244761    0.425961    0.608345    0.763662    0.867988    0.905357    0.870192    0.768164    0.615335    0.435743    0.257771    0.109876           0
          0 -0.00519681   0.0892548    0.235214    0.409546    0.585026     0.73447    0.834854    0.870817    0.836992    0.738836    0.591806    0.419033    0.247831    0.105584           0
          0 -0.00557804   0.0779262    0.207268     0.36188    0.517576    0.650204    0.739318    0.771272    0.741303    0.654257    0.523864     0.37067    0.218933   0.0929767           0
          0 -0.00616309   0.0609334    0.165368    0.290425    0.416465     0.52389    0.596109    0.622054    0.597863    0.527468    0.422011    0.298159    0.175596   0.0740581           0
          0 -0.00667793    0.041116    0.116178    0.206347    0.297362    0.375009     0.42726    0.446095    0.428716    0.377977    0.301954    0.212733    0.124588    0.051833           0
          0  -0.0067571   0.0218681   0.0675938    0.122837     0.17875    0.226531    0.258742    0.270422    0.259847    0.228782    0.182227    0.127659   0.0739173   0.0298722           0
          0 -0.00593364  0.00668358    0.027583   0.0531286   0.0791256    0.101418    0.116499    0.122035    0.117215    0.102876    0.081375   0.0562421   0.0316527   0.0118126           0
          0           0           0           0           0           0           0           0           0           0           0           0           0           0           0           0
