           0            0            0            0            0            0            0            0            0            0            0            0            0            0            0            0
           0  -0.00548298  -0.00410787 -0.000717555   0.00380211   0.00855841    0.0127176    0.0155962    0.0167463    0.0160162    0.0135707   0.00987054   0.00561173   0.00164069  -0.00113384            0
           0  -0.00457893   0.00895094    0.0307546    0.0571108    0.0837706     0.106545      0.12191      0.12752     0.122561     0.107868    0.0858059    0.0599199    0.0344154    0.0135528            0
           0  -0.00199125    0.0298028    0.0788252      0.13727     0.196027     0.246035     0.279634     0.291715     0.280497     0.247791     0.198733     0.141011     0.083713    0.0359625            0
           0    0.0015152    0.0548993     0.135913     0.231983     0.328333     0.410212     0.465133      0.48476     0.466182     0.412349     0.331633     0.236561      0.14192    0.0625208            0
           0    0.0052156    0.0802198     0.193186     0.326795     0.460626     0.574271     0.650433     0.677568     0.651636     0.576722     0.464421     0.332077     0.200153    0.0891272            0
           0   0.00845331     0.101813     0.241867     0.407276     0.572847     0.713382     0.807522     0.841005     0.808837     0.716065     0.577008     0.413085     0.249565     0.111723            0
           0    0.0106981     0.116358     0.274535     0.461206      0.64799     0.806492     0.912641     0.950359     0.914019     0.809308     0.652362     0.467325     0.282672     0.126884            0
           0    0.0116055     0.121648     0.286245     0.480429     0.674698     0.839536     0.949915     0.989121     0.951304     0.842375     0.679112     0.486613     0.294482     0.132329            0
           0    0.0110599     0.116916      0.27527     0.462092     0.648997     0.807586     0.913782     0.951506     0.915128     0.810337     0.653274     0.468084      0.28325      0.12726            0
           0   0.00919026     0.102948     0.243361      0.40908     0.574899     0.715611     0.809849     0.843342     0.811098     0.718164     0.578865     0.414632     0.250744      0.11249            0
           0   0.00635477    0.0819728     0.195493      0.32958     0.463797     0.577718     0.654034     0.681188     0.655138     0.579973     0.467298     0.334472     0.201978    0.0903154            0
           0    0.0030997    0.0573331     0.139113     0.235847     0.332736     0.415007     0.470147     0.489806     0.471064     0.416879     0.335639     0.239895     0.144462    0.0641772            0
           0  0.000102373     0.033005    0.0830258     0.142343     0.201819     0.252356     0.286256     0.298387     0.286954     0.253778     0.204022      0.14541    0.0870676    0.0381544            0
           0  -0.00187941    0.0130379    0.0360893    0.0635547    0.0911493     0.114627     0.130403      0.13609     0.130856      0.11555    0.0925782    0.0655424    0.0387068    0.0163737            0
           0            0            0            0            0            0            0            0            0            0            0            0            0            0            0            0
