           0            0            0            0            0            0            0            0            0            0            0            0            0            0            0            0
           0  -0.00704984  -0.00632712   -0.0033664  0.000919819   0.00559038   0.00975734    0.0126896    0.0139076    0.0132488    0.0108906   0.00732644   0.00329911 -0.000295159  -0.00251023            0
           0   -0.0074231   0.00471003    0.0253566    0.0508022     0.076792     0.099128     0.114276     0.119887     0.115145      0.10089    0.0794951     0.054515    0.0301618    0.0106921            0
           0  -0.00633516    0.0231311    0.0700309      0.12662     0.183859     0.232758     0.265719      0.27768     0.266875     0.235105     0.187467     0.131592     0.076497    0.0312319            0
           0  -0.00441769    0.0456231     0.123434     0.216569     0.310416     0.390399     0.444183     0.463539     0.445593     0.393267     0.314836     0.222685     0.131435    0.0557388            0
           0  -0.00221965    0.0684667      0.17718     0.306794      0.43715     0.548114     0.622639     0.649346     0.624259     0.551414      0.44225     0.313881     0.186509    0.0803682            0
           0 -0.000213766    0.0880221     0.222949     0.383475     0.544751     0.681945     0.774023     0.806943     0.775798     0.685565     0.550358     0.391294     0.233296     0.101324            0
           0     0.001229     0.101237     0.253711     0.434911     0.616856     0.771578      0.87538     0.912446     0.877244     0.775383     0.622762     0.443168     0.264677     0.115407            0
           0   0.00187226     0.106086     0.264785     0.453297      0.64254     0.803443     0.911377     0.949897     0.913258     0.807286     0.648509     0.461653     0.275903     0.120488            0
           0    0.0016395     0.101867     0.254537     0.435904     0.617979     0.772791     0.876641     0.913709     0.878465     0.776517     0.623766     0.444005     0.265316     0.115824            0
           0  0.000623713     0.089307     0.224632     0.385496     0.547037     0.684416     0.776591     0.809517     0.778285     0.687874     0.552405     0.393002       0.2346     0.102174            0
           0 -0.000920875    0.0704567     0.179785     0.309917     0.440682     0.551933     0.626609     0.653326     0.628105     0.554986     0.445417     0.316525     0.188529    0.0816867            0
           0  -0.00260209    0.0483977     0.127056     0.220907     0.315321     0.395702     0.449699     0.469072     0.450942     0.398236     0.319243     0.226367     0.134253    0.0575811            0
           0  -0.00391861    0.0268047    0.0748068     0.132327     0.190309     0.239735     0.272983     0.284971     0.273927     0.241658     0.193281     0.136455     0.080227    0.0336795            0
           0  -0.00427551   0.00944206    0.0314617    0.0580756    0.0850088     0.108026     0.123552     0.129207     0.124164     0.109272    0.0869333    0.0607433    0.0349569    0.0138627            0
           0            0            0            0            0            0            0            0            0            0            0            0            0            0            0            0
