           0            0            0            0            0            0            0            0            0            0            0            0            0            0            0            0
           0  -0.00503061  -0.00347813  2.27548e-05   0.00459601   0.00936446    0.0135112    0.0163674    0.0174952    0.0167461    0.0142813    0.0105515   0.00623854   0.00217304 -0.000748948            0
           0  -0.00378792    0.0100688    0.0321016     0.058602     0.085339     0.108143     0.123505     0.129091     0.124091     0.109335    0.0871777    0.0611469    0.0354301    0.0142724            0
           0 -0.000813564    0.0314785    0.0808727     0.139578     0.198503     0.248603     0.282233     0.294295     0.283009     0.250184     0.200943     0.142961    0.0853043    0.0370817            0
           0   0.00309621    0.0571561     0.138692      0.23515     0.331769     0.413814     0.468808     0.488425     0.469752     0.415736     0.334742     0.239282     0.144127    0.0640668            0
           0    0.0071742    0.0830199     0.196651     0.330769     0.464968      0.57885     0.655128     0.682261     0.656208     0.581053     0.468383     0.335529     0.202942     0.091078            0
           0    0.0107192     0.105055      0.24589     0.411907     0.577927     0.718761     0.813053      0.84654     0.814232      0.72117     0.581667     0.417136     0.252831     0.114006            0
           0    0.0131624     0.119885     0.278917      0.46626     0.653546     0.812387     0.918711     0.956441     0.919947     0.814913     0.657474     0.471765     0.286248     0.129383            0
           0     0.014133     0.125265     0.290741     0.485617     0.680406     0.845595     0.956157     0.995377     0.957403     0.848142     0.684369     0.491178     0.298159     0.134898            0
           0    0.0135061     0.120415     0.279616     0.467105     0.654509     0.813434     0.919804      0.95754      0.92101       0.8159     0.658348     0.472492     0.286802     0.129743            0
           0    0.0114193     0.106134     0.247313     0.413627     0.579888     0.720895     0.815282     0.848783     0.816402     0.723184     0.583449      0.41862     0.253961     0.114741            0
           0   0.00825627     0.084687     0.198849     0.333428     0.468001     0.582154     0.658584     0.685738     0.659574     0.584177     0.471145     0.337827     0.204692    0.0922168            0
           0    0.0046007    0.0594703     0.141742     0.238841     0.335986     0.418416     0.473629      0.49328     0.474451     0.420096     0.338595     0.242485     0.146565    0.0656549            0
           0   0.00117248    0.0345215    0.0848752     0.144427     0.204056      0.25468     0.288613      0.30073     0.289239     0.255957     0.206037      0.14719    0.0885244    0.0391834            0
           0  -0.00123159    0.0139468    0.0371814     0.064764     0.092424      0.11593     0.131708      0.13738     0.132115     0.116759    0.0937095    0.0665562    0.0395486    0.0169753            0
           0            0            0            0            0            0            0            0            0            0            0            0            0            0            0            0
