          0           0           0           0           0           0           0           0           0           0           0           0           0           0           0           0
          0 -0.00103033  0.00224473  0.00705347   0.0126401    0.018177   0.0228481   0.0259626   0.0270587   0.0259756   0.0228794   0.0182392   0.0127586  0.00727672  0.00266493           0
          0  0.00223417   0.0183454   0.0418441   0.0692984   0.0966354    0.119763    0.135203    0.140628    0.135223     0.11981   0.0967274   0.0694728     0.04217   0.0189496           0
          0  0.00702624   0.0418257   0.0925253    0.151807    0.210878    0.260875     0.29426    0.305986    0.294285    0.260936    0.210999    0.152037   0.0929544   0.0426217           0
          0   0.0125928    0.069257    0.151784    0.248308    0.344513    0.425952    0.480336    0.499436    0.480366    0.426027    0.344661    0.248591    0.152316   0.0702537           0
          0   0.0181092   0.0965706     0.21083    0.344487    0.477718    0.590509     0.66583    0.692283    0.665866    0.590595     0.47789    0.344819    0.211459   0.0977605           0
          0    0.022763    0.119679    0.260806    0.425906    0.590487    0.729825    0.822875    0.855554    0.822915    0.729921    0.590679    0.426277    0.261515     0.12103           0
          0   0.0258658    0.135105    0.294176    0.480274    0.665793    0.822861    0.927751    0.964587    0.927793    0.822962    0.665998    0.480671    0.294938    0.136565           0
          0   0.0269577    0.140525    0.305897    0.499369    0.692241    0.855533    0.964582     1.00288    0.964624    0.855637     0.69245    0.499775    0.306677    0.142022           0
          0   0.0258787    0.135124    0.294201    0.480305    0.665829    0.822899    0.927793    0.964629    0.927834       0.823    0.666033      0.4807     0.29496     0.13658           0
          0    0.022794    0.119724    0.260866    0.425979    0.590572    0.729919    0.822976    0.855656    0.823014    0.730014    0.590762    0.426347    0.261569    0.121068           0
          0    0.018171   0.0966618    0.210949    0.344634    0.477888    0.590699    0.666033    0.692489    0.666067    0.590783    0.478057    0.344959    0.211568   0.0978359           0
          0   0.0127104     0.06943    0.152011    0.248588     0.34484    0.426319    0.480728    0.499837    0.480757     0.42639    0.344982     0.24886    0.152525   0.0703992           0
          0   0.0072481    0.042149   0.0929504    0.152334      0.2115    0.261576    0.295012    0.306756    0.295035    0.261631     0.21161    0.152546   0.0933506   0.0428997           0
          0   0.0026522   0.0189453    0.042633   0.0702846   0.0978115    0.121099    0.136645    0.142106     0.13666    0.121137   0.0978877   0.0704315   0.0429135   0.0194777           0
          0           0           0           0           0           0           0           0           0           0           0           0           0           0           0           0
