          0           0           0           0           0           0           0           0           0           0           0           0           0           0           0           0
          0 -0.00799092 -0.00771546 -0.00508672 -0.00102118  0.00352173  0.00763118   0.0105552   0.0118002    0.011199  0.00893467  0.00551504  0.00170312 -0.00158503 -0.00339252           0
          0 -0.00921437  0.00179822   0.0213549   0.0458024   0.0709472   0.0926486    0.107421    0.112946    0.108422   0.0946777    0.074056   0.0500635   0.0268529  0.00861314           0
          0 -0.00914852   0.0183079    0.063069    0.117549    0.172897    0.220306    0.252337    0.264034    0.253671    0.223013    0.177054    0.123271   0.0704933   0.0275852           0
          0 -0.00832602   0.0387093    0.113184    0.202928    0.293663    0.371154    0.423353     0.44223    0.424983    0.374466    0.298766    0.209981    0.122399   0.0503414           0
          0 -0.00716936   0.0595419    0.163743    0.288697    0.414729    0.522201    0.594488      0.6205    0.596363    0.526018    0.420625    0.296884    0.174511   0.0732679           0
          0 -0.00602062   0.0774309    0.206857    0.361655    0.517585    0.650442    0.739729    0.771768    0.741784    0.654633    0.524076    0.370702    0.218821    0.092803           0
          0 -0.00513813   0.0895511     0.23587    0.410632     0.58655     0.73637    0.837012    0.873073    0.839173    0.740781    0.593392    0.420193    0.248564    0.105948           0
          0 -0.00468213   0.0940298    0.246347    0.428174    0.611152    0.766958      0.8716    0.909073    0.873783    0.771414    0.618072    0.437857    0.259226    0.110706           0
          0 -0.00470173   0.0902199    0.236744    0.411679    0.587731    0.737644    0.838333    0.874395    0.840449    0.741965    0.594442     0.42107    0.249234    0.106385           0
          0 -0.00512936   0.0787956     0.20864    0.363789    0.519991    0.653035    0.742418    0.774459    0.744383    0.657046    0.526216    0.372489    0.220188    0.093695           0
          0 -0.00578458   0.0616587    0.166504    0.291996    0.418446    0.526206    0.598641    0.624656    0.600377    0.529748    0.423935    0.299652    0.176629   0.0746523           0
          0 -0.00638461   0.0416678    0.117031    0.207515    0.298825    0.376711    0.429117    0.448001    0.430558    0.379649     0.30337    0.213837    0.125357   0.0522786           0
          0 -0.00655392   0.0222391   0.0681543    0.123592    0.179685    0.227611    0.259914    0.271623    0.261008    0.229839    0.183127    0.128367   0.0744153    0.030165           0
          0 -0.00581598  0.00688797   0.0278799   0.0535166   0.0795954    0.101952    0.117073    0.122621    0.117783    0.103395   0.0818223   0.0565992   0.0319098   0.0119681           0
          0           0           0           0           0           0           0           0           0           0           0           0           0           0           0           0
