           0            0            0            0            0            0            0            0            0            0            0            0            0            0            0            0
           0   -0.0048583  -0.00323665   0.00030909   0.00490612    0.0096825    0.0138271    0.0166762    0.0177953    0.0170373    0.0145624    0.0108178   0.00648074   0.00237651 -0.000603123            0
           0  -0.00349246    0.0104847    0.0326004    0.0591512     0.085913     0.108724     0.124081     0.129657      0.12464     0.109861    0.0876705    0.0615889    0.0357971    0.0145337            0
           0 -0.000380789    0.0320873    0.0816067     0.140393     0.199364     0.249484     0.283115     0.295165     0.283855     0.250992     0.201696     0.143631    0.0858585    0.0374764            0
           0   0.00366985    0.0579615     0.139666     0.236237     0.332924     0.415003     0.470006     0.489609     0.470904     0.416837     0.335764      0.24019     0.144875    0.0646009            0
           0   0.00787811    0.0840062     0.197844     0.332104     0.466393     0.580323     0.656616     0.683736     0.657645     0.582424     0.469653     0.336656     0.203872    0.0917425            0
           0     0.011528     0.106186     0.247258      0.41344     0.579568      0.72046     0.814773     0.848248     0.815896     0.722757     0.583137      0.41844     0.253907     0.114776            0
           0    0.0140379     0.121108     0.280396     0.467919     0.655322     0.814229     0.920578     0.958295     0.921755     0.816637     0.659071     0.473181     0.287417     0.130221            0
           0    0.0150285     0.126515     0.292252     0.487312     0.682221     0.847478     0.958065     0.997273     0.959251     0.849905     0.686003     0.492628     0.299355     0.135756            0
           0    0.0143719     0.121623     0.281076     0.468741     0.656259     0.815249     0.921643     0.959367     0.922792       0.8176     0.659924     0.473891     0.287957     0.130572            0
           0    0.0122086     0.107236     0.248642     0.415116     0.581478     0.722541     0.816948     0.850437     0.818015     0.724723     0.584877     0.419889      0.25501     0.115494            0
           0   0.00893109     0.085629     0.199985     0.334696     0.469352     0.583549     0.659993     0.687135     0.660936     0.585478     0.472353     0.338903     0.205582    0.0928554            0
           0   0.00513546    0.0602169      0.14264      0.23984     0.337045     0.419505     0.474724     0.494364     0.475508     0.421107     0.339536     0.243325     0.147262    0.0661549            0
           0   0.00155588    0.0350563    0.0855156     0.145135     0.204801      0.25544     0.289374     0.301481      0.28997     0.256659     0.206693     0.147778    0.0890143    0.0395355            0
           0 -0.000997817    0.0142714    0.0375669    0.0651852    0.0928618     0.116371     0.132146      0.13781     0.132533     0.117163    0.0940902    0.0669009     0.039838    0.0171846            0
           0            0            0            0            0            0            0            0            0            0            0            0            0            0            0            0
