           0            0            0            0            0            0            0            0            0            0            0            0            0            0            0            0
           0  -0.00663851  -0.00573518  -0.00264928   0.00171167   0.00641745    0.0105927    0.0135176    0.0147201    0.0140402    0.0116522   0.00804185     0.003941  0.000234456  -0.00213951            0
           0  -0.00666185    0.0058863    0.0269043    0.0526662    0.0789078     0.101423      0.11667     0.122295     0.117481     0.103068    0.0814349     0.056141    0.0314082    0.0115053            0
           0  -0.00515878     0.025024    0.0726296     0.129876     0.187682     0.237014     0.270237     0.282263     0.271316     0.239205     0.191053     0.134524    0.0786796    0.0326132            0
           0  -0.00279928    0.0482913     0.127186     0.221372     0.316153     0.396867     0.451105     0.470586      0.45242     0.399542     0.320278     0.227082     0.134661    0.0577488            0
           0 -0.000182153    0.0718763     0.182044     0.313096     0.444749     0.556742     0.631912     0.658807     0.633422     0.559818     0.449505     0.319706     0.190749    0.0829868            0
           0   0.00216796    0.0920438     0.228734     0.391024     0.553904     0.692377     0.785264     0.818425     0.786917     0.695749     0.559129     0.398312     0.238381     0.104449            0
           0   0.00383526      0.10566     0.260102     0.443282     0.627035     0.783202     0.887922     0.925265     0.889658     0.786746     0.632535     0.450973     0.270319     0.118866            0
           0     0.004553     0.110643      0.27138     0.461946     0.653068     0.815476     0.924365     0.963176     0.926116     0.819053     0.658626     0.469728     0.281736      0.12406            0
           0   0.00423368     0.106272     0.260905     0.444248     0.628129     0.784387     0.889155       0.9265     0.890852     0.787854     0.633517     0.451792     0.270944     0.119273            0
           0    0.0029804    0.0932915     0.230371     0.392991     0.556133     0.694789     0.787774     0.820942      0.78935     0.698008      0.56113     0.399981     0.239655     0.105279            0
           0   0.00107671    0.0738072     0.184575     0.316136     0.448193      0.56047     0.635793       0.6627     0.637186     0.563313     0.452601      0.32229     0.192722    0.0842735            0
           0  -0.00104175    0.0509806     0.130703     0.225593     0.320935     0.402047       0.4565     0.476002     0.457657     0.404406     0.324588      0.23068     0.137412    0.0595455            0
           0   -0.0028239    0.0285789    0.0772615     0.135427     0.193971     0.243832     0.277346     0.289405     0.278225     0.245622      0.19674     0.139274    0.0823175    0.0349978            0
           0   -0.0036284    0.0104547    0.0328154    0.0597328    0.0869183     0.110122     0.125757     0.131436     0.126327     0.111283    0.0887118    0.0622209    0.0360788     0.014589            0
           0            0            0            0            0            0            0            0            0            0            0            0            0            0            0            0
