           0            0            0            0            0            0            0            0            0            0            0            0            0            0            0            0
           0  -0.00755565  -0.00706667  -0.00427548  -9.8172e-05   0.00451297   0.00865653    0.0115892    0.0128234    0.0121938   0.00988104   0.00638695   0.00246618 -0.000973171  -0.00297777            0
           0  -0.00837619   0.00318804    0.0232957    0.0482583    0.0738465    0.0958854     0.110861     0.116436       0.1118    0.0977905    0.0767671    0.0522651    0.0284725   0.00961729            0
           0   -0.0078235    0.0206348    0.0664873      0.12206     0.178399     0.226594     0.259121     0.270963     0.260372     0.229134     0.182301     0.127434    0.0734672    0.0293668            0
           0  -0.00647825    0.0420649     0.118249     0.209754     0.302119     0.380923     0.433962     0.453098     0.435489     0.384028     0.306905     0.216373     0.126901    0.0529936            0
           0  -0.00482382    0.0638891     0.170409     0.297785     0.426081     0.535391     0.608861     0.635246     0.610618     0.538968     0.431607     0.305461     0.180508    0.0767683            0
           0  -0.00326508    0.0826006     0.214857     0.372635     0.531364     0.666503     0.757264     0.789774     0.759189     0.670428     0.537445     0.381111      0.22607    0.0970118            0
           0  -0.00211438    0.0952618      0.24475     0.422862     0.601936     0.754334     0.856645     0.893243     0.858668     0.758464     0.608343     0.431817     0.256641     0.110625            0
           0  -0.00156847    0.0999242     0.255528     0.440835     0.627094      0.78558      0.89196     0.929993     0.894003     0.789751     0.633572     0.449901     0.267589     0.115544            0
           0  -0.00168961    0.0959133     0.245603     0.423885     0.603092     0.755581      0.85794     0.894539      0.85992     0.759626     0.609373     0.432677     0.257298     0.111053            0
           0  -0.00239801    0.0839296     0.216595     0.374718     0.533717     0.669042     0.759899     0.792414     0.761738     0.672796     0.539543     0.382864     0.227409    0.0978852            0
           0   -0.0034778    0.0659488     0.173099     0.301006     0.429716     0.539313     0.612934     0.639325     0.614558     0.542628     0.434855     0.308174     0.182584    0.0781235            0
           0  -0.00459365    0.0449406     0.121996      0.21423     0.307167     0.386368     0.439617     0.458764     0.440966     0.389118     0.311423     0.220152     0.129797    0.0548887            0
           0  -0.00530954    0.0244496    0.0714334     0.127953     0.185037     0.233755     0.266561     0.278422     0.267585     0.235841     0.188261     0.132427     0.077304    0.0318877            0
           0  -0.00509179   0.00811559    0.0296311    0.0557749    0.0823031      0.10501     0.120349     0.125957     0.121013     0.106362    0.0843895    0.0586649    0.0334129    0.0128898            0
           0            0            0            0            0            0            0            0            0            0            0            0            0            0            0            0
