           0            0            0            0            0            0            0            0            0            0            0            0            0            0            0            0
           0  -0.00770425  -0.00728674  -0.00454911 -0.000407896   0.00418191   0.00831543    0.0112462    0.0124844    0.0118642   0.00956685   0.00609655   0.00221098   -0.0011788  -0.00311794            0
           0  -0.00866027   0.00272274    0.0226523    0.0474505    0.0728985    0.0948316     0.109744     0.115304     0.110704    0.0967789    0.0758832    0.0515439    0.0279386   0.00928356            0
           0  -0.00827078    0.0198609    0.0653626     0.120588     0.176612      0.22456     0.256932     0.268729     0.258211     0.227157     0.180602      0.12608    0.0724939    0.0287788            0
           0  -0.00710052     0.040953     0.116589     0.207534     0.299383     0.377773     0.430548     0.449603      0.43211     0.380948     0.304277       0.2143     0.125433    0.0521214            0
           0  -0.00561259    0.0624517     0.168229     0.294836     0.422415     0.531145     0.604243     0.630511     0.606039     0.534803     0.428067     0.302685     0.178556    0.0756194            0
           0  -0.00419093    0.0808935     0.212245     0.369076     0.526919     0.661337     0.751634     0.783997     0.753603     0.665353     0.533139     0.377746     0.223714     0.095632            0
           0  -0.00312986    0.0933774     0.241852       0.4189     0.596975      0.74856     0.850345     0.886775     0.852415     0.752785      0.60353     0.428062     0.254017     0.109092            0
           0  -0.00261395    0.0979797     0.252533     0.436734     0.621955     0.779595     0.885428     0.923285     0.887518     0.783863     0.628583     0.446011     0.264873      0.11396            0
           0  -0.00270105    0.0940349     0.242712     0.419931      0.59814     0.749816     0.851649      0.88808     0.853675     0.753955     0.604567     0.428927     0.254678     0.109523            0
           0  -0.00331546    0.0822349     0.213999     0.371176      0.52929     0.663895     0.754288     0.786655      0.75617     0.667737     0.535252     0.379511     0.225063    0.0965119            0
           0  -0.00425312    0.0645313     0.170944     0.298083     0.426079     0.535096     0.608344     0.634618     0.610006     0.538488     0.431337     0.305418     0.180647    0.0769848            0
           0  -0.00519623    0.0438574     0.120371     0.212049     0.304471     0.383258     0.436241     0.455306     0.437622     0.386071     0.308825     0.218107     0.128351    0.0540312            0
           0  -0.00572893     0.023716     0.070357     0.126533     0.183303     0.231772      0.26442     0.276234     0.265468     0.233907     0.186601     0.131109    0.0763606    0.0313203            0
           0  -0.00533653   0.00770636    0.0290534    0.0550359    0.0814221     0.104019      0.11929      0.12488      0.11997     0.105402    0.0835564    0.0579914    0.0329197    0.0125848            0
           0            0            0            0            0            0            0            0            0            0            0            0            0            0            0            0
