           0            0            0            0            0            0            0            0            0            0            0            0            0            0            0            0
           0  -0.00616541  -0.00506334  -0.00184545   0.00258841   0.00732234    0.0114971     0.014407    0.0155894    0.0148875     0.012472   0.00881877   0.00464575  0.000823012  -0.00172212            0
           0  -0.00579957   0.00718062    0.0285623    0.0546154    0.0810752     0.103736     0.119057     0.124685     0.119802     0.105249    0.0834007    0.0578173    0.0327205    0.0123827            0
           0  -0.00383839    0.0270701    0.0753487     0.133192     0.191493      0.24119     0.274626     0.286695     0.275616     0.243203     0.194591     0.137469    0.0809218    0.0340727            0
           0 -0.000992878    0.0511449     0.131059     0.226192     0.321789     0.403126      0.45774     0.477316     0.458946      0.40558     0.325575     0.231438     0.137932    0.0598481            0
           0    0.0020841    0.0754987     0.187024     0.319367     0.452153     0.565025     0.640737     0.667778     0.642121     0.567845     0.456515     0.325432     0.195015    0.0857036            0
           0   0.00481147    0.0962994     0.234629     0.398498     0.562779     0.702348     0.795916     0.829267      0.79743     0.705437     0.567567     0.405179     0.243475     0.107679            0
           0   0.00672452     0.110329     0.266596     0.451546     0.636877     0.794285      0.89978     0.937342     0.901369      0.79753     0.641915     0.458592     0.275958     0.122432            0
           0   0.00752338      0.11545     0.278075     0.470477     0.663239     0.826937     0.936633     0.975675     0.938236     0.830211     0.668326     0.477602      0.28756     0.127741            0
           0   0.00710855      0.11092     0.267372     0.452481     0.637938     0.795435     0.900977     0.938544      0.90253     0.798608     0.642869     0.459387     0.276565     0.122827            0
           0   0.00559411    0.0975027      0.23621     0.400402     0.564939     0.704689     0.798355     0.831715     0.799797     0.707634     0.569513       0.4068     0.244712     0.108484            0
           0   0.00329557    0.0773594     0.189467     0.322307     0.455491     0.568644      0.64451     0.671566     0.645784     0.571246     0.459526     0.327942      0.19693    0.0869519            0
           0  0.000695864    0.0537328     0.134451     0.230273     0.326423     0.408156     0.462988     0.482588     0.464046     0.410315     0.329768     0.234933     0.140601    0.0615899            0
           0  -0.00159988    0.0304845    0.0798094     0.138554     0.197587     0.247814     0.281546     0.293655      0.28235     0.249453     0.200123     0.142081    0.0844485    0.0363814            0
           0  -0.00290024    0.0115562    0.0342435    0.0614352    0.0888371     0.112194     0.127914     0.133606     0.128436     0.113257    0.0904809    0.0637177    0.0372415    0.0153623            0
           0            0            0            0            0            0            0            0            0            0            0            0            0            0            0            0
